Epoch	AverageEpRet	StdEpRet	MaxEpRet	MinEpRet	AverageTestEpRet	StdTestEpRet	MaxTestEpRet	MinTestEpRet	AverageTransferEpRet	StdTransferEpRet	MaxTransferEpRet	MinTransferEpRet	AverageRandomEpRet	StdRandomEpRet	MaxRandomEpRet	MinRandomEpRet	AverageAdvEpRet	StdAdvEpRet	MaxAdvEpRet	MinAdvEpRet	EpLen	TestEpLen	TransferEpLen	RandomEpLen	AdvEpLen	TotalEnvInteracts	AverageQ1Vals	StdQ1Vals	MaxQ1Vals	MinQ1Vals	AverageQ2Vals	StdQ2Vals	MaxQ2Vals	MinQ2Vals	AverageLogPi	StdLogPi	MaxLogPi	MinLogPi	LossPi	LossQ	Time
1	-31.003862	7.969646	-12.749835	-60.38439	1732.0576	46.252472	1827.6361	1621.9371	20.732044	14.876113	43.881508	-2.031715	1713.2317	62.21228	1784.3798	1589.6288	1754.3971	40.737694	1837.1566	1724.515	19.722773	1000.0	33.9	1000.0	1000.0	3999	7.0887227	6.1569076	26.864403	-11.978628	7.088491	6.157339	27.240574	-12.018278	-7.476548	2.8697338	12.827543	-21.897228	-10.5220375	1.326996	111.64883351325989
2	-60.47581	371.24487	-12.887253	-4828.096	1703.112	90.18376	1856.5327	1559.4368	17.062342	11.859103	37.134182	-0.6449724	1731.4869	70.29969	1843.5209	1639.6106	1683.4844	63.40711	1761.7634	1559.2236	24.126507	1000.0	48.1	1000.0	1000.0	7999	36.29987	28.812943	274.83887	-306.49017	36.299484	28.815289	271.84213	-308.90002	0.48821285	6.3992767	55.06205	-21.92208	-44.117092	17.60297	236.68352031707764
3	-53.852306	304.50513	9.949173	-4080.1104	1750.1735	95.172035	1904.3685	1588.7557	-20.447786	17.342522	0.73493284	-61.294964	1695.5742	65.27483	1829.1934	1626.8564	1694.0211	53.262234	1783.0338	1580.9274	22.647728	1000.0	49.8	1000.0	1000.0	11999	140.30806	73.94419	639.4279	-240.62288	140.30898	73.947334	634.3841	-241.22572	11.501176	8.892443	86.11523	-19.250957	-157.90588	105.5375	362.9372630119324
4	-18.448248	34.260498	48.773834	-204.17679	1687.7908	39.28366	1767.0796	1662.7585	18.36239	17.325691	39.42845	-24.428211	1595.3053	38.573578	1672.906	1569.2051	1716.959	90.28258	1864.9316	1569.5786	42.870968	1000.0	55.8	1000.0	1000.0	15999	166.9787	126.3946	1014.4218	-431.1149	166.97726	126.38948	1011.4814	-566.51715	10.447791	8.982109	221.319	-15.312162	-179.54225	168.50194	490.23555517196655
5	-47.35056	282.59277	27.868402	-2471.4785	1702.5742	75.43338	1882.7194	1575.2628	-12.673894	13.596853	4.118381	-38.089813	1513.0869	29.567558	1601.51	1499.211	1721.1539	46.568295	1780.7262	1676.5988	53.493332	1000.0	48.7	1000.0	1000.0	19999	147.90361	158.13495	1102.9028	-132.61346	147.90588	158.12524	1103.4392	-133.5544	8.595443	7.356104	86.11413	-15.929709	-157.68452	144.7512	617.5871889591217
6	-20.316425	25.444355	38.681576	-85.42775	1690.407	41.95031	1778.8918	1592.2426	22.241219	20.82832	44.38427	-23.72956	1593.9998	46.99795	1667.6144	1561.1256	1710.7924	56.049614	1790.219	1596.1598	39.81	1000.0	63.7	1000.0	1000.0	23999	124.6973	172.24117	1274.6068	-125.14352	124.69827	172.2362	1280.1888	-132.6372	6.845913	6.68609	96.74629	-16.94701	-132.62996	119.63957	745.2861044406891
7	-37.241238	224.28346	39.310734	-1938.7634	1692.8718	58.472824	1777.51	1580.6023	7.0021005	18.821215	32.815636	-34.008812	1618.4163	51.07899	1672.6791	1566.0992	1705.4576	98.54079	1870.9193	1483.3177	54.41892	1000.0	48.0	1000.0	1000.0	27999	109.47168	189.88483	1271.903	-124.78174	109.46889	189.8815	1290.2305	-151.04765	5.329972	6.55699	71.983894	-19.554722	-115.77565	125.780106	873.4973759651184
8	-1.2377466	21.001678	31.246492	-112.99442	1749.0164	67.79864	1910.5651	1688.5049	11.372207	13.665494	35.332165	-8.303608	1646.433	81.526306	1799.3292	1493.0236	1756.4197	72.843	1917.3654	1678.2755	52.103897	1000.0	48.1	1000.0	1000.0	31999	95.1818	190.0968	1263.3567	-124.31974	95.17812	190.09483	1272.4407	-138.12216	3.7566018	6.445979	72.95477	-20.54293	-100.2324	94.23339	1001.3538160324097
9	-17.690374	16.040272	23.80943	-96.43971	1776.419	66.06041	1830.0413	1628.0938	-2.919981	18.38795	46.447525	-26.87686	1610.5027	83.20968	1796.6421	1499.1172	1788.5144	66.8242	1933.506	1724.7244	41.53125	1000.0	42.7	1000.0	1000.0	35999	85.16586	198.84196	1341.7527	-125.820274	85.1648	198.83656	1326.9675	-149.93697	2.3622198	6.5051455	67.12906	-19.703861	-89.479164	91.13168	1128.633323431015
10	-9.870786	18.964094	36.59739	-49.97313	1717.2289	47.198906	1782.7191	1670.9943	4.1611776	24.376997	47.30331	-49.615677	1674.3457	92.9452	1850.0261	1540.2108	1714.4031	48.035374	1777.0391	1669.126	44.80899	1000.0	38.8	1000.0	1000.0	39999	74.47665	201.57927	1348.8914	-124.88179	74.47673	201.5743	1344.6302	-132.91699	1.1288805	6.5579743	76.37276	-19.922773	-78.16853	91.29595	1256.567630290985
11	-7.39054	22.681932	38.874382	-89.593475	1669.4651	48.249565	1721.3971	1609.0476	29.743307	14.086568	45.661922	0.3442441	1554.9392	48.997585	1664.6794	1446.4128	1685.4008	94.6106	1823.1967	1496.0459	43.20652	1000.0	53.2	1000.0	1000.0	43999	69.42848	208.38385	1415.1093	-136.23232	69.42621	208.3788	1388.7336	-152.67471	0.078020446	6.558618	68.43831	-20.303919	-72.82016	84.50406	1383.8861501216888
12	-6.8852034	24.108269	35.113655	-90.73715	1727.3044	67.09478	1877.0356	1670.1886	0.3168853	10.374157	24.42256	-12.505967	1647.3568	80.26434	1752.5382	1535.8605	1729.415	65.38984	1862.6072	1661.0619	49.30488	1000.0	36.7	1000.0	1000.0	47999	69.23478	231.54697	1825.0564	-126.587654	69.23387	231.53543	1829.6943	-142.11462	-0.58866537	6.862741	89.648186	-23.90563	-72.74123	95.32691	1511.855149269104
13	-47.693886	354.05637	38.395676	-3169.879	1694.5896	77.31261	1828.8838	1600.8684	13.403055	18.193693	45.959595	-25.76219	1637.5326	78.86461	1767.9426	1563.5958	1656.9261	79.4739	1823.909	1532.8209	50.113926	1000.0	43.9	1000.0	1000.0	51999	82.14219	271.88748	1857.546	-130.60068	82.13888	271.88312	1866.0778	-147.91782	0.4589625	7.2696614	72.79061	-20.030138	-86.29145	161.64493	1638.4011449813843
14	-3.7494376	24.963411	53.67149	-54.240723	1705.3834	81.94248	1874.906	1573.7737	14.178337	14.965171	37.79564	-6.887751	1496.567	67.062706	1645.4501	1439.7715	1698.6732	49.11881	1775.1609	1657.6223	60.179104	1000.0	50.3	1000.0	1000.0	55999	99.4255	296.80072	2236.0286	-128.07756	99.42147	296.79538	2216.9644	-185.03606	2.7325356	7.9159684	87.942184	-20.2033	-104.89162	181.73059	1766.1514925956726
15	-14.077158	100.15846	781.96216	-67.39315	1755.3079	62.47224	1879.1888	1677.1195	-20.256617	24.188284	24.619856	-41.928604	1605.8542	49.69057	1650.1317	1541.0315	1712.4265	89.46273	1884.6813	1585.5762	59.80597	1000.0	73.4	1000.0	1000.0	59999	113.33743	334.21536	2343.0623	-114.30582	113.33459	334.21213	2339.0227	-152.01878	3.2336335	8.220292	89.45772	-19.913578	-118.7719	319.78622	1894.099056005478
16	-26.911097	32.957703	24.258106	-260.66187	1721.78	68.30913	1874.2788	1662.5979	-11.417296	15.82438	14.637602	-39.40614	1572.0391	55.055843	1633.607	1508.3856	1693.8665	64.91021	1866.1384	1653.794	50.291138	1000.0	57.5	1000.0	1000.0	63999	115.90348	353.4951	2500.8462	-114.168594	115.90555	353.4946	2516.1848	-143.3053	3.1337037	8.267702	129.14919	-20.150534	-121.14926	435.12756	2021.7301268577576
17	1.2613231	188.21172	1435.4496	-76.77187	1659.4508	49.298267	1759.22	1547.026	-7.5235596	31.226017	59.466553	-42.800095	1658.0437	83.79877	1806.4557	1589.9916	1709.8522	68.81631	1853.2528	1631.1615	67.26667	1000.0	69.0	1000.0	1000.0	67999	137.1632	382.2659	2607.268	-112.17193	137.16785	382.24878	2599.9695	-157.62227	5.933397	9.138658	148.64957	-21.740107	-144.9228	639.71295	2150.2454171180725
18	-50.81385	358.83453	78.73987	-2911.6072	1576.1053	102.51241	1676.0372	1350.0471	-3.5999913	32.504425	62.699257	-56.477898	1672.484	80.98243	1846.5969	1537.1293	1588.9225	64.90887	1676.9188	1451.2922	60.692307	1000.0	61.8	1000.0	1000.0	71999	176.19478	399.79486	2787.7498	-137.97206	176.19052	399.79968	2752.8489	-159.99423	9.305363	9.574686	172.3392	-20.138746	-187.47464	961.2143	2278.818993806839
19	-16.169483	28.144337	61.493237	-123.59861	1602.3167	51.30921	1685.7606	1503.603	-22.27434	17.142582	15.494471	-52.587814	1583.429	99.8816	1762.4998	1454.9796	1586.9746	58.504025	1688.0847	1465.8453	51.98718	1000.0	40.8	1000.0	1000.0	75999	233.6371	427.75925	3332.1057	-152.03595	233.6228	427.7436	3284.1863	-202.98784	14.048902	10.310132	222.01312	-18.6748	-249.07523	1453.5554	2416.8218009471893
20	-47.325325	26.802656	44.465614	-108.69244	1759.1764	66.50318	1904.9951	1701.2582	-54.370136	11.10305	-39.842133	-75.72957	1643.294	82.00527	1810.167	1501.6791	1766.2699	77.54568	1906.0394	1686.6055	48.634148	1000.0	25.2	1000.0	1000.0	79999	295.85028	474.66022	3993.7761	-141.7232	295.85043	474.64417	3967.7742	-186.33939	15.8832035	10.258031	233.7933	-20.103394	-313.25052	1857.3838	2544.6139125823975
21	-43.810486	24.19983	12.850016	-128.26059	1715.6022	93.46269	1862.8878	1557.0112	-36.16391	21.213104	18.735706	-68.38727	1664.7955	67.189156	1733.3518	1523.11	1695.4226	53.062096	1766.4055	1641.5397	46.0	1000.0	56.3	1000.0	1000.0	83999	323.5112	547.7226	4597.884	-177.7675	323.50497	547.7037	4696.41	-197.5247	16.113659	10.669083	229.47603	-17.357765	-340.70914	2227.5605	2674.2773241996765
22	-97.33646	715.9404	77.562416	-5545.3667	1664.5248	70.13308	1767.5265	1554.0211	-1.0282032	43.439323	57.88488	-73.57441	1697.2512	68.653854	1765.1938	1558.722	1714.82	70.39908	1863.434	1645.1454	67.71186	1000.0	67.0	1000.0	1000.0	87999	352.80676	640.58923	4924.4233	-187.17712	352.79068	640.5956	4911.9214	-197.20462	16.513422	11.061164	258.22687	-18.47725	-370.44968	3430.6626	2803.636188030243
23	-31.605865	32.232677	55.267765	-105.698524	1715.0541	67.899185	1860.9951	1637.9952	-44.125824	18.362501	-20.928902	-75.32374	1603.7019	61.91814	1688.4027	1480.0653	1690.1594	47.86178	1759.3129	1639.058	63.365078	1000.0	44.2	1000.0	1000.0	91999	373.0014	674.8395	5177.3066	-211.88518	372.99557	674.8584	5223.8364	-181.68544	17.521042	10.730095	294.81702	-15.357749	-391.79123	3457.216	2943.6163487434387
24	-98.12929	409.6013	66.2686	-3284.4114	1631.8103	62.130173	1750.9369	1559.952	-43.73286	31.8265	16.68486	-96.69268	1705.4844	91.51339	1844.7789	1534.5461	1585.2347	70.00331	1691.3104	1446.379	64.03226	1000.0	61.3	1000.0	1000.0	95999	386.3654	757.2427	5826.8364	-267.30408	386.36435	757.2415	5845.416	-234.89296	17.505054	11.033068	265.33963	-20.688425	-404.732	3667.0571	3074.805872440338
25	-47.76158	42.718388	90.52931	-282.97818	1529.3873	59.95111	1642.3431	1444.2396	-42.750484	20.14144	-1.7507424	-74.7703	1655.4563	65.78557	1731.5419	1515.6798	1583.5984	42.35879	1675.4259	1549.1893	58.347828	1000.0	51.3	1000.0	1000.0	99999	389.0797	840.7663	6534.2935	-348.18088	389.0575	840.7635	6532.5244	-233.65974	17.060825	10.993311	316.23267	-16.50497	-406.68045	3857.4077	3202.5504717826843
26	-35.30064	38.689182	78.40726	-139.19714	1668.7366	59.986435	1756.4683	1560.061	-20.836985	36.440525	50.535645	-91.09842	1599.8628	45.36632	1705.0297	1504.1052	1716.1396	67.968475	1867.9003	1611.6174	57.057144	1000.0	58.9	1000.0	1000.0	103999	385.383	948.86255	7405.2007	-305.90515	385.37384	948.8887	7304.695	-235.31113	16.461832	11.315658	316.24533	-18.787193	-402.83636	4436.266	3330.676504135132
27	-39.276527	34.657665	68.92366	-121.43859	1586.3811	43.901436	1673.6427	1557.3312	-1.2475457	32.93232	60.41146	-44.471764	1645.4457	67.31113	1710.1865	1495.6417	1565.2761	48.68492	1675.3569	1459.6881	61.415386	1000.0	61.3	1000.0	1000.0	107999	399.95264	1085.4828	8583.85	-261.4185	399.93765	1085.5399	8466.018	-214.15825	17.078283	11.856088	285.93045	-18.96407	-417.8296	5591.7915	3459.7311203479767
28	-86.61008	392.8022	37.61225	-3780.999	1640.7438	64.314445	1785.5353	1590.5225	15.778549	21.190342	44.465508	-39.889637	1636.0743	67.90333	1818.8102	1592.6815	1585.6051	69.114395	1688.9662	1488.8727	44.11111	1000.0	50.4	1000.0	1000.0	111999	465.796	1250.1636	10027.932	-270.3494	465.77097	1250.218	9995.6875	-287.4152	19.823875	12.792641	325.64175	-17.619423	-491.72098	8278.0625	3587.432502746582
29	-17.623034	39.76424	59.173153	-96.49832	1642.069	52.3046	1698.4479	1555.8652	-33.675816	40.21846	15.653691	-101.7074	1563.7559	81.25935	1705.4991	1493.7848	1609.4915	46.13303	1696.554	1561.4429	66.55738	1000.0	65.3	1000.0	1000.0	115999	529.80023	1395.4373	11897.079	-355.56805	529.7669	1395.4866	11935.966	-297.51703	20.93521	12.938507	312.03912	-17.269255	-555.7804	9087.776	3715.876566171646
30	24.821077	322.22833	2503.0564	-123.30165	1639.595	70.666885	1745.0204	1491.1709	-38.56003	32.904972	15.311459	-95.29616	1566.624	115.29839	1743.5569	1409.5226	1644.4994	89.323654	1836.7472	1518.0798	65.65574	1000.0	75.1	1000.0	1000.0	119999	629.7337	1670.0061	13909.464	-457.47754	629.7148	1670.069	13823.833	-449.4067	23.558727	13.937071	433.3914	-18.066948	-659.5243	15122.497	3843.832276582718
31	-40.748734	25.093992	58.97847	-179.53896	1640.8168	91.62878	1836.6344	1508.2612	-55.515656	19.614765	-27.515984	-101.18765	1623.8715	55.919724	1735.7836	1546.9198	1629.3123	76.82847	1740.2941	1521.7892	37.160378	1000.0	52.5	1000.0	1000.0	123999	793.173	2010.2375	15956.384	-478.86856	793.13214	2010.2546	15940.524	-418.75858	25.987368	14.412936	535.31494	-13.866955	-833.6395	24705.896	3970.766640663147
32	12.79888	292.20154	2277.6287	-119.057396	1559.3914	75.64247	1683.1395	1435.3984	-71.611984	18.572035	-31.520964	-98.430885	1606.9369	63.12767	1716.5139	1512.4946	1592.4524	79.31012	1684.5529	1439.0007	65.69355	1000.0	63.7	1000.0	1000.0	127999	1025.6642	2293.5198	17318.207	-563.2301	1025.5771	2293.4673	17264.365	-469.08115	31.506273	16.248318	480.65656	-13.379763	-1085.6405	30269.152	4098.448803186417
33	-115.86846	445.20422	87.84453	-3305.6187	1636.3147	76.08472	1728.637	1475.729	-73.645676	46.723606	29.913591	-142.64172	1579.7404	101.77151	1749.8734	1344.1122	1690.7816	64.52459	1823.1241	1605.3517	74.71698	1000.0	60.6	1000.0	1000.0	131999	1206.4507	2592.5269	19040.67	-794.36914	1206.4283	2592.4895	19121.826	-627.69495	33.383114	16.85252	571.682	-12.498074	-1262.0203	32128.01	4225.737750053406
34	-172.163	725.2845	12.671389	-5591.0947	1690.7068	67.71676	1878.8413	1636.2751	-88.761154	35.484776	-35.768787	-139.01025	1566.3407	27.330196	1647.6243	1552.2385	1680.3811	86.33725	1854.2959	1527.1294	70.24561	1000.0	67.3	1000.0	1000.0	135999	1254.4772	2883.3633	20645.19	-755.75653	1254.4637	2883.3933	20412.611	-748.88635	33.085285	18.024878	828.5794	-14.172712	-1302.7843	39726.92	4354.5039665699005
35	-52.323444	33.276707	63.895424	-128.85544	1575.6447	110.771706	1735.9413	1299.8346	-43.143883	5.52591	-34.010674	-52.83496	1606.011	90.221695	1754.2048	1459.4746	1601.1554	98.106255	1743.0795	1504.4698	62.076923	1000.0	49.1	1000.0	1000.0	139999	1267.6893	3153.6304	23068.99	-848.2349	1267.6499	3153.7126	22897.018	-897.7791	31.843204	17.540358	835.39966	-8.321936	-1315.3822	40410.13	4481.991489887238
36	-26.359915	241.80519	1993.3785	-140.56636	1696.3201	49.4537	1752.2738	1593.9299	-45.12634	41.37042	25.447361	-115.43705	1706.0863	76.48163	1810.8477	1601.031	1637.9685	82.700874	1728.3491	1483.0098	55.09722	1000.0	67.8	1000.0	1000.0	143999	1298.7731	3485.8733	25942.344	-1109.3845	1298.786	3485.8608	25731.701	-866.5592	32.019825	18.730179	912.9651	-10.037064	-1347.466	50958.72	4658.993342638016
37	-33.090553	35.974117	74.785904	-161.93102	1635.395	79.04663	1797.2291	1520.1957	-12.806745	30.243027	19.783367	-85.385796	1549.3693	52.635303	1616.9753	1497.4661	1605.6609	51.131603	1671.1917	1527.2672	62.875	1000.0	56.9	1000.0	1000.0	147999	1420.3762	3876.649	28762.781	-1130.4922	1420.4531	3876.5974	28547.146	-1032.2516	33.18994	18.78238	1001.1472	-13.2753525	-1476.2515	70721.1	4784.80986738205
38	-95.28189	518.3526	105.97425	-4067.9614	1524.9037	67.14576	1702.7366	1484.8268	-15.78242	38.422028	37.60384	-85.55551	1578.1981	64.67416	1712.2808	1506.7683	1509.7275	71.6344	1601.7067	1391.6864	66.083336	1000.0	73.7	1000.0	1000.0	151999	1641.6865	4329.455	33339.97	-1219.21	1641.6517	4329.477	33188.93	-1275.2554	37.11484	20.429823	1225.927	-12.110043	-1709.2092	88510.83	4910.68634724617
39	-47.61156	46.68062	75.06639	-144.84627	1596.5227	109.48663	1798.3018	1453.6399	-62.119507	45.98957	50.28106	-126.11904	1525.9569	43.73294	1596.262	1482.1282	1623.8805	76.8248	1811.6708	1548.9808	64.01588	1000.0	57.1	1000.0	1000.0	155999	1857.4592	4770.779	37216.76	-1337.2323	1857.4425	4770.758	36868.06	-1143.4303	37.825375	20.938654	1172.3663	-7.835861	-1932.2207	100025.57	5034.424659013748
40	-130.63397	539.5457	48.305927	-4540.0234	1615.5178	57.184795	1697.6505	1550.2736	-60.573143	23.435219	-12.654362	-94.017845	1508.6552	32.18622	1603.1958	1488.0033	1612.8969	62.07219	1681.4708	1486.4789	58.42647	1000.0	66.1	1000.0	1000.0	159999	2012.5035	5279.5693	42967.84	-1116.0408	2012.5035	5279.7207	42533.164	-1004.743	39.33056	22.711056	1280.0073	-11.733243	-2090.876	133906.62	5159.844320774078
41	-73.04523	39.27065	30.034168	-189.06189	1584.2434	122.31371	1750.4877	1293.7749	-72.762375	29.667265	-25.865265	-145.49443	1601.1016	73.944145	1718.1334	1495.5331	1611.757	94.15468	1787.4285	1469.6511	53.144737	1000.0	58.3	1000.0	1000.0	163999	2106.9094	5983.6465	50076.465	-1635.215	2106.9133	5983.911	50275.246	-1707.8668	37.48213	22.37651	1295.1122	-4.6164236	-2184.9197	134239.97	5283.645056247711
42	-104.52586	261.0842	-7.837623	-2158.5964	1633.7701	65.20325	1699.3289	1510.7952	-37.57894	36.543785	40.07095	-83.54332	1576.364	68.42223	1642.4049	1436.3922	1660.1946	46.654636	1714.4043	1602.723	61.484375	1000.0	56.8	1000.0	1000.0	167999	2311.4956	6899.314	57057.586	-1876.7518	2311.5908	6899.21	56565.957	-1689.292	38.99672	24.786171	1428.9209	-7.203678	-2403.259	214509.06	5408.615084648132
43	-128.3263	555.28973	40.059673	-4345.788	1671.098	75.50362	1822.9854	1578.7574	-61.006573	28.279755	-36.534576	-134.37508	1566.5715	76.46712	1693.465	1492.1747	1653.4294	79.4683	1749.7068	1479.5707	68.49152	1000.0	71.6	1000.0	1000.0	171999	2525.358	7832.1685	61415.5	-2435.476	2525.2935	7832.0244	60724.133	-1956.4279	40.988007	26.904438	1758.5083	-8.198992	-2613.2576	230823.02	5534.235357046127
44	-56.97916	31.264465	3.873001	-142.41132	1650.6855	103.08343	1798.282	1427.4727	-37.046066	13.2900915	-5.8324194	-55.885113	1505.4673	67.73608	1587.8978	1370.2632	1670.8142	52.63529	1751.0872	1599.4045	47.30588	1000.0	30.6	1000.0	1000.0	175999	2658.8232	8604.666	67106.34	-2304.4724	2658.8958	8604.532	64654.9	-2245.4885	42.21957	28.686184	1904.0364	-3.7044106	-2751.47	291925.3	5657.694849014282
45	-125.710236	352.5313	-19.132383	-3054.687	1520.7056	72.20042	1661.6273	1383.1055	-66.221924	22.10506	-24.63982	-95.885506	1462.3572	48.188324	1543.8717	1421.1271	1503.4724	86.11292	1697.9307	1354.4519	55.71831	1000.0	58.6	1000.0	1000.0	179999	2923.9905	9710.606	72480.05	-3271.0774	2924.0332	9710.524	72141.9	-2678.077	44.064667	30.72939	1983.8573	-5.383132	-3029.4854	399294.28	5781.485014915466
46	-115.76844	534.7378	-8.097809	-6109.1514	1528.1692	43.974415	1603.3749	1486.8896	-103.03284	72.93747	-53.761925	-304.9781	1577.4667	67.02379	1653.7642	1439.7103	1585.3428	72.19834	1731.9067	1491.5219	31.566929	1000.0	51.9	1000.0	1000.0	183999	3315.9849	10828.444	81755.36	-3120.615	3315.9993	10828.192	82430.234	-2616.6855	53.071667	38.464966	2606.4004	-1.1442356	-3441.0645	548445.3	5905.8079788684845
47	-59.592735	41.89989	32.624283	-199.10342	1630.4114	79.924835	1794.9803	1514.0233	-17.783474	30.704842	39.089	-55.92103	1581.3812	46.840897	1658.2249	1541.9171	1612.616	66.56055	1684.522	1500.297	60.0	1000.0	67.8	1000.0	1000.0	187999	3699.8276	11967.191	91625.35	-2786.905	3699.9082	11966.709	92001.73	-3026.422	52.431847	40.211884	2880.2732	-3.37597	-3830.4146	576103.4	6031.792800426483
48	-39.71586	36.808212	71.00765	-153.16281	1681.9342	75.320694	1857.2382	1548.671	-53.789543	67.4527	45.248035	-184.52496	1572.2001	74.22646	1750.8658	1455.6587	1684.1439	75.6909	1797.1273	1527.1097	60.5	1000.0	72.9	1000.0	1000.0	191999	4286.349	13536.741	101530.695	-3094.548	4286.155	13536.471	101219.27	-2754.7134	52.313164	40.34612	3150.705	-1.5840778	-4451.145	689676.44	6157.116208791733
49	-6.61968	204.66237	1633.5005	-145.53738	1545.4099	44.635815	1630.4187	1501.4172	-44.143578	17.030865	-27.883976	-90.27535	1486.9928	88.173256	1610.2059	1389.2845	1567.5869	80.51232	1712.6671	1437.892	59.83582	1000.0	40.8	1000.0	1000.0	195999	5139.3438	15181.367	108966.9	-3382.0815	5138.992	15181.049	109860.95	-3304.4016	63.956467	47.332317	3144.1	0.5401101	-5342.922	898888.2	6282.143404006958
50	-93.12625	411.9981	-15.338699	-4080.9165	1581.3013	81.40534	1693.5642	1386.613	-60.87887	27.828238	-10.688579	-111.28117	1508.0972	81.23784	1700.5961	1367.99	1571.066	93.37354	1682.6398	1357.785	42.189472	1000.0	64.8	1000.0	1000.0	199999	5955.5615	16529.654	115369.72	-3604.4424	5955.4126	16529.65	114135.65	-3007.62	82.28763	60.13297	3379.4348	-2.5981445	-6163.517	1111044.1	6407.048330783844
51	-85.28998	51.371693	8.505829	-310.67944	1597.2836	68.65732	1733.8683	1519.3722	-35.202175	19.026236	-11.211433	-72.1949	1594.0802	66.85199	1758.5814	1516.7109	1624.1511	72.07871	1790.5565	1547.9187	62.40625	1000.0	54.9	1000.0	1000.0	203999	6090.3726	17324.287	120723.25	-4822.667	6090.58	17324.322	119889.516	-5029.303	78.24033	58.30282	3344.7227	2.3243666	-6297.7983	1560407.8	6530.90300488472
52	-76.66349	152.36827	972.5693	-284.96628	1461.2844	82.92349	1581.8087	1341.7279	-92.94078	30.706013	-51.433266	-152.89955	1550.7535	69.8249	1607.2153	1390.2369	1493.6135	75.937965	1581.5372	1366.0656	71.39286	1000.0	59.1	1000.0	1000.0	207999	6528.044	18601.166	127031.99	-4439.856	6527.813	18601.021	127419.3	-3865.114	76.170746	60.90414	3749.6538	-0.1786735	-6755.2505	1500833.8	6655.29464173317
53	-126.949646	130.27933	13.831547	-1118.6323	1504.1927	44.701817	1568.6334	1455.4567	-120.28461	29.165024	-86.581116	-168.34956	1513.0637	90.76591	1678.5443	1349.3973	1489.9495	59.130825	1572.8773	1384.8706	58.558823	1000.0	37.1	1000.0	1000.0	211999	7015.3857	19957.818	138050.36	-6970.486	7015.0713	19958.354	138172.67	-7234.4487	80.89255	61.7881	3612.1514	5.251254	-7275.5586	2078005.2	6783.355677843094
54	-101.03068	45.61303	-11.207004	-220.7912	1690.7156	89.8745	1863.2926	1513.7777	-105.69712	40.04079	-51.678387	-178.93663	1581.4552	47.28301	1670.3889	1466.3835	1649.0111	116.55028	1822.1344	1367.6583	56.140846	1000.0	58.4	1000.0	1000.0	215999	7695.6636	21031.35	149560.84	-6088.0884	7695.143	21031.842	149084.81	-6780.1577	90.67022	68.67951	3456.0332	4.4844623	-8002.523	2571210.2	6907.356654882431
55	-58.483	38.814327	22.2098	-208.58917	1557.3054	49.76426	1658.8284	1446.1775	-68.64183	49.502773	1.9511554	-171.94298	1575.8169	87.5051	1760.531	1419.3383	1571.1959	67.107056	1661.1514	1412.3596	59.35294	1000.0	60.8	1000.0	1000.0	219999	8497.1875	22662.385	161319.73	-6594.841	8496.614	22662.951	162368.08	-7068.158	92.9307	69.191605	3076.5728	8.576377	-8794.96	2366647.2	7032.623485326767
56	-112.53595	505.73383	63.19231	-3812.8955	1664.7295	80.35358	1751.4575	1487.2999	-58.85324	47.969997	16.789644	-129.36044	1554.9353	63.027523	1639.3783	1420.246	1653.1989	61.738773	1749.0365	1590.9656	72.836365	1000.0	61.7	1000.0	1000.0	223999	8949.173	24055.125	169057.77	-8665.636	8949.174	24055.213	168305.92	-8701.843	86.8936	65.932076	3317.475	6.682523	-9261.751	2955014.2	7157.92335152626
57	-136.9432	546.28033	24.050041	-4359.11	1470.9415	45.63997	1547.6289	1422.9224	-66.40556	51.289806	21.758158	-159.84398	1529.9072	77.37973	1679.6635	1392.3319	1468.0087	36.885216	1550.3229	1422.0293	64.2459	1000.0	57.2	1000.0	1000.0	227999	9430.457	25393.508	175273.05	-9086.884	9430.32	25394.277	172265.7	-8102.955	85.0071	67.569305	3441.1895	1.6867344	-9765.254	3067165.8	7281.953081130981
58	-78.83088	152.40503	81.55277	-1173.9174	1459.255	90.66349	1633.924	1327.1792	-84.22766	23.091684	-47.6376	-133.92285	1646.4346	47.86649	1706.0857	1591.2467	1426.5822	33.837685	1523.614	1401.1252	68.52542	1000.0	62.9	1000.0	1000.0	231999	9997.164	26286.34	180475.14	-8711.918	9997.001	26286.578	178281.08	-7422.891	86.36697	67.20813	3469.7517	2.6388183	-10374.966	4045081.2	7406.069809436798
59	-61.105923	38.938812	7.487515	-185.89304	1505.7338	27.387806	1571.3392	1454.6316	-24.876257	15.731001	-6.1153746	-52.5265	1647.3398	55.835667	1724.1476	1594.0785	1471.2754	155.7335	1754.2035	1306.2113	58.594204	1000.0	43.2	1000.0	1000.0	235999	10577.236	27033.498	191719.17	-8338.349	10577.168	27034.271	191905.16	-7602.383	92.74524	75.827225	3941.2583	5.3916907	-10976.121	3523220.5	7534.951333284378
60	-71.87032	40.78536	7.558301	-226.19609	1492.1898	28.909924	1576.6605	1469.336	-64.30451	23.175938	-35.28136	-104.01714	1638.3016	110.81652	1808.3146	1474.7668	1524.2249	81.26135	1685.8915	1374.7053	40.639175	1000.0	55.9	1000.0	1000.0	239999	11098.716	28131.701	198840.95	-8624.837	11098.262	28131.717	198871.02	-8407.282	104.79987	81.288216	3894.871	11.531937	-11485.019	4195610.5	7661.4812433719635
61	-185.00026	821.8607	11.403146	-6649.2485	1490.431	80.22515	1591.566	1342.3811	-48.280815	45.25519	32.019634	-117.55481	1432.821	71.37923	1552.174	1334.9843	1479.0549	81.820656	1604.8691	1337.01	63.666668	1000.0	68.6	1000.0	1000.0	243999	11439.368	29002.816	210187.56	-8350.088	11439.204	29003.055	210119.78	-7999.711	113.10142	91.88113	4047.3667	9.239179	-11828.775	4131774.2	7785.900415897369
62	-75.90069	51.596252	61.721107	-227.13092	1511.3849	54.70581	1636.6196	1401.5837	-37.603973	62.754753	39.32148	-188.82137	1617.8369	88.14397	1796.0242	1527.9181	1557.7278	50.850613	1616.1605	1492.04	64.854836	1000.0	74.0	1000.0	1000.0	247999	11206.975	29946.889	223310.67	-8804.096	11206.714	29947.469	222770.88	-7092.1025	106.40715	88.6839	4335.14	10.320604	-11565.118	4234897.0	7924.955587863922
63	-120.39835	427.8948	32.561695	-3447.3376	1631.6078	92.3043	1787.2698	1461.0055	-63.35554	66.23545	37.0872	-156.54758	1596.3014	79.26649	1778.611	1469.8727	1625.3204	54.86156	1748.3505	1565.8671	64.951614	1000.0	66.4	1000.0	1000.0	251999	11135.831	31370.703	229604.9	-8144.4863	11135.391	31371.504	231095.28	-7327.992	101.96759	84.8553	4367.277	9.433206	-11482.147	4576455.5	8051.9403860569
64	-68.16922	46.369312	20.636496	-173.55994	1610.8545	57.56964	1732.3873	1505.7334	-60.746624	26.818827	-21.615007	-112.69508	1665.6367	67.308586	1807.7499	1601.226	1673.5345	66.933014	1753.9681	1523.8525	63.11111	1000.0	60.0	1000.0	1000.0	255999	11055.618	32751.229	245918.2	-7570.85	11055.184	32752.232	243667.83	-7067.253	98.12662	83.5101	4451.6465	9.155773	-11405.425	5336217.0	8177.339094400406
65	-66.70145	43.189972	36.62848	-250.76268	1584.1946	67.001915	1706.746	1498.2549	-32.76351	27.692463	2.1309347	-96.29197	1605.8441	66.88659	1744.0602	1541.8295	1581.8347	50.6344	1645.0378	1509.0789	60.28788	1000.0	60.8	1000.0	1000.0	259999	11086.545	34406.68	256667.42	-10281.83	11086.211	34407.316	260888.16	-6826.547	97.01276	83.91661	4725.6777	13.143202	-11430.786	5570145.5	8304.386602640152
66	-64.57593	40.751366	-2.8453898	-198.92215	1693.679	74.342896	1791.0238	1540.7963	-47.068127	46.69405	18.805538	-150.93088	1605.1531	66.5558	1755.758	1538.7632	1705.3336	95.5133	1908.583	1504.5563	59.367645	1000.0	68.5	1000.0	1000.0	263999	11380.852	36106.62	274142.62	-7707.1724	11380.654	36108.066	275122.6	-5925.034	103.8116	88.663345	4673.415	8.675872	-11743.184	5568268.5	8433.01616024971
67	-128.27885	569.8822	28.549553	-4779.4624	1496.0769	49.85428	1589.6727	1375.4954	-39.11767	42.913193	30.395006	-106.15318	1552.6794	50.644608	1610.5542	1490.2047	1566.9738	83.34624	1724.8063	1475.7471	58.617645	1000.0	65.1	1000.0	1000.0	267999	12141.632	38866.605	293181.78	-9687.741	12141.07	38867.254	290341.1	-8969.606	102.22894	90.94811	4473.684	10.38805	-12511.854	6640638.0	8567.800406694412
68	-26.212143	230.46948	1790.877	-158.25179	1573.4507	68.86254	1745.5452	1479.573	-73.970924	20.628143	-51.769756	-129.46106	1498.6003	94.28685	1603.4474	1255.3583	1650.9082	73.67435	1811.6235	1550.8207	61.661537	1000.0	67.5	1000.0	1000.0	271999	13057.051	41341.1	307299.94	-9246.16	13056.939	41343.082	309876.5	-9090.649	105.92101	92.26459	4698.427	13.20834	-13479.363	7257540.0	8692.621059179306
69	-130.41756	382.01382	11.881181	-3118.4473	1502.9772	47.537655	1552.9961	1432.1836	-102.921036	35.621307	-28.739723	-156.37134	1436.175	85.18	1617.4025	1314.4647	1505.0007	72.456696	1649.2109	1409.2018	62.396824	1000.0	56.8	1000.0	1000.0	275999	14032.316	43504.383	324553.4	-12145.195	14031.8955	43505.59	334767.5	-9579.092	116.26638	96.87028	4379.315	13.003666	-14504.938	7660276.5	8819.898165941238
70	-63.598347	274.22046	2088.8967	-254.36868	1525.5427	57.03765	1640.7676	1420.772	-123.57743	38.280216	-71.61125	-212.96053	1574.8217	48.722397	1629.2473	1514.9723	1536.9976	81.483536	1683.891	1398.4591	63.625	1000.0	58.7	1000.0	1000.0	279999	14556.716	45901.38	322856.8	-11229.816	14557.156	45901.164	332548.28	-9302.684	122.11784	108.148964	5524.8335	14.320272	-15017.124	8264344.5	8944.607661008835
71	-143.52559	243.51833	-22.729757	-2147.44	1447.8889	71.89449	1521.5009	1321.7915	-68.923256	39.50968	-27.549648	-162.00735	1511.3182	103.17928	1653.6111	1336.7585	1461.6646	71.49717	1621.0132	1400.8319	55.971832	1000.0	43.3	1000.0	1000.0	283999	15091.447	47906.684	337929.12	-12071.606	15091.226	47908.387	340017.8	-22540.59	141.52306	122.31707	5599.1904	13.666552	-15590.001	11423744.0	9068.452924966812
72	-112.2103	360.53796	5.41173	-3194.0972	1470.1901	50.50504	1563.4503	1354.8829	-34.099068	17.168283	-4.873471	-71.16549	1458.3188	61.458694	1585.5023	1352.7496	1528.9001	49.74555	1586.132	1438.0981	53.626667	1000.0	35.9	1000.0	1000.0	287999	16186.766	49336.99	356560.28	-13747.047	16185.715	49337.973	359417.12	-11052.276	161.19215	132.70255	5038.7944	16.115225	-16733.697	12632885.0	9192.89480805397
73	-35.59489	109.10632	1072.006	-103.75008	1608.9437	126.002785	1767.7875	1295.7987	-77.069016	15.177533	-54.57576	-108.32029	1531.958	49.430206	1589.5037	1470.6625	1628.6003	41.770992	1687.2743	1551.7908	37.30841	1000.0	37.4	1000.0	1000.0	291999	18020.541	51319.574	368609.62	-14627.511	18019.002	51321.26	371483.2	-13809.787	179.86247	137.02425	4821.1104	11.6745205	-18642.365	13294565.0	9317.936315059662
74	-70.661415	40.947063	13.553417	-287.57043	1525.0442	68.4734	1650.3301	1443.8776	-105.0438	53.535896	-38.854965	-242.32666	1463.5376	45.434334	1535.9777	1428.0107	1483.8159	45.970848	1544.3414	1429.8915	40.39394	1000.0	65.6	1000.0	1000.0	295999	18569.129	52961.473	388223.66	-16293.479	18568.57	52961.48	388777.72	-12044.93	166.91331	139.86406	4645.697	15.703626	-19115.025	14095413.0	9442.971102237701
75	-112.9885	46.336784	-27.64915	-283.1773	1537.4661	61.965164	1656.127	1414.8815	-69.58646	18.18727	-46.112083	-105.00641	1465.3658	104.38282	1630.6293	1311.2955	1540.0775	75.489044	1652.0441	1380.7762	64.934425	1000.0	68.0	1000.0	1000.0	299999	18113.596	55237.586	402470.8	-19644.398	18113.438	55238.375	409121.97	-17337.436	137.81895	120.69207	4489.278	16.216637	-18643.084	13636123.0	9568.450781106949
76	-80.108635	209.87798	1568.2675	-236.51523	1510.9042	44.546337	1641.2753	1480.0112	-107.15521	50.786167	-50.002163	-225.28645	1556.3844	70.5297	1692.134	1479.0647	1521.0518	67.07794	1625.2886	1389.8367	62.26154	1000.0	61.1	1000.0	1000.0	303999	18425.9	58797.387	438774.22	-19791.24	18425.453	58797.387	444397.22	-17316.543	134.86072	118.59316	5224.4067	15.137605	-18978.652	15539098.0	9693.95209145546
77	-155.06866	434.65036	-20.233122	-3501.703	1618.7076	57.881153	1721.2281	1541.7197	-89.636055	32.884205	-17.26177	-129.47205	1536.3315	79.98146	1692.4589	1390.8169	1601.1006	49.422283	1688.9379	1545.8995	65.2459	1000.0	58.5	1000.0	1000.0	307999	19097.934	61958.49	451518.22	-17250.193	19097.312	61958.4	456079.1	-19342.725	139.39638	122.4203	5446.271	17.376581	-19659.309	15778146.0	9819.532778024673
78	-94.62399	38.430943	-10.18127	-183.9748	1684.9869	99.60797	1793.0891	1492.3698	-59.909584	47.041233	14.925696	-123.96017	1547.1785	32.489307	1639.3405	1517.01	1657.3008	111.61966	1787.7432	1406.7571	62.921875	1000.0	74.8	1000.0	1000.0	311999	19634.312	64636.02	478084.88	-17988.139	19633.594	64635.973	474898.62	-18242.883	130.6466	118.20007	5476.789	17.807	-20197.031	18737606.0	9945.297803163528
79	-161.33112	738.91003	37.07671	-5683.901	1495.5973	62.71532	1597.4684	1355.3667	-36.26279	28.590525	1.9120243	-91.211266	1619.2952	74.31629	1735.4774	1523.3965	1536.4974	80.7386	1695.85	1379.1588	69.70175	1000.0	53.6	1000.0	1000.0	315999	20495.111	67912.164	493784.4	-15797.012	20494.703	67912.18	498578.75	-16105.729	125.05639	116.326614	5063.629	17.478859	-21096.932	17861816.0	10070.570682764053
80	-83.03541	171.62128	8.088145	-1351.0924	1642.6002	49.813744	1738.0121	1592.1703	-88.41395	49.980152	-24.868233	-170.63869	1559.1487	64.493225	1655.9486	1435.3287	1617.9365	83.91104	1744.7899	1450.2382	67.9661	1000.0	57.8	1000.0	1000.0	319999	21454.19	71034.1	503822.12	-15425.481	21454.016	71033.33	513398.94	-16660.098	126.32769	115.06561	5492.7373	11.440361	-22068.752	19297698.0	10197.162060976028
81	-131.87065	365.85483	19.770884	-2895.1099	1587.938	91.2146	1690.7542	1357.451	-90.68004	55.89406	-33.513172	-226.0822	1580.8843	53.640594	1650.8436	1527.2548	1631.011	68.48406	1788.0273	1565.7493	67.745766	1000.0	58.2	1000.0	1000.0	323999	22514.271	72455.086	527010.5	-18125.955	22512.484	72455.5	536799.25	-16462.203	136.06215	123.72955	5219.1133	16.402308	-23159.88	23583232.0	10321.697530031204
82	-163.49081	506.86343	-5.6496286	-4069.0906	1445.4597	83.26464	1645.4043	1330.1707	-67.905655	31.668852	-22.361887	-144.08911	1584.9512	92.95267	1758.1948	1397.4312	1484.9609	55.072346	1549.3461	1400.6093	65.03278	1000.0	51.0	1000.0	1000.0	327999	22953.23	73606.84	541404.4	-18892.342	22952.668	73607.875	549810.1	-21856.74	143.3217	126.68631	5196.9365	15.469868	-23613.723	20069000.0	10446.54269528389
83	-52.811462	223.43222	1664.4089	-244.37148	1559.3036	45.55838	1660.0901	1483.4948	-121.349915	35.128876	-77.53386	-184.0571	1486.5616	66.265854	1581.5033	1351.9249	1524.8578	74.07223	1709.8496	1468.0978	64.190475	1000.0	66.9	1000.0	1000.0	331999	23490.81	74610.54	557494.7	-16972.64	23490.316	74611.69	565522.1	-20031.037	155.37183	137.38155	5371.414	17.465363	-24130.88	23985790.0	10571.581263780594
84	-81.94921	245.82872	1762.6411	-221.66539	1483.6421	87.47748	1689.0442	1337.2067	-89.14555	84.22294	39.658714	-170.16257	1546.9763	76.28541	1732.325	1469.6929	1445.1326	71.99769	1576.9116	1347.0637	67.49152	1000.0	66.5	1000.0	1000.0	335999	24456.764	77680.07	571214.8	-24830.686	24455.678	77680.28	575588.5	-37925.36	153.11905	136.1917	5423.1123	16.006989	-25117.305	27071844.0	10696.709985494614
85	-122.561295	75.26559	-9.825806	-605.0791	1463.2905	79.207695	1614.9563	1334.0155	-130.66963	62.485153	-41.506004	-209.04378	1513.8683	51.035446	1604.7808	1462.8705	1458.5458	73.04019	1546.4203	1296.4805	65.065575	1000.0	69.6	1000.0	1000.0	339999	24524.9	79041.73	571179.4	-25484.1	24525.115	79043.586	578168.25	-35843.47	156.93738	143.84962	5467.174	17.26161	-25185.156	26057416.0	10832.84490776062
86	-109.42479	48.166634	-8.088961	-232.10895	1507.1361	80.81765	1681.8154	1380.9202	-88.35811	75.50126	13.482717	-222.82675	1617.739	79.13483	1687.1115	1467.3107	1523.191	61.961212	1629.3015	1453.6481	59.441177	1000.0	71.0	1000.0	1000.0	343999	25251.635	81759.414	589799.75	-31198.674	25251.902	81760.43	606941.1	-34937.348	162.39755	152.45097	5892.859	19.141668	-25924.645	31693282.0	10954.97334766388
87	-183.77954	440.4363	-11.644822	-3545.1116	1714.9951	75.627556	1880.7039	1623.9752	-155.06023	61.39879	-50.94099	-231.74132	1657.2047	102.21535	1888.2424	1528.6847	1697.7076	84.59065	1791.5503	1506.4788	67.03333	1000.0	68.8	1000.0	1000.0	347999	25553.02	83698.12	612909.2	-24364.66	25553.49	83699.05	618228.1	-18379.332	166.67688	156.39455	6710.9946	19.577183	-26239.254	31938388.0	11075.244257688522
88	-114.84863	81.410446	-14.998331	-603.4051	1794.0127	67.33309	1927.6222	1705.6809	-46.255386	48.94876	1.8780272	-173.51204	1731.4529	46.334824	1811.1025	1698.4501	1772.6484	68.59789	1901.9995	1681.6621	65.57377	1000.0	64.7	1000.0	1000.0	351999	25823.182	84973.59	629363.5	-35671.28	25824.033	84976.21	635758.25	-37560.285	165.34114	157.5374	5869.8066	19.447515	-26498.123	30048162.0	11199.088726520538
89	-135.75046	348.94443	-8.589759	-2711.2354	1603.7415	74.488594	1668.7861	1416.9321	-47.171936	31.197042	17.790686	-112.57005	1661.8258	71.98928	1739.7401	1488.6411	1570.2638	78.153404	1657.3322	1424.8744	69.82456	1000.0	57.9	1000.0	1000.0	355999	26597.736	87683.53	639622.7	-37093.72	26596.836	87682.016	655575.5	-37418.703	159.51868	148.1798	5722.5757	21.19284	-27301.027	35459376.0	11320.591016292572
90	-155.07614	548.76495	9.022634	-4524.1167	1578.5873	43.81868	1626.8552	1498.0532	-44.236427	28.862322	-7.332784	-105.8712	1692.4929	84.212975	1847.6095	1525.2601	1531.0261	88.47878	1718.306	1372.4451	61.446156	1000.0	61.4	1000.0	1000.0	359999	27569.373	90949.64	648281.9	-30931.02	27568.484	90950.08	656092.8	-30079.338	162.5449	152.80537	5388.567	21.762669	-28270.871	33302458.0	11440.899647951126
91	-95.81447	40.61456	-17.297373	-216.15337	1455.5964	46.966396	1510.4331	1396.7665	-93.087555	18.159634	-67.68068	-120.52957	1503.759	42.61555	1592.327	1469.4922	1429.2612	36.848576	1503.1578	1396.4816	57.82353	1000.0	40.6	1000.0	1000.0	363999	27678.328	92833.08	674712.5	-26728.22	27678.832	92833.27	688701.3	-30365.338	164.8698	153.94525	5116.26	20.469805	-28404.664	33249890.0	11561.362548351288
92	-62.764435	205.43124	1595.4387	-174.41055	1442.5928	97.93781	1596.1595	1295.8519	-81.12921	35.221676	-39.51162	-166.24176	1459.6833	66.86333	1545.8855	1321.0089	1424.2129	76.94013	1523.4684	1283.9592	59.64706	1000.0	57.0	1000.0	1000.0	367999	28383.36	96703.47	691724.44	-32758.984	28381.984	96706.36	701134.4	-36138.746	172.25027	160.45473	4594.2793	20.785282	-29129.168	40969380.0	11682.107875585556
93	-78.42444	212.03159	1500.8098	-246.6308	1553.14	53.539555	1621.9586	1482.6367	-113.770706	41.30645	-59.953796	-193.02715	1558.614	65.62511	1636.8397	1409.1573	1540.8187	47.54406	1635.8264	1496.5851	67.76271	1000.0	81.2	1000.0	1000.0	371999	29146.104	100149.04	713957.25	-32650.172	29146.281	100151.586	728796.44	-31348.59	172.44542	160.76398	5501.9746	19.580982	-29898.857	46646156.0	11803.972388982773
94	-144.18083	534.13934	6.833798	-4438.1045	1432.0665	38.763264	1511.4874	1397.9247	-91.37212	93.196945	16.985949	-353.91724	1493.7155	67.84923	1590.0116	1386.9344	1481.7728	48.539543	1544.3964	1413.2858	60.5	1000.0	71.6	1000.0	1000.0	375999	30371.484	103894.17	754477.44	-34455.79	30369.92	103898.79	764264.7	-35473.66	172.50386	160.19324	5218.09	23.599636	-31169.232	48570828.0	11926.055221557617
95	-80.707436	139.3872	978.5459	-268.25412	1511.8551	81.390495	1596.347	1368.9174	-103.10122	38.589344	-49.80585	-165.70804	1644.7887	72.41642	1731.1769	1501.1274	1531.4359	73.044754	1610.7777	1375.9011	59.985073	1000.0	56.9	1000.0	1000.0	379999	31215.236	106220.42	781076.6	-38399.934	31213.709	106218.63	790705.7	-32346.404	177.82384	165.33789	5449.8076	16.433594	-32062.703	54746870.0	12046.851440906525
96	-157.18806	529.5536	-5.1390095	-4211.083	1644.8158	98.07109	1818.0353	1489.8696	-70.0201	22.757755	-34.090515	-108.71322	1632.2836	81.87502	1696.6364	1485.3835	1734.7373	52.77754	1807.5852	1669.8823	67.083336	1000.0	57.6	1000.0	1000.0	383999	32484.96	108543.984	793060.1	-32830.605	32482.709	108545.61	809019.3	-29033.621	185.03127	164.0894	4928.1167	23.151575	-33327.273	59882612.0	12168.24057674408
97	-87.987045	42.32361	20.124573	-206.42714	1446.9751	49.055958	1519.1538	1400.6678	-79.776886	61.207245	0.95870835	-178.91788	1557.7518	63.295765	1632.5913	1440.873	1476.4819	65.53642	1596.6814	1394.2134	65.7	1000.0	62.1	1000.0	1000.0	387999	32715.014	109415.6	805908.5	-33579.906	32715.996	109417.445	813504.4	-35701.688	180.65648	168.17026	4600.915	23.95324	-33570.805	55032580.0	12289.548659563065
98	-130.01212	215.13783	-12.710018	-1724.9408	1614.2083	70.23865	1749.112	1527.2428	-66.27319	13.0974865	-44.036636	-83.08022	1669.0297	63.229298	1788.2571	1575.2961	1644.0273	68.29007	1723.3751	1525.1693	69.62069	1000.0	55.5	1000.0	1000.0	391999	32790.91	112200.01	816543.56	-40844.844	32790.234	112203.36	828735.0	-35185.027	177.57358	166.70189	4740.8633	22.330479	-33584.68	59555692.0	12409.559667825699
99	-122.379074	230.97006	23.335907	-1852.531	1498.7457	61.579514	1599.3511	1380.4761	-122.29606	38.857666	-63.35415	-190.11531	1580.073	70.41806	1673.8925	1462.2957	1546.4801	39.814945	1584.3933	1482.6825	66.88333	1000.0	59.4	1000.0	1000.0	395999	32908.23	113309.59	827130.94	-32857.76	32907.793	113310.92	837854.0	-33757.273	186.89513	174.49901	4930.2266	20.952412	-33743.8	62432130.0	12530.109058618546
100	-107.27028	59.35534	0.5033298	-287.0751	1652.778	124.08747	1833.5913	1429.1405	-64.49636	22.366575	-27.14684	-107.19788	1612.4592	56.61833	1702.4503	1486.2806	1709.6803	128.12689	1884.9198	1478.4558	62.546875	1000.0	34.4	1000.0	1000.0	399999	33366.234	114914.875	855739.8	-33764.48	33366.094	114915.766	869466.44	-30853.53	192.84097	178.81189	5375.7583	21.348423	-34227.473	71003460.0	12649.285300731659
