Epoch	AverageEpRet	StdEpRet	MaxEpRet	MinEpRet	AverageTestEpRet	StdTestEpRet	MaxTestEpRet	MinTestEpRet	AverageTransferEpRet	StdTransferEpRet	MaxTransferEpRet	MinTransferEpRet	AverageRandomEpRet	StdRandomEpRet	MaxRandomEpRet	MinRandomEpRet	EpLen	TestEpLen	TransferEpLen	RandomEpLen	TotalEnvInteracts	AverageQ1Vals	StdQ1Vals	MaxQ1Vals	MinQ1Vals	AverageQ2Vals	StdQ2Vals	MaxQ2Vals	MinQ2Vals	AverageLogPi	StdLogPi	MaxLogPi	MinLogPi	LossPi	LossQ	Time
1	3.381192	3.4357998	16.834028	-7.5683646	16.181257	2.5924256	19.150692	11.991154	16.147776	2.3731797	19.788387	11.684976	14.165518	2.6424394	19.067043	11.661606	17.206896	21.6	21.7	21.0	3999	5.9100294	4.741398	23.262339	-4.690832	5.9098744	4.742331	22.952606	-4.5809374	-2.5514293	1.612386	5.4224544	-14.432492	-7.050127	0.42842916	45.10181450843811
2	3.0950017	3.2881691	16.97332	-6.3167276	15.91683	4.0782447	21.739826	10.88068	18.314064	5.322226	32.005917	13.055667	16.480488	5.4521985	26.306599	10.607808	17.272728	23.9	25.4	24.4	7999	14.01796	12.029382	52.29439	-5.14288	14.017455	12.029498	52.35372	-5.4553337	-0.49301934	2.4170709	9.051488	-15.0265875	-16.400469	0.95921177	99.32500147819519
3	9.993113	25.953129	153.91069	-8.272729	120.267075	220.52112	561.9053	7.4183383	84.251305	157.05132	485.86923	6.7605987	8.763497	1.2722772	11.280405	6.2909303	28.553846	235.0	181.4	40.1	11999	22.538588	23.385551	97.22915	-5.7440534	22.53802	23.387245	96.3834	-5.9385824	0.3922093	3.1986551	14.700742	-13.3519745	-26.533482	4.035026	166.39270973205566
4	170.49072	164.9652	664.8756	25.615	541.1691	74.30079	646.2843	375.49283	473.8767	109.02732	588.79126	210.1445	451.7749	209.31598	585.0654	16.396177	281.64285	909.7	809.1	773.6	15999	32.968807	28.418299	95.920265	-8.377934	32.968575	28.419556	97.18777	-6.9140444	0.5383184	3.1890616	16.177292	-13.554205	-36.150814	7.404577	257.39215087890625
5	258.04532	129.29802	551.4591	50.505245	475.97958	61.893257	572.8282	410.58624	492.1308	106.82269	656.6463	363.99292	442.26376	39.913982	504.54077	367.32547	430.77777	746.1	777.1	708.7	19999	39.58758	28.90716	95.3205	-13.32438	39.587914	28.907795	94.597496	-11.288869	0.4250213	2.9665227	16.59961	-12.818125	-42.0632	6.524606	341.7984321117401
6	469.30893	203.06157	696.99304	136.36969	408.925	58.817482	464.51508	276.80396	487.9647	135.27046	643.5346	335.27414	356.36737	61.051105	505.4917	294.3503	732.6667	621.2	760.0	533.9	23999	45.627155	29.753857	98.45679	-11.143105	45.62709	29.753323	97.89584	-11.477544	0.36440903	2.9375298	17.547245	-13.073617	-47.707733	6.7980237	432.55783128738403
7	393.872	209.60545	690.8585	143.01176	237.64787	47.590256	305.55847	163.70723	271.15884	151.2426	685.5073	165.2457	235.68103	47.377415	295.82547	165.60355	622.0	323.0	377.1	318.3	27999	50.512905	29.46484	100.57521	-11.780857	50.512524	29.46424	99.87701	-10.404666	0.16509688	2.868186	17.514154	-14.267792	-52.39374	6.1908298	508.30099296569824
8	393.00287	223.12112	684.4127	150.87836	159.85269	34.9338	217.51299	78.91837	161.26808	61.284286	273.7462	73.71245	154.42273	41.5671	250.73949	79.52472	588.375	220.9	218.2	219.1	31999	54.990696	28.821264	100.45068	-20.07544	54.99047	28.819954	101.10314	-10.909732	0.03661237	2.8061504	18.019304	-14.073566	-56.652164	5.516759	573.0318727493286
9	273.85007	182.11473	603.5645	88.061226	418.7088	185.24648	727.0561	208.732	402.2185	175.66478	738.70966	175.83467	447.84857	198.32799	781.506	210.42119	415.5	538.5	559.9	579.4	35999	58.201336	28.491755	98.39221	-16.89536	58.200813	28.49027	98.62075	-12.634188	-0.059215494	2.7101457	17.755	-13.115093	-59.733963	5.276226	650.5470294952393
10	386.51816	210.12875	657.3493	109.88026	360.44556	141.49954	606.5986	181.29282	315.0689	142.25848	561.00433	148.07773	319.14166	139.19107	557.0293	178.50198	612.0	463.8	404.3	408.6	39999	61.154243	28.45545	99.44766	-19.808779	61.153755	28.453753	100.90553	-14.6264715	-0.24073102	2.7210033	16.17664	-13.867253	-62.60897	5.3425293	720.886557340622
11	486.8246	167.5397	638.06506	204.85858	595.12415	77.31166	783.4347	525.3752	567.46814	121.96193	784.15735	302.8192	630.7871	82.735886	783.225	527.4611	796.25	839.8	812.9	887.5	43999	63.65606	28.263138	101.675385	-34.335983	63.65567	28.261848	101.347824	-24.96875	-0.25908467	2.8213801	21.600811	-14.107344	-65.06632	5.1945043	810.141074180603
12	570.90985	158.08427	698.2777	259.238	415.1625	64.93696	512.4032	276.3854	451.3941	133.7816	717.3844	268.52298	367.37366	55.82159	485.03827	294.39273	886.6	566.3	666.3	508.1	47999	66.73061	27.675617	101.444565	-67.66613	66.73055	27.672688	101.30014	-29.625164	-0.43967694	2.8862574	25.427094	-14.1668215	-68.080826	5.0429173	891.9410433769226
13	644.0708	16.5418	672.28564	630.1611	374.4744	130.99278	532.4505	207.9098	439.53754	192.01628	691.19525	178.31497	337.41135	118.29804	526.1367	177.07057	1000.0	611.9	674.0	529.3	51999	69.98721	27.130943	103.06619	-25.044401	69.98743	27.129118	102.27448	-27.781424	-0.5256423	2.9426231	22.240294	-14.965093	-71.312584	4.9068146	1008.975602388382
14	559.30164	178.39137	727.86127	334.15955	304.31448	133.7958	542.589	154.79736	389.75714	160.26257	785.551	224.3943	436.47592	168.01881	656.78	163.53479	828.4	381.3	490.2	554.6	55999	73.50616	26.406063	105.17274	-47.55383	73.50649	26.402887	105.31787	-26.987267	-0.58090127	2.92156	23.211653	-16.483168	-74.80199	5.0908427	1096.2145371437073
15	550.24854	274.1102	695.55316	2.2379472	530.0155	41.005703	582.04584	433.89218	540.9584	86.966415	695.6681	418.29404	564.00867	65.07109	688.07587	494.7771	804.0	742.8	775.9	822.4	59999	76.7861	26.740982	108.45471	-50.129047	76.78613	26.736494	107.67904	-27.550213	-0.78255767	2.793344	21.24677	-16.07373	-78.02483	5.2399125	1189.4025330543518
16	659.0221	19.870947	692.9401	644.07794	395.4169	80.57359	498.7667	280.44485	439.18823	172.29031	700.5594	253.60051	425.19125	55.16718	494.28595	330.28262	1000.0	572.7	627.5	626.7	63999	79.77717	27.040888	111.00696	-53.91688	79.77729	27.03863	109.86583	-42.890205	-0.7801015	2.8423116	21.00923	-14.999876	-81.018295	5.226921	1273.0027167797089
17	620.0987	34.544655	643.61914	560.43884	306.84122	49.208603	382.11444	213.61517	292.7607	130.5679	626.4534	154.12921	297.43942	62.27164	379.42923	213.61212	971.25	429.6	411.6	415.8	67999	82.674324	27.027021	112.557846	-80.05431	82.67474	27.023214	111.87386	-61.242764	-0.9597661	2.7758398	20.434206	-13.398819	-83.8747	5.4067335	1349.2009766101837
18	551.338	111.09506	649.6043	374.3143	522.38293	99.37537	671.5435	338.5094	528.4727	131.13857	689.53455	286.5869	550.3968	80.42442	642.5622	344.1264	856.25	800.1	811.6	833.4	71999	85.20817	26.70435	113.1245	-38.61723	85.20849	26.700178	112.69497	-41.414745	-1.1260016	2.7596428	21.172394	-12.476501	-86.38289	5.8243637	1438.7945954799652
19	547.30585	134.13222	662.5648	321.98474	293.77435	53.010895	392.77963	220.57379	570.22906	194.85468	798.4505	259.32855	268.95868	32.597202	340.09772	241.02112	845.4	398.8	821.5	379.2	75999	87.23263	26.591167	115.63124	-50.29292	87.23287	26.588812	115.52189	-44.37649	-1.1719321	2.7248695	25.616749	-13.893512	-88.37366	6.0048184	1515.1417481899261
20	643.8119	9.390677	659.53125	634.883	463.25287	143.4515	789.7773	323.90543	518.8683	145.63318	678.38306	337.69788	353.1565	30.644411	396.24008	308.15945	1000.0	655.8	780.0	554.3	79999	89.32472	26.103489	117.04881	-33.990707	89.32471	26.099459	117.66889	-46.375114	-1.2039409	2.7149525	20.760954	-15.933926	-90.42714	5.7711296	1601.293557882309
21	543.141	127.36241	680.9452	321.83618	452.94818	139.7813	657.61365	300.6535	601.795	126.36451	710.98285	352.9897	455.45792	138.11981	681.42993	311.70654	835.6	667.7	903.8	668.9	83999	90.6882	26.158232	119.19382	-46.331806	90.68835	26.155464	118.86668	-50.632904	-1.277187	2.681366	19.505722	-11.982389	-91.77711	5.94404	1684.6188697814941
22	544.8244	163.11273	653.80334	224.84319	385.92792	86.85923	546.6851	244.96265	416.48993	102.01033	549.17114	245.58388	442.31137	85.25675	535.30396	312.23688	852.0	637.4	702.8	753.0	87999	92.18732	26.014997	122.68109	-71.23997	92.18758	26.012476	122.24812	-76.675575	-1.3264657	2.6621203	21.84435	-13.0074415	-93.259285	6.3180895	1772.9478647708893
23	580.694	77.14744	669.96576	474.806	619.8304	139.35204	730.5693	280.74136	597.13245	150.33084	725.9798	288.97733	542.63586	178.42505	729.2898	287.69943	893.25	867.5	845.6	741.4	91999	93.49194	25.798422	123.23661	-75.50581	93.49213	25.795973	123.08485	-78.22671	-1.2903349	2.7268796	22.590166	-13.180048	-94.56848	6.5140185	1861.8737471103668
24	654.7042	16.934883	675.86865	628.5143	431.31952	168.51793	722.68256	247.69278	411.47565	176.65732	786.5924	196.21207	506.11176	188.70169	787.1823	268.12485	1000.0	583.8	556.0	696.5	95999	94.8828	25.312315	124.4394	-46.256348	94.88251	25.3122	124.179245	-64.1958	-1.3524023	2.6958764	20.14586	-12.985172	-95.92025	5.8634033	1941.8016607761383
25	657.25464	30.601124	701.4785	615.1048	545.1644	56.76074	624.03973	431.44086	634.53394	72.07229	748.9076	501.35248	591.8231	55.624428	644.3122	434.13354	990.5	820.2	950.9	892.7	99999	95.95196	25.14204	125.70878	-62.339596	95.95172	25.14115	125.954315	-48.843678	-1.4322276	2.6701214	28.73766	-12.634199	-96.95033	6.228793	2034.5226376056671
26	650.47363	28.591871	699.4752	627.95276	556.51044	120.703354	665.61194	353.1724	512.1345	137.97322	677.02155	321.51254	394.84018	87.84279	599.82916	281.14227	1000.0	847.8	788.7	609.7	103999	96.92504	24.755808	125.15292	-57.488026	96.92508	24.7551	125.35676	-57.367912	-1.5024828	2.6684623	19.946388	-13.814865	-97.904076	5.43019	2120.9073991775513
27	572.28613	124.102646	650.6454	325.17828	627.818	36.366096	646.09863	519.7488	653.40686	21.683533	714.5538	629.6275	648.2218	17.06467	688.4827	624.72095	897.4	967.0	1000.0	1000.0	107999	97.87182	24.052006	123.440956	-55.875107	97.87261	24.046608	123.34612	-49.206814	-1.5488242	2.6849644	25.46474	-13.973576	-98.82953	6.2974033	2217.79852104187
28	565.9772	149.53432	693.2532	310.89243	621.0229	209.48508	789.6298	301.83395	668.8204	150.39394	781.592	320.67688	587.6353	129.51764	712.57007	312.04874	867.75	831.4	889.6	846.9	111999	98.50967	23.747047	122.26613	-54.314404	98.51033	23.742193	122.2686	-55.36661	-1.6181078	2.634181	23.296711	-16.786318	-99.45098	6.0969915	2311.06884932518
29	633.9893	8.024175	646.66315	624.9992	518.8523	130.78287	610.6244	304.83572	519.9881	163.59657	754.92896	283.19763	515.3436	142.55144	613.81067	276.48572	1000.0	834.9	789.4	827.4	115999	99.19309	23.895687	122.21942	-68.69006	99.19322	23.894999	122.1167	-50.11726	-1.6873536	2.580482	21.90352	-13.9519825	-100.113235	5.734788	2399.6278309822083
30	618.016	86.40263	679.61945	451.22348	502.9608	140.1685	603.59454	264.0044	580.50555	111.22335	719.0269	281.58142	537.0112	108.763275	605.46277	296.20212	954.8	827.3	927.0	886.9	119999	99.98609	23.411875	122.03071	-66.553925	99.98605	23.412212	122.501045	-96.1058	-1.7107081	2.5849006	23.661823	-14.646065	-100.89747	5.353743	2491.29842376709
31	641.5925	21.641397	678.3729	622.5182	518.0651	132.06447	610.11096	227.24765	563.5315	134.12796	719.3705	303.98944	464.60284	124.155846	586.47363	249.62747	997.5	880.4	889.0	746.7	123999	100.58106	23.501694	124.01152	-50.196747	100.58152	23.500113	123.23666	-75.66576	-1.7167763	2.603428	21.500715	-12.713915	-101.49527	5.5546613	2581.965356826782
32	479.34988	159.45299	632.9966	235.80095	413.97357	42.47472	471.56696	334.3527	416.03522	186.17548	688.29846	161.28992	407.29004	52.24633	474.1725	287.95337	775.5	584.7	600.0	586.1	127999	101.15283	23.166012	126.01678	-72.9393	101.15345	23.16393	124.79192	-39.23988	-1.7360747	2.585149	30.341976	-12.37737	-102.031296	6.2370534	2660.6992321014404
33	521.34125	185.34001	645.58014	114.6402	610.3583	173.11093	771.82574	269.15613	585.35626	200.62373	779.15533	288.64557	448.1603	82.86839	562.8712	282.9685	819.0	790.4	795.6	587.5	131999	101.36355	23.143974	124.88401	-55.59184	101.36397	23.142637	125.296165	-82.077545	-1.7172047	2.597302	26.12263	-15.699215	-102.25775	5.74753	2749.0188858509064
34	329.68945	324.74774	678.3516	2.2093885	424.8625	90.40189	570.2774	293.3151	489.32477	132.29762	737.56366	373.8026	371.21786	50.831135	451.52585	297.22903	513.3333	625.6	719.6	548.7	135999	101.73887	22.747353	124.399284	-77.605606	101.73909	22.73967	123.977554	-42.87405	-1.700396	2.540704	24.284172	-13.452089	-102.589806	6.1536183	2849.0485508441925
35	651.52295	11.747527	668.095	637.2174	359.00903	61.177612	421.74747	260.25354	511.98907	125.60748	624.40765	315.98193	389.82074	42.177593	471.21393	304.05957	1000.0	544.7	818.4	610.2	139999	101.94531	23.614565	124.55391	-69.16231	101.94528	23.611546	125.78516	-89.94545	-1.7476025	2.4748712	24.454216	-14.039377	-102.80096	5.9364142	2933.7574129104614
36	630.7449	4.7004027	633.67926	622.60974	381.72455	77.79611	475.96646	268.57605	415.58936	121.12782	584.04944	225.317	421.7202	103.58152	607.36426	279.62585	1000.0	608.1	666.8	666.3	143999	102.81019	23.072674	124.59115	-77.98817	102.8103	23.068316	125.15679	-47.51865	-1.7960483	2.5066829	22.305037	-14.216419	-103.681046	5.13616	3013.1009657382965
37	625.2174	7.057295	636.8631	618.83844	409.9317	90.95155	506.74503	194.00821	436.6137	71.31378	609.9771	355.95	422.54068	56.625492	491.28253	309.46573	1000.0	628.6	706.5	660.5	147999	103.49768	22.903599	124.89617	-91.90195	103.4975	22.899956	125.523796	-59.932003	-1.8266238	2.5487728	20.86169	-13.435522	-104.36772	5.0552726	3098.8843228816986
38	595.2414	115.196846	687.5586	370.73758	553.535	105.02502	613.334	254.1079	428.0809	155.5237	618.08466	221.74602	476.5145	136.29828	613.0696	257.76587	919.8	911.0	665.5	771.2	151999	104.26401	22.551876	125.010376	-59.21936	104.26414	22.551188	126.18879	-71.60103	-1.8509339	2.5518131	24.505787	-13.1553755	-105.12063	5.1578393	3186.3107709884644
39	420.62195	289.10284	637.3666	4.733174	380.75867	55.288036	443.44315	275.57104	450.9938	190.1222	795.5545	229.6698	357.60248	60.17573	435.14816	262.2772	676.8333	583.0	644.6	545.9	155999	105.08692	21.902826	125.09033	-57.797768	105.08682	21.899355	126.285866	-59.520916	-1.9111273	2.5628145	22.292828	-12.038567	-105.93133	5.6794205	3266.0364050865173
40	543.26996	142.02634	654.0151	300.67026	350.1162	51.24473	403.87814	266.4335	445.7575	157.79182	704.3961	267.34424	427.47046	124.2248	641.30115	287.00467	845.5	514.3	660.9	610.5	159999	105.29909	22.288445	126.4151	-104.61704	105.29899	22.288328	126.715996	-52.559464	-1.9325547	2.4122548	19.609713	-15.217544	-106.1245	5.27055	3345.67178440094
41	503.61182	237.10109	629.63965	29.504152	268.14096	27.504066	316.58167	227.51462	328.3378	168.79012	696.0928	169.09337	306.7255	80.337456	536.5316	246.0418	808.2	386.5	486.4	458.2	163999	105.93946	22.199785	127.39465	-55.282593	105.93902	22.201277	127.65443	-43.40395	-1.9807601	2.4578981	24.30094	-13.922792	-106.77084	5.270696	3421.0399508476257
42	583.4818	87.560646	637.03217	409.04587	373.35367	40.353043	438.67502	304.41525	380.02527	110.69278	590.36865	221.29106	337.05707	63.86784	486.34857	254.7029	927.2	580.6	599.4	485.5	167999	106.339	21.822844	127.521805	-59.65647	106.33898	21.81903	127.84411	-60.579643	-1.9908599	2.4616768	25.93024	-12.703649	-107.17485	5.616888	3499.1611654758453
43	575.84125	94.082695	644.3835	413.62277	313.1845	38.115955	392.4615	273.1549	454.61197	190.80602	790.81757	256.9998	321.17242	29.144476	376.25577	271.22464	911.5	432.9	667.2	469.3	171999	106.64449	21.533354	128.26071	-72.04543	106.64406	21.536076	128.34735	-30.184875	-1.9902159	2.4340801	31.051867	-12.855345	-107.45425	5.6141033	3580.4512083530426
44	632.4692	16.268347	658.701	616.2431	493.1621	142.4712	690.415	260.07755	449.85342	136.30342	602.6109	255.08435	338.95877	40.71244	403.65118	283.22046	1000.0	784.9	720.4	460.1	175999	106.84457	21.615469	128.54707	-92.84094	106.84487	21.61186	128.33516	-59.726788	-2.0409946	2.4109182	22.942463	-14.27041	-107.66794	5.4703703	3664.116981267929
45	623.9392	8.971729	636.1998	610.8562	261.20285	33.63499	343.6432	217.1299	402.00983	186.62817	708.80963	211.3775	290.5621	52.191517	388.5237	214.61882	1000.0	362.7	603.7	416.3	179999	107.37938	21.090858	129.3032	-39.959915	107.37926	21.09345	129.64034	-59.978107	-2.0586295	2.4179063	28.47349	-12.43209	-108.18458	5.227797	3739.2444500923157
46	623.1242	14.63093	648.38837	612.9036	293.9012	20.91323	339.75244	266.8424	433.14825	177.59213	703.20544	244.15291	290.00775	25.460987	336.2099	238.9612	1000.0	414.6	655.2	435.2	183999	107.40229	21.207993	128.746	-65.0666	107.40226	21.211723	129.232	-63.335762	-2.0694497	2.4029112	28.074738	-12.865019	-108.194305	5.6355715	3815.1278669834137
47	608.62616	39.69906	654.55493	545.1618	298.0406	22.798473	335.20718	260.38882	415.33658	139.40651	633.61444	275.56113	306.50027	28.451687	367.77798	267.58884	974.5	434.4	625.9	433.2	187999	107.69706	21.04258	128.3987	-115.060844	107.69775	21.038614	129.16591	-56.03708	-2.1103446	2.3941388	25.808594	-13.148781	-108.49687	5.436415	3899.9333095550537
48	539.19617	121.44606	616.9445	298.7653	310.42056	72.77888	420.59033	162.74155	304.3932	159.88832	631.2024	140.42142	310.11594	121.4771	615.5907	215.39919	876.0	493.6	474.9	475.0	191999	108.11936	20.866909	128.56593	-50.986828	108.11903	20.867718	128.3146	-40.02732	-2.1020327	2.381922	25.577658	-13.798305	-108.91797	5.0963497	3989.799638271332
49	562.7351	62.645737	619.98895	465.97708	467.33163	130.26643	625.0009	252.54979	437.73676	171.1498	777.50165	243.16641	375.8022	78.86602	538.13586	273.0046	912.5	745.2	650.4	540.4	195999	108.28626	20.902912	128.12762	-38.889996	108.28629	20.907803	128.57332	-59.806526	-2.0952682	2.3523746	22.441471	-12.849874	-109.079765	5.9321847	4078.9540202617645
50	609.62726	4.3412604	615.78156	604.60126	254.57568	14.11839	277.11993	236.65805	368.53717	177.31277	786.2297	227.50734	264.87402	29.051407	342.57886	233.0962	1000.0	371.8	561.9	396.3	199999	108.46428	20.682484	129.07248	-79.35954	108.46428	20.682203	129.83878	-69.35242	-2.1057732	2.3516455	23.739029	-13.150958	-109.24439	5.85444	4161.558808803558
51	608.06805	8.658401	616.0513	593.75226	277.99277	30.245543	321.07236	225.15138	364.24466	149.7173	600.35895	182.39066	279.5341	19.250366	310.62085	237.95245	1000.0	410.0	584.5	403.8	203999	108.84688	20.242886	129.64331	-98.80966	108.8464	20.243937	129.80618	-65.27804	-2.1609743	2.3680375	24.82404	-15.06563	-109.62489	4.56388	4244.573801517487
52	507.0268	206.07587	614.1764	94.934906	267.94977	25.637913	323.0386	215.2011	348.31244	138.32932	684.77325	231.65807	277.97076	31.82426	343.74075	245.57767	826.2	406.0	516.6	411.1	207999	109.0695	20.2841	129.98688	-35.7973	109.06988	20.284006	130.19475	-87.39518	-2.1838474	2.3184006	25.55679	-13.465328	-109.84796	5.50895	4327.038183927536
53	542.8697	126.97569	639.4779	324.4091	373.34338	155.87216	567.1972	118.4067	318.76892	230.20682	709.25183	106.616745	303.8023	69.494514	371.4029	126.939835	883.5	510.8	458.9	399.0	211999	109.24767	19.957981	129.29211	-71.68196	109.24777	19.95982	130.60265	-42.744026	-2.2251341	2.308994	24.406979	-14.597354	-110.00503	5.0570154	4409.912454128265
54	442.07483	130.61397	603.0221	238.6828	250.96823	56.76495	331.84427	179.0206	317.7974	216.81042	751.17896	175.13397	275.82227	61.758183	352.52158	180.39139	717.8333	369.3	450.8	399.8	215999	109.34181	19.859283	129.19228	-81.16065	109.34176	19.861893	130.04129	-68.13223	-2.2126892	2.3306873	28.172598	-13.868622	-110.10188	5.586309	4489.973842144012
55	600.4197	6.397701	607.8163	591.9172	341.96988	42.00898	412.73138	281.24707	436.7045	179.02568	692.4235	230.13419	349.24814	37.188713	410.164	294.88364	1000.0	514.6	659.9	538.1	219999	109.44633	19.856089	129.3405	-67.6082	109.44673	19.856031	129.58377	-77.64756	-2.2146685	2.2738342	25.534672	-12.917157	-110.19478	5.836799	4574.175974369049
56	622.1184	14.874611	639.5668	603.6033	414.67334	138.99014	706.428	222.69902	414.3187	199.60165	688.2553	183.1889	374.06058	140.27907	713.50287	229.8856	1000.0	609.6	626.6	555.3	223999	109.5688	19.742428	130.02997	-74.1213	109.56869	19.746876	130.18063	-43.155552	-2.1258206	2.328644	26.559824	-13.526262	-110.333595	6.1959357	4659.05986905098
57	615.3053	12.517251	631.64923	596.5779	460.81512	94.75023	550.81714	317.65582	425.2762	152.9902	688.44183	267.05356	369.80008	130.67941	591.18036	216.40709	988.0	798.1	663.3	597.5	227999	109.83875	19.305943	129.71599	-74.99213	109.83848	19.306791	129.55089	-79.168274	-2.1677866	2.2700093	32.373505	-13.549114	-110.574425	5.896009	4749.70152592659
58	628.3024	24.006317	664.583	600.17017	317.8058	66.67418	409.97546	226.78119	344.64935	124.90167	567.699	211.79959	303.28992	70.48269	415.8935	202.32848	1000.0	475.1	518.5	448.9	231999	110.07061	19.021158	129.5848	-66.18311	110.07114	19.027147	130.07448	-88.575386	-2.2059584	2.2560475	23.442827	-14.3719845	-110.81456	4.952971	4829.937686443329
59	532.3819	102.77629	614.2926	358.85672	438.169	62.57643	539.2585	335.27237	413.8235	131.6964	691.19904	271.27905	412.80655	77.75679	509.30356	285.46484	870.6	714.1	636.7	628.2	235999	110.20914	18.801176	129.44327	-85.116325	110.20957	18.800947	129.85161	-95.374275	-2.212292	2.2795236	24.899181	-13.347646	-110.95064	5.5528193	4913.309624671936
60	583.0059	68.45295	637.1438	465.72156	234.26138	60.122395	336.8319	176.49579	357.00775	164.04294	697.7261	183.49696	289.48715	152.37419	599.3978	162.22562	939.25	335.2	524.9	419.8	239999	110.3837	18.58956	130.04608	-69.6056	110.38341	18.595854	129.88097	-86.85585	-2.197799	2.3149092	29.79493	-13.545241	-111.12322	6.5328894	4989.12965464592
61	613.82166	7.6312428	625.6384	604.4274	319.3859	20.296906	348.68643	277.78735	264.38275	118.53943	560.98145	147.72258	313.37015	34.68658	342.81503	220.55064	1000.0	488.7	392.6	482.4	243999	110.60342	18.240978	129.82428	-108.81442	110.60294	18.24554	131.16084	-82.88845	-2.2065356	2.307604	32.1525	-11.773358	-111.337776	5.6596837	5068.127733469009
62	495.5208	132.01534	614.27655	248.79169	268.55206	80.93505	381.5855	159.89722	334.88593	221.78859	739.5806	142.53447	296.92905	67.027565	351.29968	156.72044	811.6	355.4	470.0	391.0	247999	110.82301	18.086462	131.6234	-68.79664	110.8233	18.087275	131.12021	-76.86418	-2.2086406	2.265009	24.013512	-14.09158	-111.55364	6.184582	5146.282973527908
63	485.46924	118.165955	627.31165	361.47092	289.90805	40.892155	350.3991	201.76384	404.72076	192.5922	718.5111	258.9714	310.17426	24.776365	349.20288	282.97556	787.0	419.8	591.9	457.0	251999	111.03888	18.295897	133.04372	-47.13703	111.03913	18.2963	132.5348	-35.432175	-2.1820714	2.303941	28.843016	-12.079535	-111.77058	6.4465613	5223.114531993866
64	578.46216	52.652523	613.6145	487.40808	268.72955	56.745182	365.4782	193.24911	317.9511	136.90367	571.3586	197.9161	274.12708	70.16399	443.92316	203.5781	949.75	391.1	512.9	419.7	255999	111.1534	17.797384	132.0386	-62.27831	111.1527	17.80473	131.30641	-58.240402	-2.1916997	2.244767	24.513412	-13.361651	-111.873566	7.269607	5301.031776666641
65	618.66406	13.13403	640.1307	605.98505	329.8503	119.04296	471.79077	176.66824	293.65265	115.60937	472.3524	173.46066	409.53195	183.3439	713.41235	212.31696	1000.0	451.7	410.4	567.1	259999	111.11204	17.762362	131.48592	-43.325195	111.11227	17.767258	130.9013	-68.090965	-2.243629	2.224387	29.337532	-11.945868	-111.8377	6.2537746	5385.9253718853
66	625.3801	19.118366	656.9245	609.83386	254.39436	61.3499	328.66516	159.75032	455.17426	178.49736	727.89685	237.82214	302.8121	41.770905	418.14325	270.92175	1000.0	363.4	718.6	484.5	263999	111.33918	17.420603	131.3262	-119.522514	111.33948	17.423191	131.1212	-85.9973	-2.2556515	2.2375162	28.808704	-14.457721	-112.06881	5.8883243	5471.064415216446
67	612.47144	6.8644085	623.57294	605.9932	231.73264	54.357765	309.47522	178.25516	314.23456	167.22095	710.4809	157.83754	237.23755	59.88334	328.9919	173.47145	1000.0	323.2	433.6	327.5	267999	111.48881	17.58707	131.15344	-84.144196	111.48939	17.58885	130.32648	-70.97469	-2.2889953	2.239858	35.98733	-12.923864	-112.2279	5.678805	5545.621237277985
68	632.85095	22.829563	670.2481	611.50507	280.68365	69.225655	403.79	180.51195	287.50873	88.40329	459.58282	172.32462	236.62007	110.28488	463.9282	146.43521	1000.0	385.7	404.5	335.0	271999	111.79255	16.696444	131.05432	-56.99238	111.79266	16.701904	130.7022	-48.842716	-2.3242953	2.2339296	27.866684	-12.86091	-112.5358	7.239903	5621.540290355682
69	50.683205	160.00105	642.03076	-7.3705707	178.49437	283.9641	740.56775	9.366052	143.3534	258.0029	669.261	9.259294	154.17961	278.66428	740.8254	8.023368	100.76596	262.7	235.7	247.2	275999	112.497	16.543196	226.73032	-105.59029	112.49632	16.548117	217.30103	-76.10099	-1.8048764	2.8545327	33.76703	-14.722519	-113.49905	8.836043	5692.787318944931
70	26.884888	69.22988	422.019	-3.5183268	14.073834	3.6997342	18.644695	7.744226	274.14044	315.2287	686.7167	10.532547	207.79448	268.65594	680.55206	10.106013	68.13793	57.7	436.8	357.7	279999	121.49041	22.857807	192.53503	-132.41379	121.4911	22.859156	191.65247	-160.1794	-0.02648854	2.5460534	26.710651	-14.477164	-123.17584	12.935665	5761.96661567688
71	549.20703	270.78775	715.3435	80.43501	694.923	29.24057	729.8806	642.6947	698.3463	31.423006	722.73193	606.7042	675.25854	11.26007	692.7884	657.55963	794.0	981.1	986.6	1000.0	283999	137.17557	26.520643	176.28947	-66.67416	137.17712	26.519106	176.6937	-115.97788	-0.02860432	2.6475022	29.823347	-13.884311	-138.68857	13.348283	5861.722477197647
72	598.4672	12.802287	611.5708	578.8942	695.6521	117.18391	789.47424	393.71002	658.3885	104.7226	786.6915	518.9498	691.4837	63.88165	744.7148	528.01526	1000.0	959.8	965.2	984.0	287999	138.66913	25.478745	168.26122	-84.585754	138.66795	25.490648	167.72554	-117.96335	-1.3031826	2.6066346	28.140049	-14.3130665	-139.66054	10.891987	5961.92901301384
73	611.3931	33.042786	651.49554	576.22546	499.99146	148.29842	637.90735	210.29547	551.7386	148.34657	705.325	142.81328	476.33838	105.41389	577.5877	223.29839	1000.0	869.9	927.2	827.1	291999	135.255	24.253824	161.32674	-51.621662	135.2542	24.261366	161.66309	-68.25898	-1.7753329	2.5187912	29.246681	-13.731398	-136.0985	9.52444	6057.391322851181
74	616.09985	13.99045	632.2883	595.6979	529.90283	141.30951	647.2399	296.28812	595.2059	143.91618	781.127	276.124	467.79922	88.290565	558.8787	299.7069	1000.0	790.8	886.5	682.1	295999	131.03973	23.154058	158.55722	-67.17964	131.03955	23.158909	160.44867	-54.670273	-2.0518374	2.405924	34.14901	-14.150219	-131.81186	9.41364	6147.807854652405
75	611.3373	15.3328085	621.82117	581.0558	533.5235	168.52005	714.85175	286.61984	569.0011	150.03006	717.841	245.55913	477.4074	83.33633	558.8717	286.49078	990.0	779.9	838.5	731.3	299999	127.33928	21.797083	150.47246	-99.81726	127.33797	21.80745	149.70538	-63.86154	-2.1462135	2.3804247	25.992737	-14.864451	-128.10248	9.798239	6237.190852642059
76	623.19324	19.575743	656.6866	608.4721	586.8835	178.0884	704.1906	260.68604	554.6229	174.93874	708.40515	263.51093	374.2265	56.283028	444.6979	278.2432	1000.0	834.0	794.1	533.3	303999	124.3967	20.304848	146.26103	-106.41179	124.39569	20.314653	145.46016	-114.9064	-2.0911803	2.3765113	40.92856	-15.156187	-125.15162	9.125215	6323.103256702423
77	600.4968	13.806867	624.351	591.5077	591.5901	116.43384	702.7006	376.31894	613.9267	122.15288	705.37964	320.73636	629.8895	97.59698	691.9598	344.44022	1000.0	878.9	916.6	955.5	307999	121.98627	19.39301	143.37837	-53.022984	121.9852	19.402655	142.85724	-109.941925	-2.105189	2.3753717	38.18662	-12.791419	-122.722626	8.314015	6422.437805175781
78	468.93115	210.00049	620.3194	110.80005	481.3767	180.2628	705.83954	275.17126	599.6891	168.01108	748.5351	321.30566	311.539	21.382296	342.45465	279.39716	761.25	682.2	848.2	441.1	311999	119.81613	18.956945	141.47186	-54.512722	119.81508	18.971289	140.07051	-83.747345	-2.1394858	2.364292	29.643785	-12.537165	-120.546074	7.5367656	6512.763645648956
79	612.6247	5.0772905	617.88586	606.3956	403.16058	158.42229	719.6912	286.42242	548.7047	217.32083	747.6293	264.57578	444.87363	103.24608	552.7843	273.29907	1000.0	573.1	763.1	665.2	315999	117.98062	18.70745	138.3977	-89.42054	117.97958	18.725447	137.78387	-79.02957	-2.1758513	2.287358	28.52604	-14.036422	-118.70003	7.8474345	6598.584072589874
80	598.39435	40.994167	631.17944	518.565	428.7189	182.25627	708.8945	273.14462	639.6796	136.94548	720.3463	249.1781	425.32233	91.34861	562.9787	300.63385	966.0	605.4	904.5	614.3	319999	116.74611	17.872446	136.19539	-107.16466	116.74576	17.88107	138.563	-81.03811	-2.2135432	2.3460884	32.7109	-13.528271	-117.47331	7.378778	6687.654367446899
81	609.9813	11.777416	625.3019	597.6344	424.7924	144.33397	660.2487	209.79903	491.30215	168.21815	763.46704	295.88058	424.8436	72.49121	551.3485	335.53708	1000.0	701.5	765.4	585.3	323999	115.79461	17.076513	160.41948	-45.470646	115.79371	17.093582	160.84892	-125.222404	-2.2163308	2.3049066	31.9921	-13.476058	-116.50358	7.7908916	6774.900260925293
82	526.03735	147.29819	617.0864	271.1691	328.4062	251.2623	681.5288	109.26029	287.18784	264.88297	618.5067	27.445538	337.53546	252.75346	677.8006	24.274117	847.0	524.3	469.6	523.9	327999	115.23686	16.383394	188.594	-74.93915	115.23656	16.393936	178.47148	-88.2872	-2.2579944	2.3845887	33.88644	-13.31699	-115.97797	7.986532	6856.183751821518
83	81.037445	155.66669	590.4755	1.9131813	222.5127	283.99026	783.0407	34.578686	399.8476	351.88025	786.45355	44.184113	457.94562	327.10468	775.7377	45.85921	142.06451	304.4	532.7	606.8	331999	114.95639	16.51605	190.65887	-111.380806	114.95488	16.53621	193.26672	-114.63069	-2.173035	2.5243878	31.135157	-12.565172	-115.71879	9.981636	6935.746767282486
84	580.162	51.64293	621.96204	491.69476	510.99838	143.44316	691.0285	345.2969	463.6206	153.45401	670.6029	261.8764	519.8425	130.12624	673.9511	314.5808	945.25	756.9	713.5	784.6	335999	113.9015	17.410109	163.23415	-63.582672	113.89917	17.429476	166.76355	-125.11959	-2.195306	2.3582556	32.615307	-13.831824	-114.59603	9.357059	7025.0035128593445
85	598.7954	9.989315	607.95856	582.7857	290.87585	28.668697	344.51364	256.9484	422.39282	185.06691	716.1598	222.72919	418.59488	56.562706	501.78098	323.30057	1000.0	420.5	588.5	584.8	339999	113.22063	17.446554	159.00156	-74.77295	113.21889	17.45858	155.84872	-43.113174	-2.1862762	2.38549	33.268158	-13.993341	-113.92609	8.779192	7109.972925424576
86	609.24396	4.5198655	616.66095	605.1946	283.8136	51.74311	376.06992	217.59717	363.6623	159.3191	636.976	210.47957	271.0888	32.459408	335.08752	232.49731	1000.0	391.4	531.8	379.3	343999	112.81443	17.113045	165.44128	-58.2395	112.81367	17.129345	163.63576	-90.891106	-2.1927009	2.3709252	31.807152	-12.555509	-113.50652	8.594538	7188.4665451049805
87	617.25836	11.54071	632.3211	600.1316	583.7821	184.17953	709.0214	287.96988	618.92944	137.29373	724.6362	330.78168	599.6481	128.89197	693.4806	306.87662	1000.0	819.9	883.4	845.7	347999	112.47403	17.138323	169.07703	-55.64356	112.47241	17.156904	172.62071	-105.84252	-2.232874	2.3699534	29.051401	-14.374374	-113.17117	7.4240627	7283.317718029022
88	624.05896	13.580144	641.0133	609.72144	587.6882	172.3262	703.91187	289.66605	505.73193	163.53548	715.15784	300.8959	575.257	156.10101	684.4302	314.24405	1000.0	829.7	727.4	843.8	351999	112.39332	16.667995	179.4118	-48.31326	112.39277	16.67981	179.85997	-81.48959	-2.274572	2.36841	26.895205	-13.490221	-113.09558	8.508733	7374.692765951157
89	616.89545	7.5173306	629.5001	610.037	618.18884	84.74238	699.9178	448.63446	626.1712	82.58212	696.5475	398.0902	566.45544	59.896713	626.83295	443.3381	1000.0	906.8	930.2	864.4	355999	112.174	16.772333	192.24513	-65.19861	112.17229	16.790852	186.18681	-55.613106	-2.27829	2.3829353	30.453823	-13.87937	-112.87029	8.672601	7467.651891946793
90	559.55255	104.788864	625.06287	350.85233	467.12872	215.47618	719.9826	192.51787	482.21832	220.03354	683.95746	172.22067	646.54065	97.00748	716.2821	454.36646	906.2	669.0	721.6	927.4	359999	111.94348	16.743317	206.8762	-84.61007	111.94311	16.74964	210.9848	-65.086365	-2.332791	2.3606446	25.553043	-14.612063	-112.63824	8.302647	7556.430477380753
91	625.3531	5.115269	632.83563	620.28125	652.24225	109.43749	703.4209	328.58646	611.3448	137.45497	724.74457	360.16537	685.9592	18.207546	699.4862	633.34735	1000.0	950.4	881.3	1000.0	363999	111.76189	16.47795	193.11418	-75.46406	111.762	16.485476	195.1195	-76.44486	-2.3167357	2.3732352	56.42769	-13.432104	-112.44878	9.096791	7653.187308073044
92	610.0282	8.691642	620.96826	601.34705	370.155	115.31238	594.67395	268.73325	557.63367	91.81917	648.25995	344.3785	442.80045	94.93433	592.25745	275.60843	1000.0	522.5	865.4	647.1	367999	111.66941	16.275629	212.26552	-53.919205	111.66932	16.287754	217.2987	-90.591896	-2.2928395	2.3497002	28.036308	-11.626955	-112.3483	8.45784	7741.32567858696
93	399.12625	283.3327	657.7241	3.6563742	351.95404	296.6928	764.0078	102.75078	218.24551	274.55823	766.18896	16.144985	454.76923	282.48032	727.77014	108.44541	636.8	506.2	300.4	670.5	371999	111.71766	16.19448	231.17982	-38.378582	111.71727	16.206783	239.95245	-51.14265	-2.2186286	2.442672	30.20451	-12.403744	-112.42772	9.19105	7822.919945478439
94	322.89923	300.98135	705.4528	7.119947	636.40857	126.14301	695.6496	259.33554	643.7565	138.35115	702.2769	230.16867	624.01636	127.95364	686.5603	241.99358	505.77777	941.0	938.2	936.8	375999	111.65416	16.498259	217.87758	-46.98024	111.65381	16.515135	222.60762	-62.291424	-2.126478	2.4368641	33.938488	-14.658328	-112.31761	11.27983	7918.065276622772
95	544.4787	147.6925	656.90674	292.6318	390.84433	141.01292	685.59766	241.4582	272.59537	49.09021	348.3912	167.0696	474.5689	115.43286	689.74457	332.54355	865.0	545.4	375.4	675.9	379999	111.06741	16.345722	209.88344	-58.362602	111.06751	16.35599	204.11534	-37.744656	-2.2480574	2.4325776	33.828224	-13.318462	-111.70713	9.88529	7996.604775905609
96	623.60895	34.873013	678.6747	583.24097	438.47617	139.12251	595.82513	203.67836	546.3199	97.34216	701.31976	443.92496	402.45502	76.21416	512.45514	236.60426	1000.0	691.8	851.5	606.8	383999	110.25336	16.594341	196.91322	-76.81989	110.25405	16.594084	200.89691	-88.9727	-2.2646365	2.3850706	27.864475	-13.511995	-110.868546	8.515582	8087.895134210587
97	624.70264	8.562691	636.41656	616.4012	682.7215	48.387234	748.4165	631.9753	587.26117	93.7518	698.94055	413.82812	646.99817	99.360855	723.7761	372.26132	1000.0	1000.0	909.7	960.8	387999	109.68785	17.164825	191.36588	-63.31509	109.68883	17.163824	190.3465	-68.82981	-2.20996	2.416178	28.775906	-12.067448	-110.32228	8.845401	8188.243267774582
98	617.63275	17.794014	647.21277	602.3723	482.98785	198.1008	771.3889	272.4207	474.42496	177.10373	772.2166	265.8825	470.0887	153.11284	683.9515	298.4896	1000.0	713.6	700.7	712.5	391999	109.5903	17.188742	195.90582	-38.552143	109.59108	17.18979	197.94757	-73.10709	-2.2348008	2.3802662	25.988571	-12.074383	-110.241844	8.239866	8276.719304084778
99	606.897	14.103177	620.1863	586.77856	579.6354	42.461254	676.77374	523.54846	601.4083	54.96974	705.7277	546.82983	585.0919	32.57661	648.67993	538.43335	1000.0	1000.0	1000.0	1000.0	395999	109.58217	17.254713	206.25679	-29.452646	109.58148	17.262989	204.20784	-49.362495	-2.3072407	2.3088498	27.742027	-15.5714245	-110.223434	7.805762	8374.09038734436
100	609.8632	4.650204	617.5881	606.09265	335.25314	118.694534	632.0376	181.90247	395.7067	116.23648	583.1552	194.26987	429.98688	156.19647	639.18756	186.71709	1000.0	543.2	618.0	697.4	399999	109.74188	17.406841	220.28735	-67.352455	109.7405	17.417953	217.36961	-136.553	-2.3386707	2.3181124	26.267416	-13.328855	-110.39562	7.443036	8456.15845990181
101	577.577	55.50414	609.29047	467.05115	552.66565	208.98851	772.4559	231.82564	462.82944	209.95615	769.3465	225.44151	645.25055	77.30661	773.1394	528.9353	947.2	750.4	675.1	881.0	403999	110.13121	17.060274	224.56244	-86.26588	110.13118	17.068497	226.13461	-89.33554	-2.3473527	2.3482013	34.933308	-16.430801	-110.794815	8.784752	8546.580425977707
102	615.17456	22.620792	653.2715	596.3357	673.4166	28.684155	705.2011	622.2103	672.8687	57.031975	736.9741	524.7671	610.2448	71.58748	698.82324	517.1849	1000.0	1000.0	1000.0	886.9	407999	110.37289	17.049082	254.41411	-33.03637	110.3731	17.072706	255.76869	-41.324974	-2.29368	2.3580878	32.35786	-18.006607	-111.04591	9.626615	8653.265904188156
103	611.45447	5.599071	618.5176	603.27136	386.55927	108.45933	582.2446	235.43256	392.6547	197.09605	756.17316	205.24829	414.9843	155.92593	660.8355	239.71149	1000.0	575.8	543.0	606.3	411999	110.53661	17.055775	259.0167	-52.797733	110.5365	17.069267	258.5843	-46.437645	-2.3029094	2.3329499	24.748924	-13.584463	-111.200455	8.350217	8743.229734659195
104	613.95544	17.116804	643.0918	599.3182	706.3736	53.85979	776.6019	616.5116	652.23047	121.97108	770.37134	370.12735	700.4818	52.619267	755.9235	578.75305	1000.0	987.5	920.6	981.9	415999	110.8678	16.99681	272.80896	-107.04359	110.86707	17.00975	276.3215	-99.76286	-2.3085165	2.3606334	26.437359	-13.27385	-111.52074	8.135225	8840.194195508957
105	610.99243	4.1970263	616.26166	605.4389	722.3953	123.2729	781.28973	361.87988	656.2676	149.68826	779.23914	295.17523	478.4457	166.89958	708.0175	295.67667	1000.0	950.4	905.5	666.5	419999	111.0816	16.987755	291.78928	-50.52416	111.08153	17.003086	294.98065	-69.689926	-2.366383	2.325678	24.635761	-12.130683	-111.74025	9.55504	8930.904842376709
106	616.3638	12.807095	630.4838	597.4306	458.68954	126.124466	704.9756	308.1391	516.4513	90.7012	660.2653	347.82803	574.3408	75.35908	641.5803	428.44986	1000.0	640.5	775.6	819.7	423999	111.2619	16.933365	305.37988	-92.762505	111.2631	16.936981	306.0878	-50.280323	-2.3863373	2.326008	28.219202	-12.825858	-111.944016	9.730688	9019.204336881638
107	486.25845	224.71556	604.5063	36.89982	489.98193	204.6032	693.29877	30.149797	603.5942	112.73095	699.3434	373.48895	469.00546	207.36963	696.01416	30.876133	812.4	757.2	910.5	696.2	427999	112.01656	16.70077	342.24942	-47.44291	112.01672	16.715622	344.91678	-72.8617	-2.3800154	2.4495912	32.473114	-12.675702	-112.72819	10.850022	9111.236009836197
108	113.285675	218.08946	661.97375	3.8447554	39.41604	32.452316	113.86775	7.354132	178.06448	240.99777	597.1466	7.7640147	131.44345	201.63597	594.93256	12.047337	182.05556	58.2	297.0	214.0	431999	112.48782	16.890816	360.40332	-66.782104	112.48964	16.90013	363.67667	-44.855812	-2.3048227	2.491721	33.74674	-13.287201	-113.157845	12.148199	9177.959129810333
109	298.27283	292.27026	645.72003	7.7729707	571.48566	91.270325	663.04584	343.32315	568.521	75.03405	639.36676	416.0281	527.39185	118.86213	676.2708	245.04118	470.5	923.5	941.3	868.1	435999	112.48641	17.63909	364.15363	-62.11996	112.48471	17.657143	369.3091	-80.741356	-2.2442265	2.4834	37.72119	-12.890884	-113.13961	13.706782	9272.482537984848
110	614.11066	11.637771	633.7841	603.5507	498.34564	13.683796	522.6774	471.1974	482.6813	71.720436	542.0822	296.48178	482.4139	45.517838	532.34485	355.2983	1000.0	969.7	901.0	903.8	439999	112.16858	18.13242	388.6791	-108.38156	112.16984	18.143158	387.31906	-47.28227	-2.3067641	2.378191	28.45122	-13.790422	-112.802795	13.539025	9372.753431797028
111	609.2788	4.477627	615.92596	603.7125	515.0251	121.66619	624.5165	307.53973	545.8696	121.18446	633.7505	297.3847	552.0075	53.312458	595.42365	435.22092	1000.0	830.9	873.6	941.1	443999	111.89165	18.84058	420.47043	-74.63744	111.89142	18.846888	424.59998	-72.21606	-2.2704937	2.4016767	33.074665	-14.758918	-112.533066	14.050569	9481.129165410995
112	617.7595	10.830928	636.18976	608.3563	431.72418	29.64013	465.94937	371.29065	443.60336	46.829853	549.13495	374.0156	407.17865	48.154915	456.99335	310.08014	1000.0	724.9	785.7	694.9	447999	111.99491	19.00732	437.74	-36.69998	111.99467	19.017475	435.3147	-83.65799	-2.2480676	2.4320347	35.533676	-14.013951	-112.63625	16.757315	9576.35016298294
113	607.1503	11.405485	623.8683	591.66284	620.263	1.374036	623.43134	618.9697	560.4438	97.12884	656.3009	384.78217	566.59283	110.368164	641.6196	320.93436	1000.0	1000.0	878.5	876.3	451999	111.9138	19.702818	466.6938	-39.333645	111.91681	19.710304	469.48715	-63.903774	-2.2076712	2.4946237	46.184166	-13.662418	-112.57626	15.552806	9676.881061553955
114	594.91797	28.51538	626.2822	548.81366	407.9463	136.04074	612.27203	182.388	425.4959	148.74557	608.0065	233.6678	308.29938	99.73475	421.43896	150.78136	1000.0	686.6	706.5	500.9	455999	112.24853	19.85911	496.70673	-21.345364	112.24981	19.860401	488.0791	-98.799866	-2.1690154	2.5446062	36.72399	-12.922386	-112.90914	17.417786	9763.27151799202
115	442.861	236.96921	652.23584	60.021465	333.84967	291.6708	696.42847	61.119938	376.80994	292.28723	696.0591	35.234844	186.28017	215.01479	630.38806	41.5177	729.0	490.2	570.8	302.8	459999	112.69201	20.295055	540.9986	-52.454914	112.69215	20.308798	540.7693	-144.95973	-2.1361082	2.7185009	44.18464	-12.392719	-113.400246	20.763521	9843.998882293701
116	120.58067	178.53967	623.23145	9.054104	461.2609	327.98166	773.3472	55.83813	257.26694	295.76022	751.0364	25.47436	316.73727	326.23615	745.3361	29.127125	226.35	636.5	367.8	444.9	463999	113.93852	21.229115	563.6628	-38.006363	113.93764	21.24659	569.9695	-48.03719	-1.8990016	2.787934	45.688343	-12.680683	-114.69555	21.869648	9928.940727949142
117	158.09283	188.01778	689.9319	11.320191	270.89447	313.23456	657.24506	9.833291	153.33672	253.81775	662.8112	13.381749	138.30363	240.6779	621.88086	14.087048	246.2	423.5	249.2	235.0	467999	116.45973	21.963345	562.3646	-55.711174	116.45831	21.990446	566.9204	-69.72259	-1.2231015	2.5224593	31.325874	-14.206928	-117.41801	30.099083	10005.481514453888
118	36.46242	129.83765	695.03284	0.27274147	149.96327	206.19148	767.43463	58.782295	142.9987	182.80272	689.97974	51.341644	388.99634	311.3091	769.2577	65.43523	68.96722	227.8	229.3	570.2	471999	121.74508	23.423187	583.1908	-45.451202	121.74822	23.46499	590.0225	-37.488155	-1.2259008	2.7206922	40.674698	-13.363479	-122.65722	39.908085	10081.637521982193
119	545.783	246.1605	721.1199	123.5882	277.75842	267.29797	689.7753	95.53517	253.06302	208.05913	696.4329	84.42432	433.98038	222.47029	659.72345	104.12104	808.0	437.6	445.9	676.5	475999	121.45397	23.670807	575.109	-61.222748	121.45527	23.673635	579.8745	-51.99841	-1.6752781	2.8681467	32.73169	-12.516209	-122.157104	35.98048	10170.68507862091
120	366.2173	237.69534	615.4691	31.170963	475.6373	109.14903	644.7875	272.23373	455.89365	133.98734	653.2562	271.1395	350.88992	82.09092	464.5083	218.87897	682.1667	714.1	692.6	527.5	479999	120.479	23.528526	559.68427	-41.862278	120.47751	23.555296	571.2195	-43.017212	-1.7299404	2.8906257	31.730984	-12.773977	-121.180565	25.832476	10261.208659648895
121	549.2883	60.39497	615.065	445.5171	220.45967	212.29086	631.91174	36.50521	370.13065	166.55394	632.0159	100.841225	373.09747	244.62996	776.32684	80.3986	952.4	369.9	649.0	565.2	483999	118.95331	23.340221	567.3283	-50.85163	118.95162	23.374245	568.83527	-62.39126	-1.8601704	2.7188318	33.205612	-15.721272	-119.569405	39.812954	10343.647195100784
122	456.23163	227.29529	677.86847	111.612335	215.35071	156.97551	438.40128	35.1692	387.3062	255.13815	659.78	41.51689	192.03993	142.12799	429.5076	39.077164	716.8	321.4	613.2	290.7	487999	117.23846	23.5859	567.434	-38.0164	117.25009	23.578623	576.5483	-38.222656	-1.9733976	2.7302	28.948082	-12.388685	-117.8623	27.286236	10423.805225133896
123	476.09537	185.91306	637.7463	141.62848	399.0877	372.21915	787.3739	2.661025	235.71358	322.07587	792.2202	2.7352931	250.51363	341.65765	781.1138	3.1392343	775.8	530.0	337.2	339.8	491999	116.42616	24.216412	547.26904	-29.196938	116.43048	24.22395	555.26025	-39.028454	-1.9273926	2.7965472	41.28608	-13.851311	-117.09405	35.83418	10502.997823953629
124	230.876	248.28368	662.3379	29.934439	445.59424	249.87865	679.7003	62.86977	331.77325	264.63467	664.92474	62.08722	378.72708	247.44572	614.1643	67.09324	377.1	737.8	566.1	658.8	495999	115.78279	24.438002	533.4168	-25.93806	115.78373	24.446606	535.6472	-27.566666	-1.7993658	2.8709948	32.139267	-14.986138	-116.434296	28.721165	10590.612020015717
125	577.38794	28.929474	625.0678	549.9527	438.83856	259.35422	777.9649	132.78342	445.46738	252.31676	777.1915	122.44902	338.8048	199.78653	694.4834	167.88239	1000.0	649.4	680.3	551.8	499999	114.05757	24.115028	529.2862	-22.03479	114.06099	24.107212	532.3207	-34.24997	-1.9408759	2.7559235	26.08818	-12.377802	-114.623924	34.663914	10680.973497867584
126	445.23926	180.09503	666.7255	180.36086	423.16156	84.82115	544.51196	284.18137	462.81854	112.64806	653.5461	308.26938	312.17532	37.114662	379.8652	250.59201	703.8333	711.1	780.0	505.3	503999	113.03739	24.014244	511.0444	-33.242638	113.03908	24.003065	512.2544	-40.770233	-1.9085385	2.7630844	26.955662	-12.193398	-113.628716	34.800934	10772.828395366669
127	547.03705	161.92632	690.3273	266.35507	354.03412	181.85439	584.8997	140.26439	383.95615	216.0321	695.9485	80.47569	325.909	126.84112	689.7157	207.82338	840.8	570.1	611.6	502.3	507999	112.2376	23.477596	505.0807	-23.574747	112.23489	23.475115	509.0115	-40.84612	-1.9459797	2.8045497	27.874914	-12.592777	-112.806206	38.907265	10858.452287435532
128	348.89587	233.192	677.8797	59.327244	187.67415	48.04992	292.32547	140.55711	212.09116	64.36041	300.86563	137.25807	166.15915	66.923164	282.78757	38.202362	544.875	275.9	317.2	246.3	511999	111.81479	23.004616	476.24127	-14.812659	111.81319	23.003855	484.77542	-32.426273	-2.0240011	2.8301282	30.201685	-15.056141	-112.37874	30.835121	10933.732679367065
129	446.37183	247.07964	690.59076	111.66064	228.68564	44.127705	315.55402	176.70102	252.87277	106.237854	535.67303	172.31477	216.00162	60.294407	279.95004	78.25208	664.8333	343.9	393.8	330.5	515999	111.49227	22.310163	482.2415	-11.880479	111.4953	22.276333	480.36536	-41.428608	-2.0531073	2.7932165	22.403261	-11.727301	-112.0748	38.537228	11012.94289636612
130	208.4615	166.64572	654.17804	54.085915	277.50238	167.80551	511.24213	41.13957	316.91626	176.2428	566.5527	121.176384	293.99127	148.4009	499.8614	78.81487	316.08334	506.7	559.5	541.3	519999	111.39716	22.861729	487.1637	-23.195688	111.40626	22.805462	488.38174	-47.94543	-2.0266929	2.715078	23.786366	-13.48588	-111.97122	28.160496	11096.489599466324
131	426.15097	183.70963	659.6271	272.28418	372.72974	95.488525	555.6803	238.44357	433.46906	168.92856	649.3121	204.10378	379.54816	80.44056	542.3783	245.82445	670.2	620.6	717.2	664.1	523999	111.19636	22.668314	469.7574	-20.955275	111.19569	22.651764	468.35757	-30.270744	-1.9475086	2.685921	22.052986	-13.008255	-111.736465	32.161644	11185.7683968544
132	587.6317	11.812777	602.5474	573.9503	227.92151	47.25799	280.1787	159.59773	280.4665	172.73944	621.5364	160.45546	199.76276	55.47915	283.24213	129.11295	1000.0	351.7	441.4	312.1	527999	110.64369	21.95147	457.11078	-23.150908	110.63422	21.97995	462.45792	-24.373514	-1.961402	2.6257102	39.464024	-13.618282	-111.16163	29.357597	11264.225358963013
133	593.9503	7.435516	604.278	583.25525	333.091	175.80315	678.66254	44.981766	370.6749	116.08314	524.3653	218.04875	305.7574	41.898083	354.33884	227.37206	1000.0	558.0	680.7	556.2	531999	110.11748	22.168446	454.87222	-20.316513	110.11399	22.191597	463.0063	-24.036137	-1.8084267	2.7080321	32.53675	-12.320712	-110.67086	32.054245	11352.140975236893
134	473.095	198.2399	616.0835	87.83584	277.92764	99.63292	399.48883	115.978065	308.95514	141.18611	524.0894	113.46888	271.169	117.119514	431.42703	115.77051	773.0	494.4	585.5	494.5	535999	109.96074	22.147966	451.94656	-27.823536	109.96346	22.10116	456.96698	-25.12574	-1.7726283	2.6449492	24.997196	-14.016548	-110.49306	34.603195	11435.308735847473
135	607.326	8.228653	620.0055	599.2647	228.07268	124.03284	468.1176	108.09262	374.03955	188.24876	573.9171	70.434814	165.68588	116.43763	481.93106	68.586555	1000.0	395.8	680.6	296.7	539999	109.10849	21.688103	439.23413	-24.614325	109.11283	21.648415	448.25998	-31.927824	-1.9773468	2.5738688	24.435417	-12.996176	-109.59983	26.86132	11516.155642986298
136	550.73	67.65322	595.87366	433.74384	387.6988	154.88486	688.1782	251.69019	426.71198	152.67998	687.0711	263.00427	305.8213	101.00719	576.733	150.09415	931.25	591.3	714.7	496.9	543999	108.95331	21.457926	437.91965	-19.0618	108.95867	21.430464	448.09427	-33.060028	-1.9206909	2.6611485	35.535088	-12.255422	-109.49414	30.603111	11606.357799053192
137	618.54663	8.379012	629.27094	605.7894	485.6581	173.17691	686.34247	308.28772	492.63492	222.9317	786.11066	104.29688	480.21417	201.87505	643.07837	67.26498	1000.0	731.9	728.7	746.3	547999	109.72147	21.456806	435.4836	-14.24906	109.70534	21.509996	444.75098	-30.865925	-1.8714036	2.7397704	31.718456	-13.739412	-110.26347	31.625631	11700.16327881813
138	594.15137	108.35638	712.4537	430.8231	537.4736	165.13947	641.8944	46.00475	546.39496	138.19228	648.8829	139.65659	508.8371	208.89967	657.6828	82.32904	877.4	909.3	920.2	835.9	551999	110.29726	21.580057	442.37537	-24.135021	110.28813	21.633038	449.9832	-31.133244	-1.9413642	2.8551357	32.666897	-12.438858	-110.870346	29.294724	11798.425029754639
139	395.1819	250.64223	694.24536	66.50063	389.1825	292.6704	703.06586	12.753977	293.23227	240.88379	691.0637	6.527228	462.03165	262.80826	699.32806	66.90988	588.8333	581.1	470.3	696.2	555999	111.45597	22.23987	465.6672	-20.549734	111.45186	22.27494	476.8194	-29.625061	-1.7806911	2.970438	31.070566	-12.675325	-112.07098	34.761375	11886.877672433853
140	350.9939	251.83398	714.7805	58.623726	573.6983	155.01271	688.80396	299.06992	532.70056	248.44655	743.75916	132.7607	537.2909	203.87296	681.20105	142.34743	516.6667	882.6	766.8	836.1	559999	112.9806	23.292404	471.62207	-22.917418	112.97596	23.261177	482.1324	-31.822584	-1.2799115	3.0394018	34.90705	-13.628321	-113.66623	35.590343	11988.602828979492
141	354.82196	251.17667	734.94727	62.31544	554.3707	177.0438	750.7	259.4976	689.2958	32.50932	777.55444	639.304	598.6126	160.64156	678.488	144.82054	503.14285	798.0	1000.0	902.0	563999	116.23451	24.525837	472.6055	-23.462545	116.23656	24.515522	483.9773	-27.537992	-1.0813679	2.833777	33.602356	-12.651114	-117.021545	42.200752	12091.489567041397
142	636.0978	46.47495	705.5963	575.1587	686.29626	70.09741	781.5139	594.9871	651.5282	160.18317	788.3255	230.73233	639.6977	53.572605	735.92706	583.66736	1000.0	1000.0	935.0	1000.0	567999	119.14104	25.612003	489.62137	-31.756165	119.14708	25.592352	500.98553	-59.977364	-1.3044584	2.7861538	30.251244	-13.346511	-119.89528	39.137077	12196.04030418396
143	433.8815	149.15752	528.4343	137.53444	741.40216	77.92169	853.4716	609.7925	638.49646	224.87247	868.87915	53.753963	585.77295	178.92838	689.1841	54.177776	852.4	1000.0	909.7	909.3	571999	121.10439	26.25023	516.4554	-30.241882	121.10718	26.236347	523.97644	-33.51696	-1.2973927	2.8496578	28.172384	-14.087625	-121.85893	39.81067	12296.670385837555
144	220.76999	213.10042	554.1162	12.283827	231.83652	267.7453	676.91077	46.891613	182.64507	212.91975	597.31934	41.878674	470.10376	268.3287	673.0639	43.784103	422.5	372.9	315.0	734.0	575999	122.30267	25.548866	527.75574	-25.847464	122.29238	25.533682	539.0989	-64.78816	-1.1785729	2.808279	30.38176	-13.991592	-123.036285	43.510727	12379.602475881577
145	472.2334	220.84439	636.1491	51.64923	687.9095	46.554836	746.6375	617.21454	658.4817	53.10045	752.676	569.7144	687.85706	32.931587	745.98303	640.79785	760.6	999.2	992.8	1000.0	579999	122.27603	25.991444	554.52466	-32.704475	122.27901	25.986795	569.0431	-39.917004	-1.2888952	2.7361534	33.750767	-13.388351	-122.93198	55.865437	12481.440284013748
146	215.3086	213.5056	665.8781	51.08932	660.6133	82.31193	740.3635	557.5783	572.9367	194.39359	744.9252	40.080334	636.1571	118.1642	739.1359	401.3758	354.72726	1000.0	886.3	953.1	583999	121.55022	27.084166	614.8158	-32.03327	121.54545	27.109596	611.3296	-36.616035	-1.2212392	2.8291087	34.718224	-14.065584	-122.23639	47.42243	12582.469582080841
147	258.66095	210.05325	607.6976	29.797144	242.88799	283.79932	780.2145	49.38918	225.84912	261.7564	659.20953	37.43174	274.15146	277.50452	719.95636	33.141582	438.66666	367.0	362.9	451.1	587999	121.00199	27.620504	614.80084	-34.777576	121.00191	27.643291	618.6825	-33.765327	-1.3017375	2.8998945	27.623621	-13.336652	-121.601555	56.084248	12664.193472146988
148	277.03363	222.64839	620.43915	12.584016	324.4405	326.3334	785.8324	24.801477	592.89905	252.2329	771.4198	79.62957	331.56665	274.37625	699.3844	63.014656	465.1111	441.8	824.8	461.9	591999	120.4524	28.36572	637.854	-19.36944	120.44663	28.384325	643.8236	-27.715496	-1.300447	2.9365282	25.783916	-12.473084	-121.09499	46.75513	12750.214112997055
149	280.14456	251.36998	766.63477	35.20088	440.48413	160.64313	692.0153	88.567764	366.1037	196.93921	692.2607	78.263885	489.16772	178.36153	690.6011	74.48579	414.0	637.7	533.1	725.5	595999	119.32105	28.880026	666.795	-20.727962	119.32316	28.899946	671.39996	-28.291624	-1.4914894	2.8517694	22.673576	-12.860738	-119.84142	62.75704	12841.62274646759
150	497.4709	239.5778	667.60565	84.78705	490.1456	266.7089	777.40125	117.600296	414.6727	280.18628	741.45074	108.38802	511.9022	288.79462	772.3433	135.9166	786.5	703.8	615.4	706.3	599999	117.56434	28.85838	655.0587	-25.85176	117.56538	28.814793	663.5276	-25.54701	-1.4939947	2.8409486	27.664783	-13.497707	-118.07166	55.20683	12936.850996732712
151	519.6647	257.43533	669.2068	5.659669	501.65137	373.93393	877.42444	81.6005	303.09393	358.63306	857.0485	6.069218	358.19568	328.0185	813.3677	81.867226	804.6	587.3	365.8	476.2	603999	116.09671	28.222351	658.5269	-28.372288	116.10847	28.18542	661.1967	-25.500326	-1.5433543	2.737585	26.129635	-13.130003	-116.607605	47.99974	13019.800517320633
152	231.28801	279.828	684.39996	5.701829	151.3934	249.2157	651.16583	15.091637	88.42207	191.37123	657.26373	10.591368	272.57825	293.67667	653.8354	12.290334	345.66666	235.6	140.8	433.7	607999	115.21146	28.118876	662.657	-29.099207	115.21816	28.091099	662.0559	-26.659655	-1.711793	2.7631788	31.929821	-12.978767	-115.74272	51.754303	13094.912664413452
153	508.8781	141.78828	662.7108	252.63962	640.7576	48.90077	772.9997	615.7202	636.32367	54.75465	771.1455	551.047	644.1752	19.315466	680.7044	622.1889	887.8	1000.0	1000.0	1000.0	611999	130.96474	36.7169	666.23236	-42.28604	130.97359	36.723892	666.71906	-27.785065	1.0590657	3.9599614	35.628838	-13.562103	-134.57446	78.77988	13200.458406209946
154	655.1724	42.669586	698.92737	584.995	790.25555	222.73062	877.05	125.057884	420.99454	329.7469	837.6523	75.18231	627.0421	255.31621	782.44305	116.95433	1000.0	921.0	585.3	840.4	615999	176.5984	34.74798	687.4345	-50.757977	176.59102	34.74159	687.99176	-40.362083	1.6314031	3.130282	34.6134	-14.422264	-178.6981	71.61681	13297.07032752037
155	585.9627	242.68863	723.9174	101.358665	782.8863	32.916348	796.5435	684.37634	793.9396	1.8832676	795.631	789.7145	773.14636	27.869007	811.0146	711.6882	833.8	1000.0	1000.0	1000.0	619999	179.5248	33.06238	755.05383	-41.710823	179.50052	33.08856	751.23444	-34.252903	0.095335245	2.8699558	34.375004	-14.126051	-180.67422	70.460785	13403.003246307373
156	425.96625	201.67314	551.8168	23.531614	340.80515	245.70578	545.4015	23.86298	513.2398	159.93747	631.1453	42.65047	395.90912	235.7311	621.41174	26.226677	811.8	630.9	908.4	722.7	623999	173.08537	35.05539	913.5788	-38.766335	173.0726	35.124493	908.3883	-43.109245	-0.8452269	2.9179611	30.129913	-12.351104	-173.89769	84.50769	13500.40241074562
157	134.77896	157.59306	508.70355	8.115582	467.23407	226.8855	584.9546	12.82687	469.2997	223.99107	582.36304	15.252536	539.06433	177.65973	722.05176	21.273573	271.7857	806.3	808.7	904.8	627999	167.72241	40.58883	1018.83685	-47.555687	167.72353	40.54239	1026.3646	-56.55282	-0.16521896	2.9134252	35.592415	-14.870113	-168.7529	144.60191	13600.77897644043
158	136.82457	230.80254	704.6762	18.669024	596.9994	198.2849	699.51886	40.98565	557.68713	248.5208	691.1321	50.911472	677.57404	17.721626	697.44836	636.5087	220.0	906.3	823.5	1000.0	631999	164.49985	48.86294	1167.0029	-42.210583	164.50414	48.842545	1155.6836	-36.672665	-0.2851093	3.2116923	29.367506	-14.926427	-165.5311	164.86397	13700.924469709396
159	73.9084	166.97876	687.64355	2.2911558	38.87005	38.596992	123.60502	8.431455	77.23199	167.37727	578.0689	6.156555	30.05885	30.06311	105.55303	8.677857	126.90625	81.1	137.3	66.6	635999	164.21992	59.297016	1263.8214	-49.576218	164.23668	59.29719	1251.3265	-43.17481	0.2794527	3.5756757	32.135025	-14.877479	-165.34805	235.30093	13767.247478246689
160	194.80247	217.6858	548.7779	10.42664	658.81525	17.401285	674.949	608.7933	297.999	282.452	675.89667	52.687225	417.31537	276.96658	663.21484	65.52498	379.4	1000.0	463.8	647.3	639999	169.9903	61.37173	1281.8418	-58.705883	170.03624	61.321056	1262.7074	-52.834553	0.91230744	3.393611	31.684917	-15.814359	-171.4735	248.89188	13858.814882993698
161	283.91943	242.173	575.4447	36.648865	501.50604	220.19165	669.8702	73.67574	375.31647	313.8347	757.4366	42.239594	377.31818	173.24298	638.55524	72.31655	546.8333	829.6	556.6	829.1	643999	176.8989	61.996017	1291.8602	-59.1714	176.8911	61.951977	1275.7296	-46.43463	1.0556276	3.3010979	37.90436	-15.065195	-178.61952	223.05844	13954.07406592369
162	406.53946	176.97357	555.5382	74.48674	281.97733	221.19878	584.5366	30.23059	110.0789	104.079575	361.48703	37.72896	148.35797	154.29123	465.12958	38.809845	824.4	549.7	239.0	310.3	647999	188.14323	58.76911	1267.2914	-51.14965	188.14938	58.755104	1256.9801	-52.54773	1.5384967	2.950348	29.529282	-15.889318	-189.9577	193.5922	14034.373775482178
163	296.99695	242.60538	580.88434	34.48304	303.54327	295.20502	731.5609	8.202463	375.84644	307.75342	741.4592	67.36396	432.5162	294.64404	708.01324	68.51271	548.5	469.3	560.2	648.4	651999	193.62506	58.445095	1281.1328	-72.20527	193.6226	58.452805	1269.9141	-67.72068	1.0633545	3.169893	33.120316	-12.373256	-194.96103	186.02422	14120.840061426163
164	417.44766	214.78593	600.3757	104.88987	620.73035	42.55369	676.50134	577.0991	589.0285	186.95578	680.6852	40.08426	536.1064	221.80093	673.7238	31.02826	725.5	1000.0	906.1	829.9	655999	189.63737	58.592205	1305.7145	-68.15119	189.63734	58.664185	1304.1394	-114.61282	0.29325625	3.2576907	35.24238	-12.602617	-190.54335	249.24	14223.04382276535
165	494.6569	244.87978	671.61694	72.25101	416.65665	358.46362	774.9214	14.322658	462.35507	307.62997	783.304	15.2435875	428.9349	291.71454	726.7876	21.41908	781.5	550.5	708.7	657.0	659999	182.26955	59.755535	1366.5723	-81.89005	182.26132	59.8061	1364.9324	-85.84016	0.04372671	3.068071	32.382824	-14.790354	-183.05904	244.81409	14308.308921813965
166	145.42569	171.5463	601.0746	22.788818	200.10358	281.52478	760.80304	14.432485	370.49484	301.44147	760.39246	15.138796	270.63235	279.77368	725.4333	12.447542	312.73334	285.9	559.3	450.0	663999	174.51074	63.37174	1455.5166	-86.68224	174.53197	63.28476	1452.5194	-88.82051	-0.06208784	3.153752	36.139736	-14.3179245	-175.1768	271.78906	14384.617990493774
167	207.69946	236.74007	615.3791	11.270651	631.0326	40.00369	673.76196	584.2181	643.93994	38.929752	672.15314	582.4481	579.1449	181.04083	650.74896	38.805458	355.63635	1000.0	1000.0	905.8	667999	168.48135	65.03254	1464.5641	-128.38863	168.49599	64.99348	1493.9966	-102.4344	0.11182814	3.2252073	38.52617	-12.161854	-169.23872	230.17958	14484.542666435242
168	285.70807	275.606	673.62115	20.459915	232.10518	319.75195	723.87195	20.520409	384.5501	347.59158	758.94214	20.30833	516.4486	322.79736	759.22144	18.888058	459.5	330.0	530.4	713.1	671999	163.19792	67.22888	1540.517	-131.5503	163.23741	67.14944	1552.6663	-125.349915	0.22435814	3.2197576	38.768692	-13.316559	-163.94882	297.57013	14571.294656515121
169	372.50397	302.2223	699.7092	19.58244	342.99097	275.83655	690.4309	67.23466	313.54346	282.5257	687.51013	60.759933	381.65454	262.146	761.17786	67.52014	563.375	554.1	473.1	640.3	675999	160.84863	72.07761	1597.056	-134.54984	160.85638	72.02317	1608.7151	-147.16652	0.2601925	3.256767	40.739	-13.791599	-161.64528	319.57657	14659.70259475708
170	237.97249	211.95648	608.21185	22.121769	435.87384	352.21045	786.2242	36.381756	432.4607	341.6239	779.2258	53.936287	514.45984	313.59558	759.80035	24.184475	404.3	570.3	569.1	721.6	679999	163.35167	74.54408	1699.1731	-136.79591	163.39357	74.45712	1722.4742	-109.32061	0.854095	3.1043212	50.87588	-13.43768	-164.58505	329.6733	14744.230840921402
171	386.15103	261.50665	650.328	15.317675	394.66052	228.02234	575.3062	18.367584	344.3979	236.62279	574.86993	21.999197	400.3995	250.91542	565.8121	15.31516	681.1667	688.2	596.1	709.7	683999	166.2533	77.51827	1790.8502	-137.88449	166.27531	77.448494	1809.5428	-108.651726	0.8806568	3.0517304	55.354652	-13.760363	-167.25275	322.42844	14828.953941822052
172	228.79826	235.10213	648.2663	12.588709	343.94266	256.79355	567.57574	21.054855	449.33374	208.4854	571.13434	14.689012	459.20868	181.42862	563.8775	75.417046	390.8889	624.1	815.4	844.3	687999	167.80753	86.10518	2114.9048	-143.90034	167.83711	86.034935	2109.33	-144.23468	0.8155753	3.3652463	47.278282	-12.889698	-168.81828	451.50882	14920.377569437027
173	84.19835	185.845	669.11	0.35321227	5.364938	2.4086146	9.031719	2.5344646	88.98541	245.94293	826.6015	2.587382	5.092385	1.2380848	8.177345	4.182694	145.19354	20.6	120.9	19.0	691999	171.8393	97.35147	2251.99	-136.081	171.84744	97.28891	2244.1829	-125.46327	1.1820107	3.557519	36.139854	-13.907293	-173.08904	530.43256	14984.19804096222
174	41.487537	118.02889	601.9322	-1.7316085	478.91885	15.656907	513.653	461.65073	474.9459	22.403015	511.6387	436.3014	461.94244	12.14659	482.69348	441.57474	89.1	1000.0	1000.0	1000.0	695999	185.37692	109.127594	2506.1665	-173.14151	185.47269	109.10267	2502.3662	-176.2212	2.4926584	3.7652562	39.22318	-14.244513	-187.58444	706.1951	15080.326596736908
175	483.4633	41.567085	530.3445	417.4625	576.28827	278.26324	769.1267	19.1214	440.20346	340.87088	778.11066	18.015913	655.2075	209.60179	765.2786	27.995869	1000.0	809.4	620.2	905.0	699999	213.9595	118.834625	2708.9707	-184.05772	213.98184	118.777176	2714.2844	-155.68494	3.5617557	3.4794884	43.19592	-16.063715	-217.05664	862.02045	15172.291830062866
176	451.13504	309.69772	707.72504	11.6030035	70.47148	32.24554	88.929855	5.360504	136.337	210.1343	761.24347	14.208377	144.92282	226.97562	819.49414	3.356017	677.6667	82.5	180.0	175.4	703999	246.38132	125.953255	2838.7942	-202.83545	246.3576	125.9071	2887.1597	-192.44322	3.703833	3.4617047	47.57222	-14.74339	-249.73647	827.3681	15239.027166604996
177	135.47421	189.59656	666.22406	-0.6513037	300.57947	241.51633	780.0579	127.92948	434.0768	341.0017	779.2948	73.04093	472.22568	291.06284	765.25684	133.33553	198.52632	396.6	563.5	627.1	707999	289.052	137.39168	3083.3157	-213.44844	288.99207	137.39218	3130.9006	-219.20834	4.651382	3.8885958	72.45735	-15.324386	-293.66586	1157.3376	15325.815776348114
178	350.65146	279.0512	704.96246	54.874924	323.7957	203.15714	773.11194	158.73175	438.07495	316.2178	773.54364	55.800995	473.14594	279.7167	747.77264	60.506363	510.0	449.2	597.1	645.3	711999	342.0355	148.08858	3177.8918	-236.38823	342.0699	147.99777	3195.8616	-249.49248	5.2986107	3.8373377	44.960823	-13.187283	-347.34348	1351.6605	15407.200111627579
179	385.05655	257.64948	682.8652	44.884697	171.8647	248.62009	672.43	43.99953	477.21454	283.37378	668.10474	42.375256	208.01021	249.77219	605.88684	38.02163	606.5	261.4	722.1	356.3	715999	395.25568	157.52673	3389.4243	-283.89404	395.36307	157.35275	3422.5803	-246.40288	5.8147483	4.0420423	47.767822	-12.070964	-400.90686	1471.9336	15483.4674949646
180	232.85526	217.85042	553.1329	28.267767	487.64166	159.58078	545.9918	8.995397	383.52225	241.51785	545.7883	13.059136	358.2604	174.57214	537.0675	103.898415	463.9	903.8	709.6	676.1	719999	442.7926	163.26186	3614.114	-268.24512	442.76205	163.31244	3657.7473	-287.042	6.4923825	4.3159657	42.25623	-13.195298	-448.57248	2067.4983	15576.634441137314
181	76.13765	97.46471	455.8645	6.485934	80.783676	62.44508	165.91518	16.993288	129.37044	153.18518	501.71872	11.763485	60.44143	22.072731	106.5197	35.53356	180.60869	149.2	221.7	119.4	723999	489.2609	174.1723	3759.5403	-335.92178	489.11234	174.33858	3757.6624	-327.82956	6.1422067	4.0423865	45.29994	-12.171993	-495.5912	2206.0518	15644.957984685898
182	158.74332	166.75815	463.37488	23.235987	137.7064	213.062	565.98944	27.466713	218.05061	230.70236	566.33136	24.896322	92.34419	188.15253	656.7662	25.15325	336.75	252.9	382.9	154.5	727999	519.2815	182.44926	3965.1934	-317.39267	519.2425	182.44691	3945.669	-328.25247	5.8008313	4.2123795	51.089622	-14.390842	-523.7302	2470.4854	15713.21757721901
183	233.9366	217.70628	501.1699	30.573263	340.67972	324.40167	711.5007	5.1580153	306.1352	345.28497	742.5506	5.231428	161.28224	275.7426	725.9583	18.177044	449.22223	523.8	434.4	244.3	731999	520.76794	191.76128	4036.6519	-287.70267	520.6091	191.73341	4049.0305	-360.03085	6.3738923	4.6357465	61.29793	-11.094984	-525.81805	2689.0564	15789.647608041763
184	603.8768	72.63199	672.51483	497.91553	331.5063	355.39392	774.9879	21.152243	481.99155	352.59695	776.8554	37.434666	392.06387	347.11337	754.63086	21.344166	1000.0	456.9	644.1	551.3	735999	547.459	193.8854	4088.2637	-392.21106	547.3117	193.93242	4108.28	-425.19284	7.2326045	4.534419	51.923607	-13.127103	-553.99677	2730.711	15873.501687288284
185	200.85175	265.0863	657.2828	25.42186	513.74976	235.19969	671.2951	45.00216	391.4169	281.84152	660.65906	40.15427	514.4298	231.90382	646.4059	49.60119	339.63635	822.3	644.8	822.8	739999	596.0188	196.70221	4161.269	-462.7941	596.0643	196.8711	4165.609	-502.40387	7.96541	4.491506	46.516354	-13.762432	-603.7096	3532.2388	15962.603266477585
186	414.51535	263.43683	618.8029	35.787968	226.81381	283.7751	667.0073	36.13518	349.6743	303.29684	664.9362	42.531124	286.5143	299.74207	656.1899	35.968597	702.1667	361.9	550.2	455.3	743999	644.3538	202.733	4416.998	-458.78302	644.4351	202.71928	4456.9316	-440.89917	7.6793957	4.434649	55.685066	-12.566673	-651.93866	3396.6758	16040.78397154808
187	398.50046	198.97798	594.30365	15.441713	452.20377	284.37857	733.15295	12.327352	161.74976	262.94662	729.2403	10.891324	397.07437	166.55989	588.1882	31.981085	808.8	717.7	253.8	723.5	747999	683.6856	227.42503	4531.9883	-433.1319	683.7181	227.50517	4475.585	-473.71127	7.2544875	4.624475	51.873726	-15.796291	-690.86914	4230.938	16124.70658993721
188	286.70438	151.71585	418.31665	20.273083	219.30936	285.92078	699.9882	8.121867	137.91489	213.45595	624.6985	3.4532986	194.83157	252.5542	595.6903	10.54339	701.2	351.7	261.2	348.9	751999	727.7192	248.40506	5070.9165	-436.81653	727.6491	248.49802	5015.1807	-527.4047	8.776202	4.8369617	56.811615	-12.193209	-737.3863	4001.1892	16196.15105843544
189	160.22908	174.44856	456.81805	7.7222753	474.02505	208.49881	585.6307	56.130554	316.14984	264.8993	584.72186	36.672585	321.08008	279.07993	604.07007	35.56751	388.63635	822.0	553.1	544.9	755999	783.1248	251.39635	5325.5513	-553.97485	782.9656	251.708	5307.939	-626.4108	8.544442	4.967592	69.46067	-11.54775	-791.25	4592.5845	16280.724634170532
190	494.61	82.905426	597.46954	410.58173	249.52994	271.7436	666.435	33.874485	420.2509	282.54004	668.9276	49.551315	377.54898	270.80795	653.7757	49.934227	1000.0	417.1	670.3	613.8	759999	796.01263	255.41504	5393.44	-718.95233	796.06177	255.60117	5387.25	-718.2167	8.314125	4.870358	99.75987	-10.106699	-803.95886	5541.8735	16364.790860891342
191	118.231705	99.95311	368.11673	5.633144	283.74854	282.0115	715.8942	56.978294	445.74454	252.79678	675.10236	96.61886	249.36899	290.12582	694.2141	14.981474	232.42857	433.5	699.2	389.7	763999	903.7506	272.96356	5476.902	-593.3821	903.62585	272.63037	5482.432	-534.966	10.30429	4.466594	92.79358	-10.756233	-921.42883	5764.7856	16442.77799630165
192	197.47159	196.8675	722.5782	8.150853	301.21716	301.65372	672.5449	38.97386	356.1723	311.63345	672.2597	23.26094	276.6452	264.0418	606.2083	40.177776	320.30768	485.1	563.7	493.9	767999	1054.9076	288.85794	5292.855	-695.85876	1054.95	288.90005	5275.2715	-607.93805	8.89836	4.498492	96.75702	-13.960802	-1066.2485	6474.8354	16524.368843317032
193	396.51538	276.59808	664.19275	26.230095	441.50543	245.95247	768.4525	51.359703	419.40268	280.16122	770.87274	15.31906	319.5323	232.8835	587.4102	11.832477	647.1667	740.6	677.3	607.9	771999	1038.6718	257.25687	4927.9004	-490.62357	1038.8065	257.27594	4974.6777	-417.59885	8.05269	4.893605	97.43667	-11.336394	-1045.497	5987.72	16615.19131422043
194	172.23946	189.7915	565.6923	6.972435	188.5112	201.78763	583.4506	26.182693	65.110794	52.414394	158.98434	8.837165	108.442795	116.74973	446.08066	19.752514	345.2857	352.3	140.2	243.0	775999	989.89056	254.89664	5091.5454	-457.505	989.85736	254.77446	5168.867	-460.72046	8.029398	5.0035806	92.95766	-11.546986	-995.7687	6040.1157	16685.277037858963
195	131.34439	147.77495	503.76224	40.91216	394.80698	291.15964	765.3834	9.175306	246.94662	249.63644	752.45215	5.2543936	191.96365	231.3124	550.652	7.640344	289.2857	638.8	404.1	370.0	779999	974.09503	278.60715	5263.6855	-515.98596	974.3676	278.39606	5210.995	-500.48395	9.6795025	5.437545	72.0147	-10.805525	-983.8915	7532.4487	16764.46487045288
196	66.620705	112.24808	612.37	4.94409	34.706673	3.3767288	39.38147	27.018862	37.106647	16.568892	60.66802	10.986271	96.627785	181.57796	640.3428	10.354632	129.36	70.3	72.8	165.6	783999	1045.0646	307.6898	5490.475	-519.9824	1045.1299	307.402	5402.2207	-504.23102	11.199155	5.3067346	96.82313	-12.7333765	-1059.9009	10468.248	16831.13286805153
197	64.29749	164.15404	673.1015	-1.0267127	479.9542	260.51538	692.8312	76.10867	478.83844	261.22043	697.3617	63.65464	243.25032	238.19656	608.26917	74.69274	121.20588	753.5	748.9	434.4	787999	1541.3119	508.35425	5534.768	-754.96954	1541.6318	508.04413	5556.302	-607.59705	15.370321	5.7973776	79.628716	-8.580864	-1596.5923	13056.142	16916.22008752823
198	250.65514	305.12698	692.6017	3.4851801	331.59103	209.3766	547.64166	6.78614	337.15195	214.64474	563.1785	9.07171	428.7911	172.87631	544.99475	148.5502	403.36365	611.0	607.5	780.7	791999	2043.1766	436.78235	5368.5386	-749.83	2043.3032	436.6105	5495.328	-652.34076	12.120895	4.826175	105.94647	-7.8874226	-2071.0894	11428.458	17004.11380124092
199	216.9646	210.04749	557.67865	20.957253	220.85599	253.1411	635.60974	3.4348524	403.82132	285.29874	830.0392	42.600113	273.15045	266.2188	642.81573	7.6691556	422.7	373.9	653.1	469.1	795999	2047.8699	383.64615	5659.511	-796.89636	2048.231	383.35068	5580.699	-649.5693	12.170265	5.7856183	87.916794	-10.529619	-2067.8298	13190.632	17083.847373485565
200	242.23688	245.73956	639.3769	12.901237	337.14215	267.94412	626.23334	61.944786	251.33955	261.82803	671.4056	35.61143	203.50168	224.07805	571.3424	46.127865	418.8889	578.6	427.3	397.5	799999	2387.0156	555.4389	5696.985	-949.37726	2387.096	555.23627	5793.7534	-723.22375	14.949206	6.1948857	82.226295	-6.564205	-2435.6108	17590.463	17164.54888868332
201	433.8375	182.72389	585.3237	74.8015	409.6613	192.8456	657.3127	40.751587	229.72762	209.87154	518.09186	42.66024	98.85403	133.03049	496.7416	42.426437	811.8	824.8	485.4	219.0	803999	2563.5667	506.3034	5381.107	-738.54254	2563.6504	506.4195	5549.177	-640.98535	11.74652	4.9300885	85.704285	-9.3827505	-2587.4944	15765.209	17244.03187561035
202	415.68106	224.03082	636.53595	61.90292	204.12186	229.08171	659.8087	62.035007	456.86978	274.36456	768.4854	104.161804	178.53296	167.27579	655.9291	75.46917	692.6667	320.7	684.5	298.5	807999	2432.3674	416.2996	5309.905	-632.2621	2432.4556	416.35934	5324.0244	-603.18835	10.924665	5.509475	190.21498	-8.259768	-2448.077	15718.404	17323.00472521782
203	384.17032	205.54092	637.77704	120.0571	562.2484	154.78047	663.9411	112.544235	549.7285	105.22538	664.8328	276.37408	545.7329	78.80793	628.7086	418.84708	650.6667	921.0	947.2	919.7	811999	2390.5166	473.91104	5487.4214	-996.2737	2390.6975	473.79706	5579.6807	-835.62805	12.498923	5.9041443	257.27173	-8.895462	-2417.242	15918.207	17429.10881972313
204	361.97318	182.118	609.8872	101.24115	521.32166	194.76468	672.0484	88.51588	534.5851	163.55275	712.36066	216.42555	611.26953	39.758957	675.898	561.988	643.0	848.8	875.4	1000.0	815999	2387.9282	523.3162	4948.54	-1060.5668	2388.014	522.9989	5020.503	-840.6046	11.405281	5.7380333	249.41841	-8.547106	-2405.4019	14780.028	17528.580103635788
205	336.61508	187.70064	579.5296	89.27199	502.14984	144.17628	649.1247	121.27741	526.37445	69.97051	614.84186	384.91858	438.30914	51.3661	516.43774	340.9232	672.1667	878.3	970.9	889.3	819999	2273.5352	436.54904	5136.707	-1265.1399	2273.483	435.73297	5256.561	-998.1399	11.663663	6.075576	131.48955	-9.061405	-2289.3794	14184.588	17625.401204109192
206	283.97818	202.8189	535.9286	42.257317	562.76697	16.618874	607.3683	542.78766	566.07153	29.148222	651.8569	546.99713	566.8884	47.78009	617.71136	456.4488	599.8333	1000.0	1000.0	989.7	823999	2162.325	364.29968	4873.346	-1158.7382	2161.848	365.03427	4910.1045	-1164.7498	12.168379	5.9686427	85.569336	-11.780759	-2178.0955	13274.122	17726.863659143448
207	443.8002	165.16681	627.83606	134.46695	516.91016	211.85138	749.5819	0.75793666	487.58673	192.7006	768.37415	95.13522	480.50244	226.52519	749.5018	95.65062	870.0	861.5	831.8	815.5	827999	2111.1892	300.54077	4864.898	-1707.0734	2111.195	301.17413	4765.0347	-1503.2567	12.688839	6.09062	87.83748	-9.203199	-2129.537	13598.518	17819.036648511887
208	20.377193	86.300934	661.7734	-2.3811972	6.031588	1.6095881	8.98566	3.9262953	5.976859	2.1860983	10.111833	3.4007227	8.057512	1.5000097	11.570169	5.9569983	51.13095	23.0	22.9	23.3	831999	2097.482	265.31943	4801.842	-1434.1486	2097.1182	266.33615	4878.302	-1547.8984	13.4687	6.035455	81.59755	-8.7555	-2119.066	15391.283	17879.544341802597
209	46.91606	130.74124	556.7438	2.6951385	319.1247	187.93823	596.73804	155.7221	270.0901	159.18819	601.05273	157.85367	263.8099	168.65807	566.5261	110.16904	93.666664	522.8	437.5	424.9	835999	2163.2205	286.2749	5243.84	-1296.9512	2163.1443	286.95126	5148.081	-1484.2794	14.017055	6.534715	105.269714	-11.717703	-2189.5344	18234.732	17961.26275038719
210	176.8163	261.93588	708.39026	14.947908	63.021435	103.08161	369.775	17.341164	176.25201	211.79779	544.8303	20.444756	129.03778	201.62602	536.45154	16.377386	289.375	141.3	359.0	245.9	839999	2336.285	299.7076	5408.687	-1629.016	2336.5596	299.05933	5414.6367	-1459.1321	14.952658	7.04346	113.856125	-9.57788	-2370.9084	21617.227	18031.909271240234
211	288.78687	215.93454	612.2698	34.49096	517.20123	30.269665	551.03876	460.35797	471.8955	132.73135	552.41077	83.94678	336.09186	235.32349	546.2801	13.718464	520.2857	1000.0	918.3	653.8	843999	2621.1655	356.43994	5262.8643	-1022.44495	2620.9026	355.65378	5410.7944	-1379.5793	14.56705	6.1682267	133.53873	-9.728062	-2656.7112	20302.674	18130.843636989594
212	333.93317	221.51979	552.2845	10.253073	656.546	18.63176	673.98364	628.18933	664.8953	25.614172	699.9986	613.2622	648.91223	13.521765	663.1174	627.85516	616.8571	1000.0	1000.0	1000.0	847999	2637.8623	327.71014	5758.2676	-1306.1971	2637.8237	327.77866	5616.7188	-1607.1483	13.215619	6.963615	118.99933	-12.539015	-2663.2393	24337.557	18238.571146965027
213	117.984024	207.53268	704.36414	-11.029329	306.8553	307.05695	617.7977	-1.3681734	304.1085	304.25598	620.4293	-0.8559012	186.16751	280.68488	619.6306	-1.46136	235.2	508.5	508.2	316.3	851999	2863.161	415.70496	6540.4604	-1282.1189	2863.8848	415.9526	6376.8604	-1327.5143	15.956463	6.7172365	123.735176	-7.2712812	-2913.694	37016.395	18320.54928803444
214	34.156826	123.90229	623.66016	-3.976326	477.73975	156.34126	535.0362	8.82194	167.58212	240.19843	535.72003	-1.7485663	529.6815	6.1697764	535.29584	514.4765	79.9375	905.2	328.9	1000.0	855999	3301.1108	414.76797	6736.4497	-1841.1102	3302.003	414.52612	6782.584	-1877.5654	16.622625	6.9913926	141.78702	-8.425432	-3350.4539	46264.64	18411.347437143326
215	235.3659	208.70363	564.70215	-0.54462963	399.04327	61.24479	528.68286	255.35019	373.28183	61.29194	411.74292	234.23756	413.4319	42.41951	540.51025	393.93564	461.0	983.5	960.5	1000.0	859999	3301.5645	369.46017	5987.5806	-2195.0254	3301.5178	368.49356	5943.74	-2112.2693	13.632012	6.5961423	99.66132	-7.9461827	-3328.43	37857.176	18518.344071388245
216	581.7738	35.0327	612.0293	522.1003	601.6789	35.825455	674.1434	574.5654	584.72925	9.383224	603.26434	575.8793	580.3601	12.8871975	605.1416	563.75586	1000.0	1000.0	1000.0	1000.0	863999	3275.4175	375.10074	5626.512	-2434.8196	3275.3623	373.7669	5545.15	-2171.7136	14.181875	6.3183775	94.03852	-8.730087	-3311.4495	35184.29	18621.923553943634
217	608.9402	30.6626	645.79254	566.7745	568.10474	22.220928	628.8042	549.36194	571.38245	28.98393	639.9749	521.1401	563.16516	14.850099	587.93555	544.3455	1000.0	1000.0	1000.0	1000.0	867999	3347.3828	405.5765	5856.9976	-2646.2148	3346.1091	405.33887	5531.1626	-2476.178	14.405235	5.970797	128.11337	-4.9001174	-3384.2305	39196.12	18725.157498836517
218	501.4117	197.54059	627.768	110.24823	530.82184	35.5442	601.9629	469.32248	482.5507	125.71717	585.99457	177.93651	525.8445	34.3301	595.0684	456.22733	843.0	1000.0	887.9	994.8	871999	3440.1165	434.69702	6003.264	-2608.1106	3439.956	434.43475	5591.686	-2451.3352	14.911833	6.077594	163.72719	-8.302084	-3477.761	39808.434	18827.375510692596
219	349.05667	263.921	649.53094	30.479494	541.3996	187.44048	733.88934	62.167183	595.81067	79.55757	691.1382	424.9534	490.0661	174.39563	667.68414	37.30381	572.2857	914.8	1000.0	910.3	875999	3453.4692	395.95392	5895.933	-2427.9023	3453.1125	396.51892	5358.008	-2379.9827	15.923625	7.1305203	153.7753	-5.7294273	-3486.697	40701.77	18933.964001893997
220	279.69357	224.59442	698.4913	22.650063	593.47614	198.43352	761.1174	10.275976	544.83496	231.933	757.01434	8.837518	500.02057	249.18182	698.09204	1.496643	495.2857	905.0	840.1	805.3	879999	3447.7517	375.99075	5879.5117	-2480.5757	3447.8115	377.58188	5532.762	-2686.964	17.121393	7.89699	172.06767	-8.380075	-3480.6584	38751.547	19036.88236451149
221	617.0574	27.213678	655.3156	578.45264	549.22217	144.39557	646.85315	216.3406	615.91003	55.185066	648.67664	462.83325	447.36395	199.74477	626.38416	117.473785	1000.0	950.3	1000.0	790.3	883999	3519.3313	451.07288	6161.049	-2252.676	3519.1724	452.9112	6157.499	-2420.2715	18.187464	8.260314	139.50116	-9.903301	-3562.4675	38497.953	19135.931250810623
222	507.66153	170.8939	652.71704	182.53333	506.96576	211.2726	681.1049	-16.736996	526.84265	151.35185	698.6115	118.10811	480.02945	234.74516	687.49286	11.05651	879.8	827.7	895.4	810.7	887999	3819.8076	619.6089	6609.9863	-2062.385	3819.672	619.8934	6683.668	-2180.1223	18.032282	7.706042	167.31339	-8.383919	-3869.054	46742.727	19227.242167949677
223	528.53656	200.83936	683.8474	131.48775	634.21967	22.725311	663.372	582.9614	622.80884	23.43952	651.47394	558.77704	628.9225	13.805843	644.23224	591.65765	865.8	1000.0	1000.0	1000.0	891999	3923.581	643.01965	7113.6143	-1982.6847	3924.233	643.2364	7168.0605	-2242.8894	17.01989	6.7129745	166.15596	-7.8278766	-3963.6943	44884.215	19325.69667172432
224	634.08044	54.59804	707.6931	553.6461	686.30316	44.590508	750.8423	628.122	660.2573	50.97503	754.87616	570.4276	689.148	42.464775	735.81537	625.1624	1000.0	1000.0	1000.0	1000.0	895999	3963.7559	763.64935	7087.0522	-1967.6401	3963.219	764.3344	7252.2954	-1757.5764	16.083538	6.3946896	267.65082	-6.5101514	-3998.936	42793.64	19426.02145600319
225	638.0989	37.561802	698.9515	596.1665	635.5323	202.41806	761.1361	58.33237	700.0919	47.724598	746.65686	596.4331	707.34283	44.439255	748.19745	616.08954	1000.0	915.3	1000.0	1000.0	899999	3853.8403	805.7734	7055.947	-2142.6345	3854.0103	806.5544	7124.5835	-2344.1343	16.042572	6.6904836	209.19334	-7.1789684	-3882.1145	44318.97	19529.6348156929
226	669.94885	32.224846	702.81354	630.6414	598.4202	22.37618	661.0323	571.956	620.5521	33.586903	665.314	580.7143	573.6015	12.909317	597.97034	558.40094	1000.0	1000.0	1000.0	1000.0	903999	3781.46	858.1968	7325.1475	-2114.1355	3781.657	858.52826	7065.587	-2277.5386	15.98885	7.4482584	320.13165	-6.4976654	-3812.792	41689.984	19643.231083393097
227	588.1808	16.356422	606.6579	562.5977	526.9584	136.40732	611.02576	128.3671	481.0644	148.12476	575.6281	43.07037	530.3918	11.252074	545.7954	507.06335	1000.0	932.6	911.2	1000.0	907999	3699.6006	853.0344	7685.3853	-1946.758	3699.755	852.4674	7123.3857	-2288.575	16.56144	7.7206	325.90268	-7.6967473	-3728.9604	41429.11	19742.61100769043
228	623.4756	65.03975	708.88196	554.64496	370.6605	229.74542	652.3382	40.08403	488.37387	218.79266	729.3719	27.315529	472.3916	254.25536	711.70886	53.6178	1000.0	663.0	829.0	755.6	911999	3663.393	847.59656	7431.8315	-2107.5222	3663.319	847.79266	7073.29	-2019.2627	16.557888	8.013081	378.5824	-6.1919127	-3695.2698	38730.47	19834.441161632538
229	473.60126	232.0016	656.8662	24.58113	141.76215	218.93896	593.5195	18.178623	105.074646	179.10773	635.4452	21.771053	39.60454	34.593506	130.46577	10.074575	772.2	251.9	188.7	95.7	915999	3628.8145	830.5253	7467.3716	-2206.1504	3628.2727	831.8048	7200.249	-2466.6643	15.654858	9.815587	634.608	-6.6501203	-3656.054	41973.28	19902.65933227539
230	279.28418	301.8391	646.0242	-2.2120728	64.60051	192.90749	643.26697	-5.379888	413.54205	338.91846	739.4726	-1.3778335	325.4782	326.05423	655.7768	-4.2816434	467.0	123.7	613.3	514.9	919999	3649.175	759.10706	7959.1226	-2004.3009	3649.4282	759.3839	7606.224	-1944.2977	16.54075	11.977628	708.812	-7.0079365	-3685.8357	52907.348	19979.532343387604
231	-5.682118	46.27145	625.5406	-17.472456	-13.385872	0.7477581	-12.149167	-14.196686	-13.434888	1.0689859	-12.268888	-15.478376	-13.744881	0.8072208	-12.379767	-14.955192	21.457447	14.4	14.1	14.0	923999	3774.159	726.8106	12964.909	-1710.738	3774.1052	726.18677	11671.645	-1417.9738	19.119953	25.502413	1169.9369	-6.3149385	-3822.3374	89406.58	20041.726449012756
232	-8.123668	5.1140056	10.370411	-17.663004	-2.5848274	4.606472	2.4595506	-13.297132	-2.5744941	4.4962387	4.205021	-9.209566	-3.640437	6.35358	5.3259597	-12.731463	18.75701	23.8	24.0	22.1	927999	4995.2393	1080.3206	12939.622	-4193.849	4994.775	1079.026	12805.486	-5138.653	41.52249	36.323204	967.8369	-6.557544	-5166.7593	162774.36	20101.89199066162
233	9.075706	7.9987984	36.339542	-10.541008	0.9224742	4.866143	14.796406	-3.0200148	1.6493063	6.526191	20.446016	-2.9281871	0.07220745	2.0335398	5.3625937	-2.5413053	26.150328	13.1	13.3	12.2	931999	6707.491	1103.3632	12498.703	-4883.174	6707.5195	1105.1812	12430.792	-7002.6177	40.333652	31.793674	607.0444	-5.828003	-6847.004	178705.89	20164.8320813179
234	35.714695	105.78019	512.85815	-4.441397	556.6559	187.74338	651.271	17.166395	474.76294	240.71826	647.91974	12.660319	551.8269	74.64003	627.63275	370.16718	80.0	908.3	814.1	972.2	935999	7714.7583	1349.0973	14459.986	-4293.0283	7713.187	1351.1168	13698.665	-5011.642	29.66181	21.229069	549.1929	-4.3409967	-7868.217	209139.7	20257.48439335823
235	515.6594	98.671585	636.056	361.36804	657.5741	48.096317	737.32764	572.9254	696.0219	51.21762	750.6971	553.13684	499.55112	164.89009	755.0295	192.51686	1000.0	1000.0	1000.0	1000.0	939999	8953.111	1656.5498	15721.935	-3724.206	8953.822	1656.5386	14973.117	-4306.7456	24.500862	17.265045	517.4278	-5.080844	-9103.528	231118.28	20356.18111205101
236	26.032902	79.865036	558.0519	-0.25921014	11.527528	5.012383	20.81088	3.5153742	59.56953	135.43091	465.33353	3.2387729	13.129593	5.6897283	22.306854	4.6918964	62.32353	28.9	130.9	30.1	943999	9672.165	1799.3005	15607.712	-3109.5242	9671.721	1800.5344	15585.137	-3531.5352	23.020527	17.34781	590.07275	-2.8601422	-9811.847	256920.83	20420.780554533005
237	18.466318	69.77896	609.7954	-8.656099	132.47473	222.24765	584.9936	-5.440941	118.15497	117.60569	376.82855	0.1757267	156.14346	257.3421	657.643	-20.105116	48.308643	249.6	542.9	275.0	947999	10084.162	1812.765	16368.185	-2847.5764	10082.771	1816.6221	15551.492	-3234.568	21.840315	15.255167	594.3688	-3.338677	-10204.626	280750.34	20494.482717990875
238	58.266277	114.516884	569.47626	-3.8645654	425.20258	184.21588	601.5725	31.940578	559.55835	114.64412	642.62616	236.91875	409.33807	175.64511	714.5645	95.299774	119.0	890.6	1000.0	917.6	951999	10013.712	1577.6907	13575.582	-3025.9082	10013.871	1579.5095	13473.134	-3292.237	23.596165	12.778375	451.3325	-4.411312	-10119.568	295503.66	20591.542697906494
239	530.43066	115.33009	616.23206	331.8439	385.71088	136.06097	597.1333	231.32701	444.9937	145.14796	610.4086	175.6724	511.47232	102.994896	589.1564	292.50766	936.0	987.6	978.2	1000.0	955999	9884.636	1395.3241	13335.5	-2772.5745	9884.6045	1396.665	12397.61	-3786.923	25.84913	12.879015	430.63004	-3.607924	-9990.056	312065.22	20692.849095582962
240	157.50706	195.25713	582.6177	-3.7298503	223.92952	291.7927	693.71985	-3.2506669	175.0253	270.63663	768.251	16.277079	173.91135	268.625	738.1712	23.476534	320.0	355.3	269.0	286.2	959999	9890.459	1330.5002	12661.098	-1885.1726	9892.436	1329.7225	12284.977	-2134.9866	29.001928	15.728431	467.80313	-3.2272816	-10003.494	313814.34	20767.20024228096
241	93.86083	149.65337	656.57336	2.8320932	285.5912	196.75526	643.78094	54.086742	397.64166	185.42987	574.45593	58.687584	248.9126	167.95258	557.4331	39.900314	203.6875	539.7	769.0	466.7	963999	9723.163	1238.0122	12274.857	-2687.4338	9723.614	1238.6262	12575.488	-3554.4446	27.338835	14.400122	483.85526	-4.1269546	-9817.678	299724.84	20849.815459012985
242	554.2915	20.452356	577.18567	533.57294	721.3194	60.113815	766.2911	550.36017	639.72546	218.0748	762.176	1.6834701	639.15735	11.987438	667.7403	622.40076	1000.0	1000.0	904.4	1000.0	967999	9549.935	1184.807	13509.545	-3098.6504	9550.602	1183.2249	12377.296	-3233.9995	28.95913	14.774849	577.32074	-4.5734344	-9651.238	303187.3	20950.582192897797
243	271.81607	302.38858	654.1227	-6.808205	576.70105	200.70427	713.78033	0.44892597	412.6918	274.28488	659.3828	-3.698715	529.055	178.781	613.9438	-3.9317057	462.55554	902.1	707.0	903.6	971999	9292.533	1141.4294	12463.742	-3394.6777	9292.65	1142.3802	11931.428	-3520.2556	25.42174	14.529476	546.8522	-5.447273	-9366.495	272509.8	21043.859858989716
244	316.0056	251.73036	607.4351	-4.997229	270.24893	228.06444	599.5815	-21.70241	271.00064	259.87967	637.48083	-22.206781	359.11948	177.74069	586.0714	31.446554	553.0	580.5	551.9	734.4	975999	8717.018	1064.1648	12697.2705	-3030.2	8715.783	1064.8306	11487.368	-3617.8542	24.795452	15.647417	657.55383	-6.6137867	-8788.011	245369.83	21130.118161439896
245	588.082	20.487453	620.8262	569.03845	542.88727	168.16342	619.48724	41.325115	577.1941	52.78726	635.2805	431.89114	574.2544	14.662976	602.0228	543.6701	1000.0	917.6	985.8	1000.0	979999	8379.049	1124.7667	12191.756	-4175.078	8379.237	1124.7212	11365.035	-4173.7744	22.902357	14.005139	650.51996	-2.8781118	-8452.02	216465.86	21228.470663309097
246	493.27612	61.84693	562.1794	413.48138	331.5241	112.72404	443.5605	13.85617	288.3349	122.845726	445.57416	1.8751655	322.3366	144.30562	454.83517	10.289356	1000.0	913.7	820.4	840.1	983999	7895.2505	1157.1113	11543.201	-4318.039	7896.5522	1156.4381	11267.506	-3905.1223	20.444914	12.089664	610.15027	-12.876024	-7948.2993	199941.73	21322.324054718018
247	512.8037	86.87117	598.90485	369.4811	392.92294	156.02762	642.4729	69.47925	426.2984	162.10757	569.7475	11.505736	489.1918	169.53378	618.3027	7.449356	1000.0	670.8	772.1	853.0	987999	7248.4575	1071.6887	12031.408	-4847.948	7248.1333	1073.3384	11165.031	-4483.815	20.485624	12.052513	517.7835	-8.5033245	-7294.604	155427.45	21410.54466533661
248	466.8685	148.23318	612.471	271.4792	522.297	51.852062	590.6965	422.2441	453.63492	161.2445	627.4415	14.709546	500.0057	166.45471	631.6509	12.816033	796.4	944.8	827.3	855.1	991999	6689.185	1054.7114	11510.413	-4777.027	6687.6685	1056.4237	11120.399	-4974.4434	18.432125	9.811979	555.55664	-5.3846006	-6732.127	137079.47	21504.736668109894
249	333.4991	193.38129	627.31964	78.0503	168.86874	227.11751	617.329	5.992956	65.10299	148.7108	510.8774	9.304913	286.34073	264.42245	620.7231	8.3808365	568.6667	381.1	187.2	509.3	995999	6287.712	1093.2758	10722.314	-4575.67	6288.7915	1093.7941	10690.028	-4091.4521	19.586208	9.807298	582.1335	-3.6267295	-6344.5454	127554.16	21580.592292547226
250	346.42612	227.0693	577.9884	24.72589	246.38623	174.031	636.6361	34.1284	436.38605	229.34172	719.8671	38.489296	350.2493	182.86829	642.4663	26.376223	665.0	456.0	712.1	613.5	999999	6312.534	1226.3475	10848.245	-3976.8528	6313.03	1227.4597	10653.762	-4827.242	21.209438	9.303608	563.19293	-5.7396355	-6394.389	122292.12	21668.638393878937
