Epoch	AverageEpRet	StdEpRet	MaxEpRet	MinEpRet	AverageTestEpRet	StdTestEpRet	MaxTestEpRet	MinTestEpRet	AverageTransferEpRet	StdTransferEpRet	MaxTransferEpRet	MinTransferEpRet	AverageRandomEpRet	StdRandomEpRet	MaxRandomEpRet	MinRandomEpRet	EpLen	TestEpLen	TransferEpLen	RandomEpLen	TotalEnvInteracts	AverageQ1Vals	StdQ1Vals	MaxQ1Vals	MinQ1Vals	AverageQ2Vals	StdQ2Vals	MaxQ2Vals	MinQ2Vals	AverageLogPi	StdLogPi	MaxLogPi	MinLogPi	LossPi	LossQ	Time
1	3.0807517	3.540148	15.231587	-12.566421	18.75356	2.2829177	21.545073	13.349415	19.03123	2.5677183	22.666231	14.2774935	19.02364	2.0615408	22.243826	15.242012	17.528635	22.9	22.7	23.2	3999	5.73269	4.5749273	20.096731	-5.2774734	5.732607	4.5768557	20.40271	-4.5269213	-2.7120695	1.4769506	9.163605	-13.893811	-6.8228426	0.43375513	55.77638387680054
2	2.655928	3.7074234	17.527245	-10.221127	62.58902	29.88116	133.58372	34.294235	144.07687	141.13274	436.13544	45.532333	88.10455	34.91517	161.1936	45.617958	17.426086	118.6	314.9	157.4	7999	12.69096	10.258125	46.27299	-5.8575497	12.691113	10.259427	44.843113	-6.268117	-0.65871495	2.455469	11.045242	-13.118411	-14.728588	0.8232407	137.71899318695068
3	11.423965	29.647116	170.41725	-6.1403604	293.64896	108.64425	477.47052	162.20267	325.00186	141.13942	497.55988	127.8377	226.8543	63.795956	389.0021	163.33582	31.11811	597.8	660.1	459.0	11999	21.91424	21.522696	99.157745	-7.5337934	21.913376	21.52467	97.84919	-6.860626	0.88538826	3.4456975	20.741884	-14.748028	-25.778234	3.2917695	233.79027485847473
4	239.53589	166.48425	588.7579	33.359165	207.9852	97.01616	377.86676	133.23944	269.73517	161.70506	510.34412	75.144966	162.68474	62.848217	341.12793	121.60221	420.77777	374.7	524.1	300.2	15999	32.431625	26.917847	85.59686	-6.9564447	32.43155	26.919588	83.74983	-7.0862527	0.51350224	3.2038074	18.702278	-14.024038	-35.519215	7.0798144	324.2360510826111
5	374.462	126.6401	580.9772	224.44919	419.73203	163.46599	590.04486	172.12631	442.53116	166.99174	671.4581	171.43777	284.14062	73.2586	397.26974	154.50102	649.6667	709.9	769.6	472.6	19999	38.14278	27.047384	81.74056	-6.397211	38.14305	27.04816	81.8374	-7.0417585	0.070666626	2.9393134	17.52031	-14.170383	-40.52033	5.550755	423.86569333076477
6	529.38226	83.5853	590.6386	385.94995	238.48679	69.26891	366.78574	156.23116	313.05487	173.33136	606.2143	72.30827	284.45612	92.933075	396.61157	115.88764	903.25	398.2	522.8	472.0	23999	43.322086	27.184063	82.65599	-5.9485025	43.32174	27.184748	82.73662	-6.8907943	-0.113671936	2.890832	18.030323	-14.098185	-45.351326	4.341964	515.8836226463318
7	458.75912	138.20465	605.50244	289.1407	318.72055	101.5572	569.7797	142.11945	377.8361	180.71762	614.5874	103.37574	275.19623	125.51283	555.71094	117.70073	784.3333	519.5	597.9	450.0	27999	48.86957	27.262972	89.09572	-6.6369934	48.869366	27.263128	90.18698	-6.999829	-0.17518018	2.9237185	20.86288	-13.783298	-50.749832	4.2222686	611.202942609787
8	578.55457	32.028812	602.589	523.7522	435.80087	165.86806	597.86145	148.38708	379.21216	159.95958	567.1605	81.3035	418.9354	184.9478	648.9348	145.08435	979.75	773.5	704.6	722.7	31999	53.237583	26.794926	87.13215	-9.4441185	53.237415	26.794891	86.9097	-7.8318477	-0.44322973	2.7680166	19.362108	-17.385263	-54.88722	4.4277987	716.4392096996307
9	593.59534	16.04207	610.3136	567.8705	454.86172	176.87552	588.2018	82.42771	532.77795	39.634323	587.68774	461.86862	442.02466	172.88911	587.4879	85.22394	1000.0	785.1	922.4	766.1	35999	57.292255	26.351858	88.502815	-27.868313	57.291916	26.351772	87.89388	-7.959938	-0.54141027	2.7552857	18.270922	-13.734858	-58.8096	4.250168	823.8584232330322
10	372.87933	197.4316	574.0108	39.311523	449.26816	120.36552	584.559	165.6092	400.122	126.36921	527.74414	193.6236	416.7871	94.32083	529.14154	244.06825	650.8	840.3	766.3	798.2	39999	61.95014	24.741713	89.82418	-17.444181	61.950047	24.74108	90.22232	-13.632362	-0.33391458	3.0710733	26.010254	-15.348808	-63.43938	5.516044	930.3006036281586
11	525.22375	88.63396	594.3488	358.4333	336.15393	91.33856	440.63916	196.69818	434.44913	116.39176	570.5737	191.60242	390.44287	107.14071	604.4634	219.12617	913.4	580.3	757.4	663.7	43999	65.73555	24.217089	91.53237	-32.669888	65.7356	24.216944	91.902885	-13.177501	-0.5194657	3.054094	19.221395	-13.141074	-67.13481	5.047655	1029.8804264068604
12	448.71948	166.2574	588.1111	209.65721	625.5412	55.376747	735.27057	495.68384	597.63635	113.536415	707.90314	334.77597	599.84094	56.348988	654.9956	494.57892	769.0	1000.0	916.1	1000.0	47999	68.27972	24.756641	94.084206	-42.459194	68.27995	24.755718	93.95297	-28.406	-0.8670135	2.8275268	19.505022	-13.335298	-69.54492	5.074836	1143.4191598892212
13	595.5255	9.426881	608.12396	582.63074	278.66342	133.16101	651.55963	182.10213	357.5163	178.2617	627.4311	170.4585	258.43414	59.94928	349.602	182.82379	1000.0	417.1	564.0	380.5	51999	70.66287	25.726828	95.90843	-17.543936	70.66249	25.727255	95.59545	-33.718636	-1.0666416	2.8417084	18.11724	-13.38475	-71.971016	4.3880916	1235.4878160953522
14	581.29407	8.162533	594.4408	572.1935	365.52945	108.30264	650.9102	282.29388	411.87994	165.18945	620.4708	210.00397	391.15292	153.55496	619.4948	230.86523	1000.0	591.7	670.8	631.2	55999	74.0196	24.370382	97.4812	-58.798065	74.01918	24.370605	97.37313	-31.732811	-1.1005126	2.898633	19.48318	-14.508978	-75.31469	4.137018	1336.1910133361816
15	544.0189	52.540012	580.6099	453.60043	347.7193	136.7994	606.9013	193.02975	357.3965	147.59381	570.173	164.87758	372.7514	122.02635	600.771	220.26624	945.5	572.3	605.8	600.0	59999	76.850784	23.744888	98.94909	-33.10925	76.85047	23.745504	98.728455	-23.987843	-1.2686946	2.831283	23.720093	-14.65203	-78.08022	3.5793626	1438.4013566970825
16	574.11096	3.2347162	579.65466	571.5667	210.92984	22.896233	243.51677	167.44495	399.82343	174.19717	624.60583	200.10013	215.01443	24.65577	261.43686	185.32115	999.25	347.9	656.3	349.8	63999	79.47336	22.9013	100.52608	-37.01413	79.47341	22.901735	100.360954	-47.93562	-1.2800597	2.9426398	24.182133	-13.300717	-80.70964	4.3058105	1531.0811474323273
17	582.81	8.931627	597.45013	573.2969	263.91016	25.809484	306.54303	226.61575	333.2785	119.77656	593.8015	237.4244	264.63483	15.337135	284.23386	236.44525	1000.0	446.6	566.9	444.6	67999	82.18331	21.480433	102.16438	-62.942093	82.18315	21.480988	101.419525	-39.60071	-1.3098546	3.0118494	22.13946	-14.496763	-83.389435	4.640913	1624.9420928955078
18	300.67645	291.8409	618.0198	-2.0475397	205.7782	38.604412	276.19858	160.33546	251.51562	159.48154	576.9347	128.32153	220.15096	36.464977	305.84015	178.18643	523.875	329.9	423.8	355.1	71999	84.4926	20.941446	102.89966	-46.224064	84.49287	20.94022	102.78218	-69.99714	-1.3547653	3.0820668	36.690823	-12.515658	-85.66314	4.749541	1714.1751952171326
19	536.0808	92.234	605.14374	377.2788	352.80795	133.357	543.0015	196.69005	436.19693	94.74393	549.6158	251.35576	484.3602	86.41703	575.9962	266.76074	911.0	639.2	796.8	905.4	75999	85.40541	22.415512	105.306694	-45.373432	85.40572	22.41483	105.66767	-46.493095	-1.5362551	2.7358668	30.608955	-12.847309	-86.468544	4.273415	1822.6764552593231
20	580.6101	5.83713	584.7539	570.5348	341.18127	133.53767	593.343	216.57	320.11792	145.1708	592.0219	186.40135	414.73444	147.43198	571.17816	234.40707	1000.0	560.6	527.1	716.6	79999	86.42161	24.12421	106.7257	-58.459164	86.42157	24.123047	106.54289	-50.020145	-1.6541921	2.6945474	24.799423	-13.921307	-87.5244	4.179279	1921.4921717643738
21	564.2537	31.185154	587.9786	510.59665	295.5235	25.063667	344.27454	259.6011	340.1566	113.79082	573.48706	257.49478	299.16888	39.88136	411.0865	263.69904	972.25	462.4	559.3	470.6	83999	87.7812	24.615753	109.96458	-45.329384	87.78131	24.615562	107.51344	-49.20027	-1.7913184	2.5909514	20.766832	-13.917164	-88.86061	4.1572995	2029.987242937088
22	457.55527	150.65266	611.57764	207.1086	253.15938	36.894104	302.06805	209.16565	377.94595	155.70747	586.3226	198.30931	235.29097	31.120195	303.09042	204.66118	776.0	396.9	641.2	368.2	87999	89.05455	24.436533	108.3188	-54.28515	89.05479	24.434603	108.70535	-68.38369	-1.8445456	2.5837052	27.006699	-13.719697	-90.1062	3.9575088	2133.6583800315857
23	437.29028	125.44212	585.1624	270.54132	338.71082	116.4876	637.6915	240.6854	416.36597	178.07645	719.536	240.0213	318.32388	61.623425	445.3455	216.50645	751.2	510.4	604.0	467.1	91999	90.34133	23.967323	111.052475	-45.81343	90.34123	23.965609	110.7923	-54.555145	-1.8571011	2.5671866	25.538559	-13.572039	-91.375244	5.2842627	2230.1211562156677
24	498.41406	108.814476	604.1165	319.488	272.75067	23.49377	305.67914	241.43607	316.70422	126.635994	673.9171	168.24536	275.8466	38.682934	365.00186	222.58101	860.8	405.8	472.0	410.4	95999	91.10586	23.703138	110.883865	-49.3887	91.10572	23.705364	110.7562	-41.043114	-1.84029	2.5979772	27.331896	-13.168377	-92.12515	5.0516477	2321.6701896190643
25	563.87354	6.440509	571.8194	554.1427	512.41144	147.9132	666.8996	250.97176	486.75797	179.88782	667.3652	262.1639	440.1122	166.8234	662.9028	267.91904	1000.0	818.6	769.1	699.7	99999	92.01682	23.157957	112.05079	-74.839165	92.01713	23.153131	113.161835	-43.287045	-1.8745586	2.5984147	34.681118	-13.980432	-93.02188	5.422501	2427.744551181793
26	568.8561	5.2892246	575.567	560.8594	231.95671	30.53157	291.1263	199.70801	283.58917	129.13298	657.89246	185.25916	250.78178	25.813755	299.43716	211.03506	1000.0	329.5	408.0	353.6	103999	93.01969	22.388939	113.176125	-41.30561	93.01971	22.391905	113.98375	-60.089233	-1.86012	2.7053926	42.684517	-13.668873	-94.016685	5.1694474	2526.4955229759216
27	482.14935	177.18982	582.70276	128.0274	261.8401	72.805504	441.4324	181.85403	343.24463	173.63547	661.9764	187.96011	228.21484	49.5766	350.8427	184.9341	847.8	408.7	540.8	355.0	107999	93.87174	22.404068	116.562836	-44.513943	93.87093	22.404642	116.99921	-48.755924	-1.9323633	2.6858988	38.133907	-13.597379	-94.83659	5.1424494	2620.340307712555
28	451.79855	128.84517	567.96344	236.31877	371.92114	182.58406	616.90546	189.4692	365.76862	164.55083	598.8598	195.35042	311.14288	51.108215	374.086	215.68457	811.5	592.0	578.5	465.4	111999	94.57934	22.426422	114.12331	-40.138386	94.57908	22.42901	115.8314	-40.750023	-1.924954	2.6497154	32.582233	-12.630194	-95.55436	5.4256067	2719.435012102127
29	537.73474	67.353966	581.527	403.48526	417.67325	89.98656	595.8666	343.0474	412.69125	150.07077	615.8747	161.74469	498.4427	143.00592	655.5426	218.27902	940.8	673.3	676.6	808.2	115999	95.33314	22.309921	112.8286	-50.966553	95.33305	22.310572	113.27878	-77.78533	-1.8881339	2.6472397	33.642887	-14.671522	-96.28577	4.7656155	2823.2485451698303
30	574.39954	3.0651252	579.6493	572.0244	635.2063	151.81613	742.7227	325.94302	555.2569	206.0148	753.6101	183.30908	518.55347	206.98322	686.2711	102.38302	1000.0	910.5	827.1	784.6	119999	95.91892	22.496609	113.65938	-66.49623	95.9194	22.496496	116.80599	-79.66827	-1.984491	2.57884	27.220865	-12.848761	-96.8649	5.3459873	2933.088274002075
31	563.3541	8.341471	574.6558	552.9524	192.48447	31.10156	221.70522	112.11255	279.32098	200.39218	590.45306	87.33311	191.74596	31.206015	229.43272	116.39294	1000.0	337.0	481.3	324.9	123999	96.74479	22.013943	114.75751	-86.00631	96.7452	22.012867	114.64215	-44.706703	-2.0005188	2.5852807	27.73105	-12.446966	-97.698975	4.873636	3023.977309703827
32	543.6857	47.31312	576.0589	462.11203	158.28716	75.10451	308.7081	96.39765	160.50249	87.04588	375.65298	92.08245	324.43143	99.291176	546.00775	106.87004	946.5	289.1	291.3	510.8	127999	97.36003	20.949135	113.638916	-54.67263	97.35976	20.953175	113.68064	-49.55887	-2.0314202	2.6460116	39.870064	-12.858423	-98.30562	5.349246	3114.771187543869
33	517.0065	89.98905	597.47186	364.85117	204.38469	14.568351	228.09123	187.32474	384.7316	237.81648	731.1501	133.13713	230.07706	40.95894	340.39572	182.35477	890.0	309.1	575.4	334.3	131999	98.23786	19.350725	133.65527	-51.962734	98.23796	19.349453	131.48444	-36.762955	-2.0043685	2.760569	42.99773	-13.283263	-99.191765	6.639077	3219.164202928543
34	7.521401	74.48778	568.38306	-19.783487	501.77496	32.56741	546.99945	433.28738	528.92957	57.347256	639.7253	428.3799	522.1361	41.518337	574.8498	471.42136	39.67857	985.1	984.3	1000.0	135999	101.17635	22.349237	172.98576	-57.020668	101.17733	22.34873	151.16934	-88.05668	0.5638623	4.414963	73.750374	-12.722089	-103.33003	11.789351	3334.8479464054108
35	319.699	178.85968	546.33435	90.03505	141.70644	123.19853	463.29575	62.003586	337.4205	155.98213	508.20886	72.79472	186.79524	144.61942	544.5219	61.843933	606.1429	284.8	652.8	344.2	139999	108.57847	27.05393	144.54376	-69.012474	108.5787	27.055618	146.64302	-47.16102	-1.1125029	2.5212927	23.708221	-16.106148	-109.88397	8.091952	3428.580757379532
36	489.40094	188.47664	614.2886	163.43776	256.0248	92.54162	482.61032	167.36203	426.90985	208.0422	689.80756	188.8659	253.02463	61.955044	343.63895	172.83138	818.5	408.3	655.7	404.7	143999	109.84165	26.56549	136.05016	-54.95931	109.8414	26.569273	137.57321	-31.33639	-1.7776682	2.558481	26.202427	-12.740501	-110.95688	7.553888	3523.8638775348663
37	613.73956	13.698025	632.8506	594.15137	229.46777	68.290306	336.31436	133.73636	266.6558	139.84793	667.4504	186.84132	231.75613	44.899055	304.2224	142.18863	1000.0	354.9	428.0	364.0	147999	108.32211	25.878931	135.15462	-56.980087	108.32193	25.87861	135.3628	-47.82551	-2.0265942	2.555003	27.148056	-12.12148	-109.30317	6.1205225	3616.051349878311
38	589.16504	11.875708	602.56946	570.2166	215.40079	73.47446	426.3523	154.44376	285.57156	149.04266	677.6995	151.28035	280.8083	92.95771	391.4615	146.17546	1000.0	359.2	454.5	443.6	151999	106.63034	25.17027	130.45937	-67.9387	106.63003	25.170223	130.49641	-46.7831	-2.0126684	2.6029558	26.665674	-13.210222	-107.601456	6.271639	3709.966455221176
39	574.5151	6.9052653	582.7016	565.80133	396.84833	126.75344	643.4578	253.72435	431.22128	150.81334	618.18567	251.31433	377.7622	113.069244	629.49316	272.7467	1000.0	595.9	701.0	582.5	155999	105.5922	24.495955	134.6357	-33.71063	105.59157	24.499697	135.89398	-39.70241	-2.0377293	2.595859	27.15766	-13.624924	-106.55857	5.4063478	3813.5224311351776
40	505.17694	116.18583	593.6845	278.13464	217.12405	43.395496	297.43423	165.95847	282.89334	178.77411	651.4158	152.67213	190.09744	51.12637	298.1904	148.65201	872.6	327.7	434.0	288.6	159999	104.72681	23.644958	135.37329	-62.70288	104.72617	23.646395	134.99077	-109.464836	-2.0748985	2.5614133	50.54364	-12.529772	-105.67533	5.6197715	3902.887026786804
41	523.5312	88.830666	581.5348	369.84164	175.79578	40.386417	272.04877	130.40143	286.34396	184.46725	586.407	112.997055	235.68906	119.17284	540.617	126.07204	907.75	293.9	498.5	384.5	163999	103.96529	22.961843	136.98235	-84.89053	103.96509	22.963442	135.9781	-115.670845	-2.0743406	2.5710113	33.909985	-12.625054	-104.89205	5.290876	3993.6302433013916
42	447.35196	127.244415	573.0702	266.43118	225.19235	100.01	433.74933	138.19708	269.20605	178.84377	616.11743	138.727	172.13972	39.19783	285.77917	144.30615	774.1667	298.2	397.5	231.5	167999	103.59997	22.438591	134.76825	-67.8498	103.59944	22.446085	134.74821	-145.72252	-2.1023054	2.5468042	26.678009	-13.302663	-104.525314	5.6414223	4080.7728321552277
43	390.66028	204.37466	597.8919	77.98813	169.02597	55.25107	329.0498	125.15553	258.63763	125.72946	609.13794	127.429	187.87297	50.783386	303.3839	136.6074	665.3333	291.1	421.7	297.4	171999	103.25567	22.042765	143.5278	-74.18663	103.25563	22.043514	146.09076	-41.628204	-2.1256154	2.5086353	23.048378	-13.262634	-104.16916	6.4773984	4168.943998098373
44	427.73267	133.5231	586.71735	267.61505	212.36324	66.55341	290.51572	123.89399	317.92612	176.49754	594.35974	143.61295	201.08127	58.071022	288.36005	142.1863	730.6	329.1	527.1	309.3	175999	102.94906	21.563734	149.22821	-79.56287	102.94882	21.561136	150.87523	-71.006676	-2.1073637	2.50667	24.524223	-13.703842	-103.849205	6.8207226	4260.864115715027
45	567.0012	34.392105	597.60315	510.52292	243.57649	98.47598	414.93207	138.7169	393.8166	131.40813	585.7524	141.10158	228.70432	87.18258	361.39847	132.0014	972.0	376.8	621.6	354.7	179999	102.84873	20.93346	149.26971	-58.85301	102.84856	20.93395	149.32869	-57.87487	-2.166447	2.5191834	24.75864	-14.461071	-103.764496	6.420407	4355.927926778793
46	462.2414	186.68515	609.32825	124.72592	358.60782	171.30759	575.193	182.77237	530.73956	103.84776	615.68665	234.10556	387.06766	157.65005	561.9489	171.6922	789.0	582.6	879.2	665.2	183999	102.67415	20.32581	151.31062	-36.686646	102.67405	20.326963	149.75177	-49.978897	-2.1966114	2.4851446	21.543121	-14.527937	-103.54078	5.8138175	4460.920909881592
47	574.0169	28.404121	594.95276	525.26196	203.41362	68.43785	376.78867	134.0805	316.96835	131.85217	529.4538	152.19472	253.74219	143.44098	632.9816	138.55536	976.75	316.3	535.5	388.2	187999	102.61726	19.784384	148.74875	-82.18131	102.61715	19.790363	148.33026	-81.539345	-2.2186472	2.4385605	26.160652	-15.687386	-103.47369	6.6685166	4550.950414657593
48	457.58643	168.8867	631.68097	205.71753	210.36984	43.94139	280.9762	155.33382	298.82462	172.81775	695.3004	142.25883	210.66048	79.24264	344.53717	144.24957	759.5	314.8	483.5	342.2	191999	102.56447	19.549807	148.97455	-100.36672	102.56449	19.549969	148.25854	-39.955544	-2.1765141	2.393174	30.922413	-13.846178	-103.414	6.4507747	4640.379623413086
49	582.78815	7.7203937	591.2033	572.0791	201.47887	31.669777	240.57623	159.8549	254.00752	178.85529	645.2236	109.52836	178.05716	25.788982	231.02199	139.8614	1000.0	314.5	415.5	263.4	195999	102.61933	19.628233	145.07333	-39.09791	102.6193	19.62905	145.10818	-41.198284	-2.1289432	2.3637505	26.304497	-12.707834	-103.469215	5.8982706	4729.4892864227295
50	517.33966	99.98236	589.1372	344.83893	143.0806	33.126884	237.73967	117.617065	308.38452	221.06299	588.4326	105.10315	179.63365	45.74223	255.38045	140.18594	897.5	233.3	524.8	283.6	199999	102.83302	19.319056	139.24991	-68.92883	102.83261	19.320461	139.5642	-56.8052	-2.1131487	2.39942	29.796322	-14.091751	-103.699585	5.835407	4819.2721955776215
51	406.26553	241.52657	579.12054	57.80705	203.59589	40.688488	283.9871	137.71771	286.51642	161.41579	533.99493	131.46468	214.32321	46.83392	310.03275	170.2281	693.6667	318.7	494.0	323.7	203999	102.93452	18.972595	130.60956	-46.955162	102.93419	18.972458	130.43604	-75.276215	-2.14458	2.3901925	28.485542	-13.017304	-103.790054	6.22152	4908.925853013992
52	546.1529	83.530525	597.812	401.5446	209.3774	74.7221	288.2853	114.57983	239.1574	178.23013	518.3467	99.29012	207.9299	65.97111	289.5942	109.58768	921.0	356.0	444.4	338.0	207999	102.89042	18.29759	125.610535	-88.004135	102.89045	18.297691	129.78703	-59.790657	-2.1878664	2.3064625	25.813042	-12.656296	-103.720345	5.4256105	4999.978996753693
53	502.88632	77.48263	586.55945	370.6178	189.57628	57.74273	301.97153	124.056496	213.06763	138.16437	578.7432	108.04708	205.23299	78.56062	349.5573	109.95949	866.6	285.9	352.8	347.7	211999	102.60199	18.67967	131.81007	-43.52186	102.60139	18.680683	128.11719	-51.819405	-2.2140472	2.3076065	24.938759	-13.907322	-103.42319	5.807548	5089.40381026268
54	575.1434	9.433293	590.52795	565.0402	167.54521	60.05845	261.29172	109.70602	204.60526	156.0233	645.22736	113.28596	230.02583	79.793076	384.94006	119.50456	1000.0	302.3	343.1	419.9	215999	102.1873	19.17458	119.15464	-35.96068	102.18694	19.175549	120.48688	-35.162445	-2.23751	2.2539966	20.280445	-12.640596	-102.97614	5.200011	5180.496108531952
55	562.40784	6.6922936	570.416	554.8759	312.3039	167.88124	592.25586	129.7045	377.26923	196.21455	596.0163	134.25615	356.649	153.49994	526.49054	140.58499	1000.0	536.1	676.3	656.0	219999	102.08048	19.454464	122.61279	-38.30177	102.0801	19.460024	123.67818	-73.83361	-2.2729504	2.2603567	30.453545	-13.036228	-102.88678	5.7482705	5285.808905124664
56	570.25134	9.366236	584.4773	558.86914	221.9783	74.0219	442.25897	182.5414	241.26346	102.58054	498.48526	170.00946	267.30118	135.4279	566.27057	150.98808	1000.0	365.8	420.0	443.1	223999	102.30081	19.366102	127.24571	-77.346756	102.3003	19.368801	127.691574	-72.559875	-2.2969055	2.2770488	28.951265	-13.365025	-103.11633	5.3781776	5378.989406824112
57	578.72974	20.641312	610.6628	560.49084	202.13565	59.465363	317.63824	144.73157	349.10773	227.72176	669.23346	121.39753	198.03539	60.381966	316.27997	141.13098	1000.0	297.9	541.2	295.8	227999	102.65367	18.922363	129.19942	-67.16274	102.65299	18.922415	132.73492	-61.504723	-2.3619702	2.2960637	22.524738	-14.280954	-103.463264	5.055705	5469.827057123184
