Epoch	AverageEpRet	StdEpRet	MaxEpRet	MinEpRet	AverageTestEpRet	StdTestEpRet	MaxTestEpRet	MinTestEpRet	AverageTransferEpRet	StdTransferEpRet	MaxTransferEpRet	MinTransferEpRet	AverageRandomEpRet	StdRandomEpRet	MaxRandomEpRet	MinRandomEpRet	EpLen	TestEpLen	TransferEpLen	RandomEpLen	TotalEnvInteracts	AverageQ1Vals	StdQ1Vals	MaxQ1Vals	MinQ1Vals	AverageQ2Vals	StdQ2Vals	MaxQ2Vals	MinQ2Vals	AverageLogPi	StdLogPi	MaxLogPi	MinLogPi	LossPi	LossQ	Time
1	17.13524	3.4831672	31.627089	10.687862	81.55935	11.440602	102.94082	63.089363	81.639435	10.825488	107.09958	67.4778	80.98518	6.318307	91.91075	72.564316	14.741697	69.6	71.4	68.4	3999	11.44528	7.081396	26.962767	-4.426234	11.445869	7.079802	26.992714	-2.8942983	-2.7382636	1.8076657	14.424672	-13.015182	-12.738883	0.4975157	55.16614127159119
2	16.57561	3.3342943	28.815859	10.728227	124.576584	152.89998	581.8248	42.272243	73.55512	17.92295	95.23594	26.35941	130.68755	151.48572	584.49445	69.69389	14.0	167.5	72.9	166.5	7999	27.690886	12.539623	49.2568	-12.898978	27.690807	12.539267	49.011383	-10.616446	-1.7758166	2.9786325	21.366861	-12.902884	-30.181406	1.1707293	129.13591194152832
3	24.47339	20.721113	98.86925	11.531074	61.194847	17.112526	103.24212	42.097366	54.368614	9.200133	75.82537	43.34037	207.69234	236.04213	570.7783	39.970387	24.595093	82.2	75.8	348.7	11999	44.789993	18.202265	69.04974	-16.68088	44.79025	18.200495	67.97316	-14.810581	-0.7462071	3.8640532	26.216415	-14.056706	-48.564037	5.258321	203.54451298713684
4	69.768906	14.471471	102.15475	35.13805	81.74582	23.016619	121.63933	37.0996	84.039635	5.6816864	93.34549	74.941864	82.343285	12.009951	97.139366	58.416977	73.203705	68.0	59.5	62.6	15999	56.54564	21.0191	77.60541	-23.957241	56.54561	21.017448	77.9862	-14.561421	-0.9853531	3.8939135	29.778643	-12.540098	-60.142075	5.7014337	275.5287721157074
5	68.32779	15.799616	112.44898	22.518095	67.90557	14.299946	85.635666	36.753075	66.55527	17.03719	83.9026	33.351494	67.25565	15.090973	85.90208	26.292437	63.539684	68.2	66.1	60.8	19999	61.487144	25.596012	89.85	-28.150635	61.48716	25.594284	88.57606	-28.41201	-1.2012198	3.9477215	30.47328	-16.385794	-64.78909	5.6656423	346.7806489467621
6	91.33742	21.263216	156.65797	35.83432	185.59302	156.20378	498.69916	81.890976	127.59416	127.3355	500.2526	32.15048	214.96353	173.05936	555.3199	92.539154	95.59524	280.6	187.7	312.7	23999	62.73378	28.013905	95.820465	-29.40557	62.734406	28.011398	92.74606	-27.948586	-1.2705657	3.7474842	34.03294	-12.9075775	-65.65619	6.400701	427.14435625076294
7	97.78893	35.686363	177.36707	14.970071	412.12164	393.97562	894.6836	40.48507	514.1167	377.082	897.56726	98.0535	577.39264	387.27448	895.6754	31.362251	119.666664	460.5	562.2	642.1	27999	62.079037	28.179605	96.20339	-47.236763	62.080593	28.180847	93.357155	-34.362427	-1.4812773	3.3844266	31.38316	-15.253393	-64.59519	6.3018074	537.2982816696167
8	120.64081	68.64978	378.43973	34.98515	162.41371	62.152115	299.7452	86.32781	187.83928	147.1492	559.5041	44.714912	128.64877	40.817036	197.17198	49.14374	145.71428	201.6	215.4	171.1	31999	61.341557	27.807278	93.70538	-23.06148	61.342533	27.807981	93.5012	-26.564379	-1.4166734	3.1517503	30.593384	-13.718836	-63.57664	6.4678836	616.377046585083
9	173.39171	175.3818	635.95575	68.98579	116.40401	112.21694	443.84985	58.13728	175.2979	273.95737	994.19025	48.28189	97.90962	53.31822	225.77798	45.586246	247.125	146.0	204.2	118.6	35999	62.205166	27.534872	92.950096	-29.764664	62.20518	27.533695	94.71929	-30.725979	-1.4566063	3.0646684	31.171251	-14.196316	-64.28433	8.069035	692.1451163291931
10	146.76239	81.317795	331.51852	31.710402	266.90326	216.32689	898.731	115.42601	292.56647	215.73929	898.4591	95.571304	292.53165	158.17235	727.58624	95.96649	192.28572	321.0	350.2	364.9	39999	64.38957	27.583576	95.44812	-31.973148	64.38895	27.581018	96.14461	-33.088898	-1.5792497	3.0224123	32.098297	-13.060396	-66.32572	7.6803994	775.3169651031494
11	137.22525	65.08595	308.44897	29.739777	270.2547	137.45253	608.1637	113.27617	336.54523	200.10507	723.2562	110.38148	548.9078	238.89732	789.0053	127.57067	194.6	331.7	422.1	765.4	43999	66.12199	28.236038	99.13003	-30.71952	66.12205	28.23341	96.35831	-32.271374	-1.4591283	3.062058	34.088028	-13.772873	-67.91446	8.661639	865.7061035633087
12	174.6981	161.14304	705.4505	38.813564	307.8012	165.9989	601.9904	110.01724	417.5665	272.74957	891.4139	121.63579	376.5324	203.81445	679.2773	36.31298	260.2857	386.8	505.3	527.1	47999	67.40518	28.516634	99.48312	-26.58878	67.40478	28.514257	101.14651	-26.95897	-1.3328685	3.055922	31.011797	-12.388276	-69.1158	10.566627	953.6131217479706
13	468.8661	247.9602	679.12494	4.532993	204.14151	112.8711	459.5138	49.930447	186.46423	63.68667	279.53207	67.484795	171.55313	71.177734	287.11597	63.737503	735.6667	261.0	241.2	230.2	51999	68.94649	28.297783	99.68361	-48.126427	68.94578	28.294325	104.00979	-38.77602	-1.2285057	3.1181712	41.68006	-12.773933	-70.554276	11.250856	1034.1044943332672
14	516.052	247.319	682.5116	25.937721	491.86093	262.877	890.224	147.80489	412.5106	203.36638	846.86346	153.65111	582.1532	325.49225	875.378	22.431982	809.6	611.9	530.2	731.6	55999	71.33087	28.074125	99.54885	-29.980633	71.32944	28.072178	102.95466	-40.156994	-1.3572458	3.0968976	45.20075	-13.264346	-72.88786	9.738216	1136.1378817558289
15	496.93518	228.82639	653.10626	101.74845	526.63684	297.35608	759.42426	55.043106	367.23883	323.55402	799.92645	22.766869	326.74457	257.86783	732.8652	68.081436	796.0	739.3	482.1	458.8	59999	73.97453	27.732613	101.65362	-31.482239	73.97286	27.732775	102.614174	-25.20473	-1.5657203	3.0201652	38.91478	-11.776356	-75.46633	8.400098	1237.3677389621735
16	652.27576	12.819083	670.9069	635.29083	654.6909	234.56305	889.65546	183.31543	478.73242	333.3096	884.72046	67.70951	521.32556	312.63644	884.18243	56.991623	1000.0	849.4	594.9	680.6	63999	75.75816	27.636307	102.76263	-27.610563	75.75716	27.635069	103.420425	-26.269138	-1.6028962	3.0004177	38.810654	-15.078057	-77.19108	8.282457	1348.9342625141144
17	650.276	3.379289	653.9875	646.143	525.98535	316.46423	867.0812	73.482216	505.05673	319.8876	814.1701	54.914654	417.86182	287.49734	869.8822	115.16373	1000.0	688.7	651.7	543.2	67999	78.03821	27.476986	106.63736	-29.40591	78.03771	27.474031	104.83321	-26.317055	-1.7052741	3.0077434	44.217503	-13.0366	-79.45662	7.5622377	1454.823396205902
18	681.43713	29.78432	732.12164	655.68823	714.8413	38.811317	770.18744	619.1697	731.9752	55.430435	843.1456	613.5279	711.9049	26.92065	751.6115	653.46045	1000.0	1000.0	1000.0	1000.0	71999	80.51156	27.296432	108.78879	-31.754766	80.51108	27.29479	115.320694	-34.18143	-1.7777581	2.955411	40.44899	-15.715005	-81.90369	7.1151514	1578.0887560844421
19	673.7778	12.971466	692.64294	659.4954	544.2537	287.97827	891.23004	121.81987	578.95056	247.81592	887.1598	170.65193	654.4814	176.5247	748.83685	129.28853	1000.0	687.8	802.4	921.8	75999	82.97161	27.075348	110.32067	-25.44446	82.97114	27.075232	108.12449	-24.168537	-1.7681837	2.920012	37.23264	-14.697218	-84.347595	6.4116406	1687.8661091327667
20	650.2225	3.513332	655.2723	645.7176	707.17456	3.8785973	712.45233	697.7599	651.33905	176.59402	727.70416	122.15106	704.00946	4.442134	713.4653	698.2141	1000.0	1000.0	914.1	1000.0	79999	85.31991	26.839527	109.136696	-37.033657	85.31949	26.839252	113.349724	-28.22934	-1.7615333	2.9198678	43.67345	-12.809813	-86.72258	6.137705	1805.3051013946533
21	452.62076	261.91818	650.6431	66.27831	645.76434	169.44873	714.0348	138.13487	696.19525	29.507105	710.492	607.922	633.49384	187.18423	727.71857	77.60651	701.3333	915.9	1000.0	909.1	83999	88.80968	25.680464	110.31362	-32.42027	88.80958	25.680893	111.09627	-24.289103	-1.8127687	2.8374014	35.090332	-14.268316	-90.208	5.9300256	1923.0659492015839
22	269.00183	201.02904	645.83527	70.76527	483.15738	303.72525	749.8541	84.29037	575.30383	250.29564	833.7332	100.06098	543.40955	280.34622	747.7429	67.193245	384.72726	669.8	765.0	769.3	87999	90.75474	26.302317	123.0652	-31.461107	90.75431	26.302174	114.63232	-32.8235	-1.9989245	2.871677	43.543537	-14.564865	-92.09364	5.8366103	2029.9745750427246
23	472.0141	225.19763	652.3985	108.86515	699.78906	30.002089	716.0482	610.10034	708.703	2.6880612	713.19476	705.27386	701.668	29.775232	716.7822	612.6209	709.6	1000.0	1000.0	1000.0	91999	91.15578	27.233385	114.73342	-31.903683	91.15541	27.231508	113.70786	-32.42191	-2.2400749	2.7604432	38.650867	-13.656788	-92.43351	6.076761	2151.4874346256256
24	538.63513	186.61418	641.132	165.60431	708.5532	4.5687323	718.81464	702.9177	720.37103	22.95723	788.6745	706.71014	707.7928	6.0153403	715.9778	695.593	850.6	1000.0	1000.0	1000.0	95999	92.22783	27.01496	115.01672	-33.09918	92.22754	27.01344	114.432495	-32.70266	-2.1711907	2.7987208	51.425232	-12.799021	-93.4976	5.821764	2273.311752319336
25	638.05493	19.869608	655.22174	604.3122	584.4898	236.57777	737.1704	64.14859	603.9608	263.60184	781.24164	36.11212	402.01117	291.91162	714.937	53.84931	978.5	830.9	824.2	601.0	99999	93.18589	26.66341	113.68967	-67.05951	93.18598	26.660927	113.788704	-37.718235	-2.1399872	2.8303833	41.610245	-13.442225	-94.43884	5.7107654	2381.2057271003723
26	629.87256	21.178276	659.34924	608.8514	703.9007	28.377638	716.3949	619.05896	711.5621	4.886687	717.3459	701.7285	696.27844	32.202934	714.2811	614.3393	1000.0	1000.0	1000.0	1000.0	103999	94.17468	26.20344	114.943184	-39.401726	94.17436	26.20336	114.409424	-29.5129	-2.1942008	2.7462668	41.825024	-12.566816	-95.38973	5.620723	2501.719253540039
27	322.64188	311.6693	648.7648	9.205105	17.665125	3.4237514	22.473845	12.041731	15.053957	8.034315	21.930882	-0.8226661	18.048668	2.3345358	24.16648	14.815867	506.125	44.8	46.1	37.5	107999	95.2315	26.099419	176.63	-40.126682	95.23131	26.100616	165.25255	-36.312115	-2.1137154	2.8394063	90.62399	-12.958462	-96.454834	5.878139	2582.3770208358765
28	205.31238	234.74434	637.98505	-3.5524645	230.12068	176.52786	722.94336	42.775036	300.25067	230.8672	732.71606	34.039463	205.5699	199.60674	779.0331	34.269585	377.91666	307.6	416.2	272.6	111999	96.40953	27.30971	156.35526	-42.254135	96.40946	27.313036	159.39667	-34.848186	-1.7639269	2.8225968	60.067345	-12.557471	-97.69026	6.9696465	2672.962215423584
29	360.6422	282.72137	647.1465	55.24141	220.63962	246.94139	715.6927	66.49825	181.3115	211.91376	809.1065	53.786823	218.07234	247.18669	716.5593	51.859978	569.8333	347.0	261.2	336.1	115999	96.1398	27.793385	120.77178	-39.400494	96.14029	27.791567	120.85115	-30.879517	-1.9571505	2.716749	52.36094	-13.569644	-97.27951	6.8390365	2762.2677261829376
30	529.7145	216.63571	658.2427	97.094	430.70395	321.09366	892.57294	93.74547	295.6302	159.24202	710.79803	104.20802	245.44878	208.89986	828.5313	94.76835	822.8	545.4	390.6	304.6	119999	96.3499	27.53848	118.46089	-29.003218	96.35007	27.53901	118.805824	-24.57121	-2.0192006	2.7261448	49.164917	-14.737092	-97.50395	7.1310945	2857.8133265972137
31	522.87555	222.92561	659.28564	77.81981	683.87524	44.13707	715.32886	612.2046	691.9278	39.64671	716.6762	607.2626	696.7761	29.161026	711.88806	609.793	817.4	1000.0	1000.0	1000.0	123999	97.21785	27.024456	117.98628	-31.333233	97.21824	27.024147	118.93901	-33.109745	-2.0942883	2.6976967	54.66812	-12.019503	-98.35382	6.490545	2976.7788968086243
32	637.06494	9.547896	651.47205	625.30804	703.7063	21.41543	722.364	641.6714	707.52	27.188828	728.92096	629.00085	706.3144	22.491766	722.97974	640.5535	1000.0	1000.0	1000.0	1000.0	127999	98.03787	26.727364	117.41407	-43.929607	98.0378	26.727318	118.95088	-30.331196	-2.1604147	2.6426575	46.67221	-14.419416	-99.167694	5.838609	3096.700843334198
33	631.635	13.45905	645.0147	612.2718	695.58386	31.279612	715.0048	603.96674	693.8293	41.547832	724.46924	609.753	677.82733	41.38772	708.459	608.3059	1000.0	1000.0	1000.0	1000.0	131999	98.8653	26.34345	118.17623	-41.028168	98.8658	26.341784	118.40648	-34.18416	-2.2030349	2.6190016	36.518127	-13.440563	-99.968506	5.6625056	3216.0863947868347
34	629.36334	12.055592	645.3919	611.9734	673.421	46.544815	714.8964	603.1752	620.19293	164.98734	716.40234	143.12532	691.7509	39.52135	717.09204	605.5461	1000.0	1000.0	913.6	1000.0	135999	99.73433	26.133347	117.934395	-39.198994	99.73446	26.133778	118.30006	-40.756626	-2.2132056	2.603473	37.180412	-12.501556	-100.832405	5.259102	3336.746356010437
35	633.054	6.918264	639.5901	621.4102	674.6047	179.8667	894.6847	160.79219	572.6424	229.8653	716.4121	105.45236	676.5509	41.38186	712.19775	609.8109	1000.0	915.9	822.4	981.2	139999	100.97031	25.751965	118.84115	-32.21972	100.96999	25.753769	118.83245	-29.491549	-2.253989	2.6109686	40.01113	-15.461816	-102.07711	5.087453	3455.928995370865
36	628.8004	3.5736468	632.7145	624.4676	699.53973	30.518078	713.7034	608.12946	690.084	40.002224	713.7302	609.30023	683.3778	41.332653	712.3225	609.1566	1000.0	1000.0	1000.0	1000.0	143999	102.05107	25.563402	119.70425	-35.817787	102.05155	25.563702	120.24382	-29.65932	-2.2897089	2.577107	42.12007	-14.818361	-103.144936	5.2323546	3578.6451165676117
37	631.738	6.6402993	640.4043	623.37506	693.47534	43.300858	720.1985	605.81647	704.2946	29.762878	721.7556	616.01624	703.0467	30.020473	723.8496	614.1823	1000.0	1000.0	1000.0	1000.0	147999	102.81204	25.632381	119.97099	-42.60778	102.81229	25.632864	121.1562	-49.50943	-2.3228161	2.557549	42.856075	-14.493663	-103.89501	5.2809043	3700.830934524536
38	618.4939	8.290646	626.9393	605.5508	703.954	32.26012	723.27997	608.0198	681.3106	46.704384	718.73755	609.1293	681.2512	48.34752	730.59247	605.7142	1000.0	1000.0	1000.0	1000.0	151999	103.63207	25.385872	120.6918	-43.81259	103.63201	25.38509	121.98106	-38.62727	-2.3404882	2.5813901	36.048508	-13.697445	-104.71613	5.138617	3819.2741870880127
39	629.2355	9.20982	643.11273	618.0793	595.42224	238.24103	719.3945	111.678734	695.4592	39.076183	722.81244	616.14154	686.4901	43.079243	716.9629	613.85504	1000.0	822.4	1000.0	1000.0	155999	104.44282	25.088566	121.44139	-30.343538	104.44294	25.088299	122.46859	-36.579067	-2.367102	2.5590947	33.225925	-14.477473	-105.5175	4.858132	3937.4843049049377
40	510.02548	240.38982	644.42346	29.503931	634.00116	173.85208	719.49945	126.998985	550.75275	205.27362	716.34143	118.28196	695.2206	31.869709	716.8977	607.51154	806.0	912.0	830.0	1000.0	159999	105.27597	24.696976	121.97988	-52.13122	105.27587	24.697124	123.10476	-43.70233	-2.498359	2.5079727	49.81926	-12.742324	-106.3432	4.378072	4057.6541028022766
41	625.8589	7.8596845	635.24426	613.8566	712.37024	3.93406	716.6837	706.1172	692.78345	41.649895	718.1507	606.8596	701.7581	25.418869	716.841	626.32086	1000.0	1000.0	1000.0	1000.0	163999	105.83059	24.734055	124.764114	-50.639076	105.83093	24.731369	122.98856	-34.406605	-2.4254873	2.4938993	34.848736	-13.150809	-106.88065	4.8134766	4180.941840648651
42	616.60175	10.748618	633.6351	604.42834	699.6029	32.602657	714.7783	602.0085	699.0855	51.968452	800.7831	610.0609	633.27264	176.6042	713.84686	112.55076	1000.0	1000.0	1000.0	910.8	167999	106.35346	24.638443	123.51115	-33.557507	106.35303	24.639303	123.587105	-36.763077	-2.3632421	2.5678396	35.688408	-13.596561	-107.40132	4.671572	4303.091771364212
43	634.66223	7.06541	646.17975	627.47363	601.0792	168.9297	714.5297	115.45417	455.53842	272.54495	716.8361	116.36166	574.1817	225.91498	717.85974	118.70315	1000.0	910.9	646.2	825.2	171999	107.05387	24.252554	127.30521	-34.889008	107.05413	24.25152	123.54535	-43.772587	-2.4467328	2.509163	41.002098	-12.869666	-108.106735	4.3553596	4417.046692609787
44	631.376	7.8607044	640.9285	619.0899	692.409	40.458923	717.9889	606.4141	622.31433	157.52632	716.21606	168.1211	673.63544	45.44735	715.97125	609.14	1000.0	1000.0	916.4	1000.0	175999	107.63417	24.054735	123.35631	-26.823416	107.63418	24.054619	124.75419	-32.607765	-2.4792752	2.4875734	52.054882	-12.60066	-108.65099	4.5216255	4539.349294424057
45	628.5333	8.820001	640.4129	615.7579	669.972	50.48444	713.98535	606.8943	641.40564	176.06888	714.21985	120.780266	703.5674	25.676226	716.35504	626.8127	1000.0	1000.0	911.6	1000.0	179999	108.14829	24.012238	123.25313	-39.17112	108.14818	24.013462	123.76453	-42.726612	-2.507479	2.4601579	40.001884	-11.602871	-109.16147	4.409927	4657.538567066193
46	632.2736	6.7751403	640.3785	621.5722	702.9791	28.558329	715.8827	617.5428	702.1896	27.68575	714.91534	619.52454	702.47736	29.95062	715.71027	613.02246	1000.0	1000.0	1000.0	1000.0	183999	108.77712	23.658604	124.686134	-39.845997	108.77659	23.660936	125.95762	-42.043633	-2.4719596	2.5573204	93.09593	-15.31068	-109.79558	5.24635	4776.334221839905
47	36.30602	140.15402	638.51776	-3.0338047	507.75128	276.25208	807.16626	156.38083	515.7548	285.9384	800.5485	151.12503	277.14948	286.7122	710.6256	19.89443	65.09231	666.9	667.8	380.6	187999	110.36108	24.108917	188.81187	-50.918842	110.36029	24.107594	182.05533	-73.16894	-1.983579	3.278443	96.00046	-13.036181	-111.64694	8.729283	4878.095480918884
48	123.97241	91.685234	378.45715	30.583641	727.43634	59.604538	833.28394	643.04083	595.25415	207.9062	801.06506	154.32324	778.7362	41.791866	812.6436	698.61816	211.22223	985.7	808.0	1000.0	191999	112.59223	26.199438	155.69867	-69.88425	112.59349	26.192818	156.16293	-38.60208	-1.7761583	2.6645842	54.002808	-13.47869	-113.75617	6.706467	4997.80060505867
49	417.86838	167.07648	660.7146	173.8315	659.48096	64.38818	758.64545	582.34534	676.94885	68.80974	792.76154	584.53503	673.0194	56.468235	768.849	616.85785	684.5	1000.0	1000.0	1000.0	195999	111.45374	26.332966	142.36815	-42.28201	111.4541	26.330408	142.64104	-58.01174	-2.2257993	2.6367779	44.226494	-12.693129	-112.51733	6.5990586	5119.968721628189
50	581.5966	170.4593	726.12665	292.47885	818.62036	79.36188	897.8999	710.0798	787.0929	83.91697	897.32983	642.10785	759.36804	65.961815	888.21045	711.396	866.0	1000.0	1000.0	1000.0	199999	110.69044	25.65405	135.16771	-27.97272	110.69127	25.653046	136.43681	-29.022398	-2.409282	2.5258582	40.320892	-12.313489	-111.728935	5.933008	5245.303451299667
51	628.62286	3.29072	632.5467	623.56366	677.05994	47.73245	717.8264	616.1079	572.53876	217.9632	719.6493	139.71454	646.3876	171.56183	716.88934	139.4029	1000.0	1000.0	829.5	914.0	203999	110.29119	25.00507	129.83582	-38.717358	110.29133	25.005379	129.76085	-31.546356	-2.4695091	2.4591184	35.49761	-13.010787	-111.274284	5.330874	5364.240909814835
52	638.1656	4.8192935	644.51166	632.82135	709.2173	30.162567	726.5004	619.2334	709.0572	30.563696	724.289	617.9873	697.5128	39.122288	729.6104	618.6893	1000.0	1000.0	1000.0	1000.0	207999	110.03121	24.82814	127.02493	-47.68908	110.03137	24.827637	126.20574	-32.125324	-2.470197	2.4497721	37.52947	-12.43362	-111.02366	5.480712	5485.239182472229
53	582.6293	99.64613	638.32355	383.6449	712.725	2.9693208	716.72687	706.1947	697.8092	31.74442	716.4112	609.96844	680.83954	45.48221	713.1997	608.1415	919.8	1000.0	1000.0	1000.0	211999	110.23868	24.614931	127.22578	-27.84902	110.23881	24.61398	128.01382	-29.093689	-2.481533	2.4227931	33.620117	-13.668074	-111.223274	5.2767854	5607.401992797852
54	643.43115	2.1627083	646.8121	640.80457	700.13293	29.492258	715.7151	614.09033	700.16266	28.81942	717.0634	614.652	700.12726	30.050364	713.94946	610.25635	1000.0	1000.0	1000.0	1000.0	215999	110.67517	24.236027	131.9975	-29.672462	110.67532	24.237686	126.18033	-39.93879	-2.5545564	2.4380958	35.358658	-14.667259	-111.676216	5.276953	5728.120303869247
55	637.2937	15.21984	663.17914	624.02985	704.79565	26.743666	717.12274	624.7073	647.0624	173.72899	717.7191	132.86931	704.7746	27.160885	719.2283	623.9901	1000.0	1000.0	912.9	1000.0	219999	111.18447	23.9682	129.31995	-46.883026	111.18443	23.967377	127.13833	-38.983	-2.535475	2.4223561	34.51295	-12.304231	-112.1765	4.9056406	5849.662341833115
56	641.5736	9.041385	657.2183	636.0047	705.25775	30.060814	724.6769	616.0836	715.6877	5.175421	726.4203	706.02484	705.5762	31.556192	722.6183	611.4186	1000.0	1000.0	1000.0	1000.0	223999	111.37695	24.108274	129.00311	-34.466	111.37684	24.10558	127.70754	-32.875656	-2.5754864	2.3339837	35.50568	-12.9688835	-112.339005	4.77737	5971.955675601959
57	640.2264	5.5252743	648.63934	634.8387	690.77185	38.05605	714.6096	615.29224	677.1825	46.612007	717.8046	607.32837	675.3651	42.130978	714.39905	611.69476	1000.0	1000.0	1000.0	1000.0	227999	111.90344	23.890318	129.76135	-63.222424	111.90402	23.886154	130.56021	-43.31447	-2.570099	2.3603606	33.570747	-13.120706	-112.87439	4.616476	6091.138557434082
58	643.1782	9.864973	651.0622	626.37585	682.791	44.657085	717.5995	613.1967	693.5526	35.90121	714.45514	612.61584	693.0641	38.588814	716.19696	612.5071	1000.0	1000.0	1000.0	1000.0	231999	112.46667	23.55457	133.57382	-39.6803	112.46644	23.554092	132.7509	-55.76199	-2.5732384	2.405693	74.17707	-12.396463	-113.44619	4.928927	6212.069870471954
59	545.8091	193.05302	649.84033	159.85587	705.00714	31.279827	725.26886	612.0127	600.62506	155.88295	728.8121	154.74953	662.52844	48.518784	712.6465	613.08936	838.2	1000.0	915.5	1000.0	235999	112.75122	23.481133	134.0181	-40.887535	112.75161	23.479433	135.04945	-40.44272	-2.7083457	2.2989852	60.81064	-12.245895	-113.701965	4.4268007	6331.791371822357
60	635.597	4.7565293	639.492	627.6374	713.69366	1.6097468	716.96313	711.77216	702.80286	29.819315	718.20166	614.13324	713.8873	3.0303485	719.65106	709.32385	1000.0	1000.0	1000.0	1000.0	239999	113.04842	23.413109	133.5405	-49.794582	113.04847	23.411816	135.5474	-45.174313	-2.6256797	2.3461077	54.687084	-12.078338	-114.01467	4.7861066	6453.938306808472
61	629.7663	11.085341	648.1353	619.9451	679.7107	43.213318	727.48773	615.047	716.9601	38.832848	807.63525	636.11755	650.2194	162.44267	719.1532	165.9369	1000.0	1000.0	1000.0	916.6	243999	113.2176	23.204351	137.69916	-38.141514	113.21752	23.203081	141.27173	-34.920845	-2.7033603	2.310389	35.264572	-12.681186	-114.15447	4.817659	6574.389134645462
62	639.9933	5.8576527	646.4566	631.5981	697.881	39.905876	720.6995	618.175	705.0001	28.792782	720.39136	619.5542	696.7103	39.84035	719.6727	616.12885	1000.0	1000.0	1000.0	1000.0	247999	113.28428	23.21239	132.74495	-37.775974	113.28461	23.211693	141.7048	-61.771435	-2.6964965	2.3081532	42.884808	-12.737679	-114.24606	4.687281	6694.1146404743195
63	486.5019	248.05574	643.56	57.114376	682.3494	43.438065	714.3127	615.7038	626.23724	166.95082	716.77295	144.83621	711.8938	2.7795286	717.3533	707.91315	766.0	1000.0	916.0	1000.0	251999	113.68332	22.644289	135.1334	-46.574574	113.68348	22.644764	132.4239	-51.516884	-2.7136822	2.2827957	35.296387	-12.273173	-114.61148	4.3349724	6811.65053319931
64	640.9144	10.042364	650.9097	624.2096	641.45276	178.78105	741.4699	119.44626	611.02576	239.43558	804.28644	125.64434	560.68835	225.36488	730.2037	115.92615	1000.0	912.0	827.3	823.3	255999	113.65152	22.576723	139.88994	-39.21569	113.65162	22.576654	139.14287	-30.531918	-2.6508992	2.2693808	69.73939	-14.151581	-114.58509	4.4601235	6925.346122980118
65	638.3511	4.796196	644.5859	631.1203	715.081	2.8002205	720.44336	711.6015	693.5978	40.26714	716.0857	610.70703	702.33704	29.613705	721.3662	614.27344	1000.0	1000.0	1000.0	1000.0	259999	113.90698	22.633133	143.38531	-61.501347	113.90695	22.632671	141.58374	-73.1981	-2.6363707	2.2803621	56.690453	-12.247976	-114.83711	4.632801	7045.0023856163025
66	638.1267	7.568626	647.3061	629.4907	711.83276	30.58459	728.1468	620.6229	686.1543	44.611256	723.46014	611.7164	696.0177	41.2331	719.71326	611.12317	1000.0	1000.0	1000.0	1000.0	263999	114.20131	22.53456	167.41861	-36.630867	114.20178	22.531294	158.43843	-48.7844	-2.6729572	2.3008933	59.528725	-13.893654	-115.12263	4.536043	7167.114550590515
67	638.56964	4.336139	641.5022	631.0931	646.8791	44.058224	716.60223	609.1261	693.998	36.200394	718.11316	621.315	672.72705	45.6125	711.38257	608.71063	1000.0	1000.0	1000.0	1000.0	267999	114.41517	22.317617	168.84732	-61.34296	114.41535	22.317024	162.31464	-34.162178	-2.7044587	2.3105721	36.84732	-12.945279	-115.3521	4.100754	7290.660133600235
68	635.6353	10.208328	646.07587	625.25116	683.65295	36.333366	715.1625	626.65393	656.27576	49.63321	726.593	612.9688	656.9755	46.40466	719.58246	607.77515	1000.0	1000.0	1000.0	1000.0	271999	114.70266	22.241325	164.0405	-47.801094	114.70265	22.24173	159.87817	-51.012688	-2.7059765	2.29791	45.719704	-11.874987	-115.63436	4.3651304	7410.8258690834045
69	642.66846	5.5669675	649.10187	633.9705	667.82983	49.92464	719.22766	613.85364	601.34705	221.35745	738.9768	161.84183	666.2196	44.53373	718.0965	615.56915	1000.0	1000.0	835.3	1000.0	275999	115.03033	22.071192	176.8542	-43.77159	115.03053	22.071062	168.40082	-40.25475	-2.6888154	2.2817395	48.31374	-13.928246	-115.93818	4.167158	7529.0245616436005
70	642.94684	4.2618895	648.333	637.8161	601.37213	226.53961	811.8268	152.60254	609.8288	152.13551	713.86566	166.88689	626.56036	155.2665	718.5775	178.70328	1000.0	834.6	917.7	919.2	279999	115.31502	22.015924	172.78725	-37.73365	115.31552	22.012083	170.40742	-38.73698	-2.6650615	2.2827017	36.93053	-13.167036	-116.22773	4.31475	7644.706977367401
71	637.6489	2.440133	640.8915	634.47797	716.5802	3.1532872	722.41	711.52734	686.59045	43.56286	716.81744	617.9029	714.675	7.0457673	725.4722	697.1506	1000.0	1000.0	1000.0	1000.0	283999	115.65214	21.895046	182.51152	-51.708145	115.65248	21.893291	179.5243	-54.430553	-2.7113116	2.2785602	37.03907	-12.540138	-116.579666	4.348718	7770.216470718384
72	515.9163	193.61757	645.6831	125.47259	697.3549	40.992233	726.576	613.6355	697.8893	40.91955	730.0259	608.5418	695.2279	39.800312	718.0645	613.31805	790.1667	1000.0	1000.0	1000.0	287999	115.92381	21.508373	176.72888	-64.050385	115.92337	21.511335	175.76718	-68.43835	-2.714615	2.2892995	88.03687	-13.832498	-116.826805	4.1047277	7893.714879751205
73	643.58875	8.093341	653.7584	631.16614	704.3939	52.013798	808.718	611.0485	565.03015	226.68535	720.6503	97.765	710.52203	7.7575693	715.64526	687.78937	1000.0	1000.0	824.2	1000.0	291999	115.90382	21.578817	179.6855	-52.386856	115.90387	21.579857	172.62114	-43.81963	-2.7757719	2.1477158	61.32464	-12.90983	-116.79728	3.8544815	8017.570333242416
74	558.95013	138.77042	648.7009	318.81412	680.2299	43.598244	727.95685	622.1645	692.4613	45.409798	728.7822	615.91815	689.76965	41.46634	724.11676	616.9843	863.25	1000.0	1000.0	1000.0	295999	116.00575	21.780163	166.527	-41.570595	116.00626	21.776508	169.51056	-35.169464	-2.74025	2.1536274	50.68348	-13.782293	-116.899376	3.8475068	8136.529589414597
75	634.11456	4.654415	640.669	627.55023	706.57556	26.923887	718.45276	626.01044	690.1288	40.792633	720.4101	619.5371	705.94855	29.82994	719.31195	616.7683	1000.0	1000.0	1000.0	1000.0	299999	116.18026	21.512827	168.05136	-51.10278	116.18042	21.508749	165.20502	-53.79796	-2.8188465	2.125147	36.686184	-13.041796	-117.07875	4.05043	8254.73557305336
76	575.973	137.84958	647.852	300.31183	703.7856	30.452543	717.268	612.63855	646.3301	168.55284	715.7381	148.68439	672.91785	48.831867	716.3763	609.9814	883.6	1000.0	915.2	1000.0	303999	116.36581	21.083233	160.23096	-44.22504	116.36556	21.084042	159.28867	-44.937576	-2.809624	2.162049	76.34819	-13.807841	-117.26395	3.7418733	8381.464161396027
77	633.4386	28.75492	660.0645	584.8812	653.7537	169.8074	725.52423	153.81133	357.74347	279.10788	725.4593	119.94241	428.22235	262.16513	749.7175	138.03082	969.5	916.0	478.6	593.7	307999	116.31191	21.382023	161.39719	-49.452003	116.31199	21.380747	151.22061	-36.51983	-2.81924	2.1202157	70.302	-13.744848	-117.19191	3.7816129	8489.505445957184
78	615.94666	50.418274	650.6372	528.8304	584.9584	202.72264	733.7761	186.83627	563.17346	192.62921	723.109	174.47922	633.8536	148.37508	747.3384	215.94661	936.25	838.6	837.6	922.3	311999	116.43692	21.083612	149.33084	-41.870846	116.43719	21.085682	141.21745	-38.27723	-2.8213837	2.1354132	33.32525	-12.412832	-117.32504	3.6588097	8607.321130752563
79	641.12573	11.686425	654.81586	629.00275	705.2105	28.88971	724.7674	621.3104	699.92834	38.9069	723.89246	619.0596	685.9339	38.506386	720.19135	616.656	1000.0	1000.0	1000.0	1000.0	315999	116.40937	21.188017	146.11467	-43.377357	116.40961	21.18467	143.03432	-48.35271	-2.8115911	2.1201768	50.107243	-11.656424	-117.26916	3.973766	8730.734596729279
80	642.25977	6.6183076	648.7428	632.36523	602.15436	228.317	722.59296	139.39102	575.4689	229.7827	717.9223	115.68383	696.8947	34.02797	737.09515	616.8963	1000.0	828.2	823.2	1000.0	319999	116.45035	21.160156	138.46774	-60.564636	116.4507	21.1614	137.92096	-37.819504	-2.7325096	2.1494808	38.149994	-15.098824	-117.32452	3.7761123	8846.620609521866
81	636.8867	7.7207074	648.9377	627.4572	712.3674	2.3050928	716.16724	707.5245	702.2734	29.43055	715.0715	614.30115	700.57416	29.528698	714.5709	612.2246	1000.0	1000.0	1000.0	1000.0	323999	116.77526	20.749037	140.54787	-59.82856	116.77535	20.74542	138.66295	-78.6222	-2.8459442	2.0843956	33.034107	-11.962985	-117.645454	3.6356788	8967.256669282913
82	648.5748	7.9625216	659.0238	638.5114	660.535	43.51026	711.10596	612.50366	701.0093	29.795984	720.0295	612.7206	673.2422	49.560524	723.80975	606.69763	1000.0	1000.0	1000.0	1000.0	327999	116.92056	20.656157	131.92651	-47.97769	116.92042	20.657017	131.31874	-52.69974	-2.852907	2.1085935	37.465485	-12.85153	-117.80008	3.483203	9091.775020360947
83	553.63904	166.30788	645.8966	221.17941	692.92914	39.56926	719.71844	612.44244	695.1968	27.982624	722.2895	638.2633	693.88367	38.00869	714.64404	612.44495	856.4	1000.0	1000.0	1000.0	331999	117.21413	20.271868	137.096	-42.200115	117.21406	20.272806	141.38475	-33.554768	-2.8592143	2.091672	39.34127	-13.582368	-118.0887	3.189788	9213.640098333359
84	651.06506	3.174306	654.8492	646.36383	696.5187	35.463715	717.2683	615.26154	711.567	6.761365	717.9992	692.4782	707.9251	10.853195	715.9172	680.443	1000.0	1000.0	1000.0	1000.0	335999	117.40787	20.339783	139.7986	-45.308105	117.40798	20.338968	136.85756	-62.133392	-2.8286698	2.107328	46.1234	-11.995876	-118.28578	3.5807025	9334.934357881546
85	647.46	5.9462924	653.51733	640.2571	677.79626	49.896595	721.2168	611.9933	468.7483	249.48561	719.8586	121.63095	676.1062	47.768997	719.9805	612.36475	1000.0	1000.0	671.4	1000.0	339999	117.66684	20.10491	144.19331	-45.100872	117.66681	20.105383	131.97707	-42.967857	-2.8099577	2.0761194	37.489845	-13.449028	-118.527336	3.3215187	9451.349380254745
86	642.44763	6.776675	648.10754	631.06555	570.08167	200.24918	713.5752	168.73367	301.63135	272.21738	808.3941	110.7772	474.223	259.10812	718.13586	135.60892	1000.0	835.6	379.3	663.2	343999	117.71599	20.089283	139.05568	-77.89389	117.71634	20.085363	136.82835	-41.00772	-2.8162088	2.0819836	44.005287	-12.897004	-118.582344	3.3123832	9557.03085231781
87	577.4934	131.36603	651.4316	314.9197	700.9013	185.57388	816.39154	160.79858	584.0163	228.11057	723.5425	113.184	661.5141	164.30698	722.6682	168.72087	887.2	916.1	826.4	917.0	347999	117.75918	20.24934	137.66496	-79.995766	117.75914	20.247494	134.22754	-70.17226	-2.8084915	2.0966551	50.891552	-12.807088	-118.62603	3.074775	9671.565138816833
88	548.93207	178.80243	656.01697	239.26637	678.32404	37.94842	713.13873	613.49396	655.72815	167.08855	721.89	154.61911	690.67725	40.996513	720.3468	608.4068	834.0	1000.0	916.6	1000.0	351999	117.89441	20.28445	133.33424	-55.885303	117.89443	20.281237	132.99751	-60.508015	-2.8320935	2.074271	59.37593	-13.12007	-118.75841	3.2356637	9792.37271785736
89	518.95764	251.0593	652.84283	16.995667	703.0026	30.964045	718.6389	610.49414	687.98865	38.955406	715.4684	611.2875	690.61707	37.232822	714.1412	615.66626	802.8	1000.0	1000.0	1000.0	355999	117.85514	20.211527	139.99588	-76.59403	117.85528	20.208752	135.96396	-44.94407	-2.8391693	2.0052707	38.345524	-15.001212	-118.69674	3.329633	9910.302568912506
90	508.81396	203.65056	647.05206	110.28188	667.02435	128.17538	724.5102	286.94177	714.87286	5.553339	723.56396	705.80597	683.3896	43.86471	719.0913	610.0839	774.3333	938.2	1000.0	1000.0	359999	117.85555	20.190416	130.67877	-61.164093	117.85583	20.190596	129.71526	-49.104958	-2.8334346	2.0537028	36.84864	-12.428444	-118.700966	3.4032636	10027.806911230087
91	647.64716	3.4781306	651.0966	642.43353	672.5276	48.77756	719.95105	609.32825	585.8893	212.06995	718.1394	121.54156	672.4246	49.58935	716.11884	610.16656	1000.0	1000.0	835.2	1000.0	363999	117.96774	20.069859	129.70593	-49.74753	117.96767	20.068832	129.6794	-56.322803	-2.8590097	2.0584311	49.052025	-13.830685	-118.82353	3.0120327	10143.126487255096
92	646.99646	8.919078	657.52856	633.5703	702.22296	39.36783	739.0494	622.883	637.4192	153.5707	726.1207	195.32375	694.956	37.62601	725.80304	618.7271	1000.0	1000.0	920.1	1000.0	367999	118.19539	19.86245	129.92471	-51.299652	118.1954	19.863804	131.13641	-77.78281	-2.8715	2.0138772	33.26966	-13.417409	-119.04245	3.397426	10263.45852637291
93	643.1349	1.6452676	645.36914	641.3126	665.6002	49.362514	717.27313	611.9972	705.21814	29.364033	722.0925	617.7994	713.53107	6.2916684	720.0657	698.7397	1000.0	1000.0	1000.0	1000.0	371999	118.26272	19.788164	130.24332	-48.787468	118.26291	19.787916	130.27824	-47.60271	-2.8513632	2.0356822	77.77394	-13.464835	-119.10723	3.013847	10386.060400485992
94	647.1832	11.159737	661.22614	629.996	696.7783	38.990574	719.0066	616.07263	615.94916	174.7332	717.1315	110.288605	685.7267	44.037605	718.17566	617.25604	1000.0	1000.0	910.6	1000.0	375999	118.25073	19.867565	132.54951	-75.11385	118.25098	19.86521	134.43773	-41.301613	-2.9049375	2.0183594	36.207527	-13.305511	-119.092834	3.2047088	10505.872680664062
95	540.19104	196.94551	672.38654	199.77309	679.4747	44.739628	725.9369	618.0534	707.01843	28.555466	722.44165	622.2733	715.04675	15.873337	738.6654	672.73773	811.25	1000.0	1000.0	1000.0	379999	118.36787	19.7442	130.3624	-44.210964	118.36747	19.744112	130.927	-51.489983	-2.9145777	1.9757906	43.948338	-13.925305	-119.21806	2.9522972	10624.727199792862
96	535.5231	222.98009	659.48785	89.82786	703.1833	28.906965	718.3668	617.1262	702.5707	29.83649	716.69116	613.54614	684.7592	43.48063	715.0148	618.16986	825.0	1000.0	1000.0	1000.0	383999	118.38569	19.650047	130.64915	-57.81018	118.38562	19.651787	131.18805	-41.634438	-2.891303	2.0247793	33.658207	-11.968295	-119.218796	3.0302	10742.283237218857
97	553.2307	195.40492	658.2614	162.58728	692.28265	38.753548	721.501	615.2497	703.4843	28.468658	715.70374	618.3612	693.2393	38.526546	718.9659	612.9971	836.2	1000.0	1000.0	1000.0	387999	118.43012	19.670673	129.80925	-65.38443	118.43045	19.668533	133.63586	-52.87217	-2.9265838	1.9823923	36.430984	-12.236109	-119.26694	3.3301656	10863.271224021912
98	551.6354	176.13414	645.8053	199.5278	665.3639	48.928875	715.3275	612.534	566.7072	229.41646	718.50946	114.64075	635.2828	177.37328	720.27606	115.61631	851.0	1000.0	823.4	911.4	391999	118.4547	19.574589	131.08624	-73.0185	118.45474	19.572662	130.47415	-52.61416	-2.8859074	2.0341072	36.17046	-13.132917	-119.283264	3.196283	10978.938378810883
99	455.92297	200.76196	659.2174	187.014	694.1499	39.885094	716.07117	612.9892	683.84845	44.749756	716.0936	613.9755	701.45953	29.23945	714.33514	613.86743	673.5	1000.0	1000.0	1000.0	395999	118.61134	19.400143	130.25182	-40.93125	118.61121	19.40012	130.32219	-67.92778	-2.9027965	1.980682	55.045876	-12.906595	-119.44621	3.0912335	11098.531183242798
100	400.00366	220.23186	651.4204	147.47874	717.4607	3.217346	721.46606	712.6228	547.1117	263.3549	727.43384	122.16463	694.3003	40.17784	717.99713	613.16986	588.1429	1000.0	742.2	1000.0	399999	118.71837	19.47583	130.21013	-49.33834	118.71842	19.473328	130.5549	-30.134075	-2.8899274	2.0192506	38.83593	-11.953457	-119.56138	2.7528868	11214.88662481308
101	382.1483	209.00032	650.2905	125.43384	707.33685	29.851564	722.254	618.29333	654.0272	152.36548	720.7964	204.5824	692.66235	40.52194	722.7399	614.7089	557.0	1000.0	924.1	1000.0	403999	118.79133	19.350706	130.02759	-36.282585	118.79101	19.352255	130.32896	-60.298515	-2.8333092	2.0260575	40.37058	-12.761074	-119.623314	3.2074583	11334.700647115707
102	627.3438	33.80946	648.07904	568.79877	650.4774	165.52924	724.4418	162.42828	704.5523	49.378086	802.7794	611.81555	699.05695	43.702972	746.40356	613.3058	966.25	916.1	1000.0	1000.0	407999	118.76393	19.411383	130.55855	-45.018383	118.76445	19.408012	130.74757	-53.59732	-2.8860738	1.955772	34.084534	-12.014395	-119.596794	3.0722866	11456.174492359161
103	452.0623	175.08112	655.7316	228.33737	629.9191	159.18542	803.42456	188.37923	673.5496	48.38657	715.34796	611.64886	536.57214	247.35248	715.98376	151.8136	676.0	918.7	1000.0	748.8	411999	118.85209	19.42231	130.53525	-44.767166	118.85263	19.417187	130.67664	-40.95683	-2.8598998	1.9860814	36.101555	-12.822517	-119.67244	2.9227748	11572.043873548508
104	578.20233	135.2817	661.7478	343.99002	683.4698	43.586098	715.4086	612.4292	693.539	36.857883	715.5606	619.29236	676.04156	47.030685	721.70233	612.4055	871.0	1000.0	1000.0	1000.0	415999	118.86517	19.5238	130.90895	-45.569122	118.8653	19.521904	131.66103	-46.370823	-2.908837	1.9757437	33.727123	-12.936087	-119.6885	3.2287607	11690.941668987274
105	544.10144	211.98836	655.9685	120.24955	618.6874	153.42856	711.99255	178.95439	629.0147	177.10565	713.86694	109.01639	559.72546	230.934	716.5552	101.97914	833.2	921.1	911.1	821.5	419999	118.79239	19.565126	130.18677	-45.94221	118.79268	19.56297	130.3936	-50.559837	-2.919772	1.9825913	41.330544	-11.805107	-119.62237	3.1856036	11804.3102684021
106	648.2271	8.417195	655.80835	633.9626	635.41833	156.31525	717.11334	181.85669	528.1513	263.29816	714.58044	103.37773	691.1411	37.257923	717.13745	617.87775	1000.0	922.3	741.5	1000.0	423999	118.81699	19.342937	131.23946	-59.20467	118.81656	19.344824	130.40508	-51.920742	-2.919101	1.9969705	36.032677	-13.792789	-119.62795	3.162077	11919.260051965714
107	592.0045	123.2139	665.11206	346.0721	585.904	210.93379	790.67834	173.38866	566.36786	243.14476	793.1517	170.02338	625.8644	150.71129	716.09064	193.1604	893.2	833.5	760.4	919.9	427999	118.78246	19.258703	130.40604	-40.287605	118.78262	19.257284	130.26892	-41.747288	-2.942637	1.95847	46.36281	-13.659475	-119.599174	3.2132792	12032.419642210007
108	654.8304	4.7045617	659.7851	650.01764	674.1145	50.950104	720.3958	609.2265	702.29913	30.741007	719.47437	611.24854	700.4754	28.860622	718.4082	615.39716	1000.0	1000.0	1000.0	1000.0	431999	118.77791	19.16614	130.6727	-42.56126	118.77798	19.166363	130.94319	-57.0473	-2.9682882	1.9382623	45.08566	-12.776421	-119.573494	2.9337423	12154.232336521149
109	549.32654	174.92688	650.7472	246.34523	648.91187	155.31055	716.4208	190.90279	701.3651	28.732346	718.3494	616.5085	700.69226	30.622337	714.70935	609.5384	833.0	922.4	1000.0	1000.0	435999	118.75796	19.120354	131.46692	-28.783304	118.75821	19.117527	132.1536	-43.26297	-2.9773095	1.9100955	35.244175	-12.236099	-119.55266	3.0491445	12273.996593475342
110	657.01495	4.4227576	662.4081	651.028	685.006	43.851753	716.8574	611.52466	649.26086	158.10164	719.3249	182.65685	672.6969	42.584335	716.0179	615.00806	1000.0	1000.0	917.9	1000.0	439999	118.71638	19.055035	129.79092	-38.355385	118.7163	19.05634	130.7267	-53.083324	-2.946965	1.9620432	35.034763	-14.802303	-119.534904	2.9619184	12391.703276872635
111	652.0436	11.284779	666.395	640.0123	704.94763	27.040878	718.11005	624.1026	649.24786	168.53168	717.1136	151.06314	703.31287	31.344742	718.99927	609.59894	1000.0	1000.0	915.4	1000.0	443999	118.85376	18.851624	132.35918	-30.448324	118.8539	18.850048	130.60165	-40.250904	-2.953506	1.9240135	28.728178	-11.634451	-119.64935	2.845466	12508.427628278732
112	604.5023	93.86916	656.6133	416.91534	703.83136	26.61012	720.25745	624.6272	569.14343	233.87857	717.72656	105.45646	675.1927	46.16732	716.6908	612.9227	922.0	1000.0	820.1	1000.0	447999	119.06338	18.624083	132.14447	-60.430225	119.06374	18.618586	130.0399	-42.82019	-2.9135358	1.9537293	31.763447	-13.4380455	-119.87244	3.0774727	12623.280942201614
113	651.0838	7.357622	663.3752	644.1253	689.2057	37.546856	715.0934	614.5151	527.55396	266.37592	719.0343	119.60909	694.81824	36.6311	714.9921	616.6557	1000.0	1000.0	737.8	1000.0	451999	119.14119	18.625256	130.8371	-35.73325	119.14111	18.626244	130.59776	-59.870605	-2.9815671	1.8786161	27.871561	-16.044376	-119.94901	2.8579447	12738.557217597961
114	649.59705	9.947161	660.0688	638.44666	709.40234	26.990143	721.0024	628.73987	658.5272	170.3809	721.3182	147.54295	715.48364	3.95129	719.9254	708.55493	1000.0	1000.0	915.0	1000.0	455999	119.11379	18.670578	130.44176	-62.412	119.11379	18.67123	131.60707	-86.94653	-2.9894803	1.926814	33.792694	-12.775498	-119.91895	3.0829663	12861.15474152565
115	382.60715	237.48276	654.6025	46.870625	428.7259	284.4343	800.00214	128.30174	543.37714	222.44997	712.6606	100.26758	538.3323	262.6465	712.50555	120.512024	557.6667	574.5	819.2	740.4	459999	119.18195	18.536175	130.66283	-47.773132	119.1824	18.532028	133.44096	-37.896038	-2.9009	1.9520754	37.361744	-12.203254	-119.97328	3.0394785	12968.793408870697
116	551.92725	118.78216	651.83746	346.01285	702.6073	29.054993	715.2176	616.10565	704.09424	26.603386	720.0233	624.94653	689.19666	34.111	714.46533	616.78784	835.6	1000.0	1000.0	1000.0	463999	119.32711	18.512188	130.56229	-43.86647	119.32733	18.510906	130.40489	-42.99032	-2.887758	1.9865111	46.142113	-13.875057	-120.14435	2.728004	13087.589473247528
117	584.0835	138.53079	656.5551	307.09708	605.98816	219.95523	721.3677	143.389	469.3648	257.308	715.1735	130.5505	693.1013	39.70602	716.2248	613.42883	885.4	834.6	664.2	1000.0	467999	119.39617	18.475601	131.53462	-51.891685	119.39589	18.472334	132.29425	-50.734985	-2.9088848	1.951084	41.072155	-13.749202	-120.1847	3.2688122	13202.201729297638
118	650.8617	5.4148116	657.42126	643.4666	714.85364	2.108076	718.49817	710.93805	590.087	226.53688	720.4002	139.77388	705.73627	22.453253	718.5435	639.06354	1000.0	1000.0	829.2	1000.0	471999	119.35385	18.352728	132.95126	-56.425564	119.35384	18.349985	130.84654	-48.03319	-2.9192965	1.8852651	30.710896	-15.051498	-120.13361	2.8558576	13322.759580612183
119	654.20215	5.1108837	659.57874	648.25604	686.69037	46.52437	721.8066	612.9704	700.0763	31.117525	717.8994	608.849	691.2935	29.53055	717.8247	617.0138	1000.0	1000.0	1000.0	1000.0	475999	119.28912	18.460783	130.49481	-36.108948	119.28907	18.461082	130.36751	-37.7757	-2.9025285	1.8697249	31.7856	-12.921274	-120.06261	3.1234634	13442.76362657547
120	657.52313	3.4194498	663.0257	653.69684	680.8993	169.65234	807.4985	183.52792	425.14975	291.90265	804.64606	122.855644	610.5244	234.00871	804.97906	142.28978	1000.0	918.8	563.9	830.5	479999	119.39801	18.30203	130.19733	-50.429832	119.39858	18.297941	131.01315	-43.520035	-2.911208	1.9116111	33.72946	-12.905149	-120.19015	2.8027022	13552.007316112518
121	652.9778	6.951091	665.0091	648.56854	614.53754	246.40543	803.4526	118.733475	544.8576	281.1313	804.95935	119.39001	590.7878	223.2567	718.7693	129.45343	1000.0	824.0	733.9	830.0	483999	119.43382	18.443289	131.41963	-84.915115	119.43357	18.442352	131.88959	-30.157257	-2.9498875	1.8770852	54.02718	-12.841204	-120.223885	2.7265	13662.117431879044
122	654.17065	10.558291	666.474	637.707	707.69885	25.986418	721.92114	630.8737	637.48376	173.79893	723.81854	130.3229	693.682	40.552334	716.6188	610.261	1000.0	1000.0	913.2	1000.0	487999	119.49472	18.34122	130.07716	-73.38113	119.4951	18.337557	132.02454	-30.465117	-2.9105563	1.9193132	73.33987	-12.077217	-120.28645	2.9287295	13782.258925676346
123	561.151	166.23601	662.79706	273.30405	692.8616	38.659016	714.2182	614.00824	654.7584	156.394	730.8672	193.65594	693.81805	40.708614	719.8993	611.50665	839.0	1000.0	920.3	1000.0	491999	119.60522	18.285519	130.6642	-54.290688	119.60499	18.285334	130.83069	-35.63127	-2.9476852	1.8814645	51.56002	-12.699861	-120.38794	2.8887856	13901.501719713211
124	645.569	12.300407	665.7452	635.61273	700.7999	42.120895	759.06805	620.7046	617.7953	165.86073	719.037	138.73029	705.87683	30.398005	719.38104	614.94946	1000.0	1000.0	912.6	1000.0	495999	119.67529	18.24357	130.43713	-56.8221	119.67487	18.248133	130.81859	-98.70382	-2.9515524	1.9218978	54.219723	-13.769209	-120.45976	2.8099685	14021.140073537827
125	574.28107	152.38724	653.24023	269.52417	513.7776	248.3245	718.1987	121.09171	584.6221	240.45253	720.8845	106.51872	596.6009	233.01129	720.9651	124.700226	868.6	741.7	820.9	826.3	499999	119.67605	18.148876	130.96524	-55.840546	119.67627	18.14549	131.02942	-49.311756	-2.936568	1.8682616	49.009247	-12.313257	-120.46049	2.7322345	14134.306832790375
126	655.6136	4.5525084	659.42474	647.9862	686.12067	42.598686	717.2831	619.3328	715.89966	2.9507992	719.39465	710.4817	695.3506	38.414288	718.2295	615.54913	1000.0	1000.0	1000.0	1000.0	503999	119.6774	18.178667	130.35144	-29.050913	119.67758	18.177256	131.22888	-28.3179	-2.9405847	1.8589706	28.625738	-13.6218815	-120.44568	2.9076478	14256.450160980225
127	576.18286	119.699	648.2838	368.9556	694.4619	40.299458	718.40265	612.3726	707.15283	56.201653	805.9836	611.00824	689.97595	39.13014	715.11255	611.98016	878.75	1000.0	1000.0	1000.0	507999	119.72738	18.148504	131.85112	-59.153015	119.7275	18.146778	130.78278	-65.30562	-2.9135392	1.8934171	59.574715	-11.954124	-120.510796	2.9275823	14376.001116752625
128	484.23047	250.1211	663.0845	88.16572	712.6801	2.8769655	717.79706	709.3474	654.6151	178.95943	799.8298	132.04646	691.0466	36.691475	717.49963	610.9035	718.0	1000.0	912.8	1000.0	511999	119.82017	18.042118	133.88998	-49.90484	119.82016	18.041374	130.71902	-37.780804	-2.9952466	1.8626223	47.159267	-15.683054	-120.595856	2.5337272	14494.966976642609
129	651.2697	6.3412004	656.90717	641.48663	638.99316	200.6313	719.342	43.76288	687.8378	42.18379	719.7705	612.30975	683.47864	46.83497	719.97614	607.96063	1000.0	910.2	1000.0	1000.0	515999	119.8591	18.145544	130.88968	-42.861423	119.85936	18.14583	130.90173	-37.398983	-2.984965	1.8738335	47.59722	-12.362454	-120.64909	2.8070624	14617.019980669022
130	609.4071	73.97953	661.38684	481.75803	681.50476	44.864944	715.5798	610.0572	684.168	44.182526	715.67206	615.0413	680.69745	44.5541	714.8391	609.2957	925.0	1000.0	1000.0	1000.0	519999	119.85475	17.977125	131.02863	-37.167442	119.85487	17.97441	131.5445	-58.851845	-2.9698663	1.8416479	44.3866	-13.329178	-120.613556	2.8193576	14738.247549295425
131	649.386	9.51224	661.34064	635.23254	707.1418	26.314093	719.52313	628.51685	578.326	230.0029	722.3901	117.59639	691.1876	37.36709	719.6344	614.58887	1000.0	1000.0	823.7	1000.0	523999	119.72452	18.149496	133.59091	-31.26933	119.72504	18.146727	130.58699	-33.50231	-2.9549985	1.8745228	39.80908	-12.336487	-120.49277	2.7427673	14856.857018709183
132	562.5219	179.53535	669.34424	203.97112	711.4131	68.94721	801.677	620.1257	660.0186	166.91492	808.06537	174.69522	723.35376	61.479263	803.81195	618.2338	852.4	1000.0	918.1	1000.0	527999	119.78199	17.948252	130.45856	-79.7618	119.78222	17.945488	130.2937	-52.734962	-2.9740984	1.8473554	29.402767	-12.624061	-120.55397	2.6982064	14980.323182821274
133	608.0012	72.294975	657.6936	483.19916	700.1974	28.714071	717.31934	616.6755	626.1456	167.95436	719.06244	139.72617	681.13513	40.81023	716.8448	613.1193	916.25	1000.0	913.7	1000.0	531999	119.90492	17.848307	130.67877	-42.330513	119.90478	17.846165	130.75813	-60.612762	-2.9514725	1.8398495	32.241043	-12.470299	-120.66883	2.4764805	15100.236117839813
134	650.589	4.82329	658.4847	645.3843	713.32654	40.03912	798.6241	619.9928	664.5226	184.35074	806.55585	133.40508	759.95166	42.23316	804.1451	713.465	1000.0	1000.0	912.9	1000.0	535999	119.96318	17.842743	130.60054	-67.34374	119.96307	17.842966	130.7994	-69.51834	-3.0077357	1.8188473	27.777678	-12.951244	-120.729095	2.378692	15219.240293741226
135	651.58527	2.784201	653.7012	646.81	685.5854	47.107117	718.7324	610.6368	653.078	172.49422	717.7341	136.09279	688.5006	41.066734	718.3436	612.1524	1000.0	1000.0	913.7	1000.0	539999	119.9743	17.797153	131.4803	-41.35256	119.9742	17.797564	131.15547	-44.171524	-2.9978802	1.834051	62.72329	-13.910916	-120.72633	2.7528784	15340.519274711609
136	657.46014	9.723867	664.6887	641.0244	714.58545	1.895695	717.60333	710.5745	663.75775	49.330032	715.36127	612.1946	692.86005	40.042168	715.7599	611.09814	1000.0	1000.0	1000.0	1000.0	543999	120.01111	17.69711	130.79857	-39.295673	120.01122	17.696796	130.33183	-36.144276	-3.0179312	1.814327	43.306686	-12.924902	-120.75741	2.4677367	15460.854228496552
137	597.18713	125.531815	663.03674	346.1974	421.9289	277.72943	721.14374	132.46712	653.3052	162.83578	722.89453	172.33397	620.8337	163.4228	717.6111	148.64156	898.2	572.6	917.1	914.4	547999	120.09049	17.716557	130.75076	-63.285595	120.09069	17.714687	131.10483	-59.246735	-2.9269018	1.8665968	37.474068	-12.666078	-120.867874	2.9071982	15574.789477825165
138	657.29315	5.713902	664.1558	649.3585	810.0067	1.3217841	811.91815	807.5275	598.3689	302.75864	812.83563	99.600296	792.5094	18.815386	807.3609	759.3289	1000.0	1000.0	742.7	1000.0	551999	120.17039	17.630413	131.1119	-46.04365	120.17054	17.627678	131.31656	-28.847727	-2.9581509	1.8546113	44.952045	-12.705542	-120.928055	2.576851	15694.610205888748
139	567.34766	177.43874	672.0123	213.00499	603.3539	244.73645	807.9383	122.74848	521.4188	255.2144	722.9759	127.28546	569.57495	219.74745	716.3217	124.79396	857.0	826.5	739.7	828.1	555999	120.11906	17.53981	131.3017	-45.824104	120.11926	17.537378	132.92908	-55.04335	-2.9404356	1.8221043	42.93466	-11.998002	-120.87312	2.5955348	15807.255813837051
140	646.1947	8.54684	655.12787	632.52997	733.2827	58.28254	813.3128	615.3202	679.70593	173.05415	813.5557	173.8377	705.86456	12.701386	713.7591	679.0157	1000.0	1000.0	918.1	1000.0	559999	119.99485	17.570034	130.24068	-32.882736	119.99481	17.571348	130.2834	-33.17681	-3.0000703	1.8097098	45.85515	-13.249383	-120.7528	2.313856	15927.38376569748
141	652.71735	11.004921	666.2288	641.1202	658.04034	47.451824	714.425	608.87366	587.4166	228.51454	718.5459	110.3631	522.7093	236.84721	710.98975	128.607	1000.0	1000.0	827.8	752.6	563999	120.10085	17.47779	130.48415	-52.992615	120.10066	17.476377	136.35266	-46.691727	-2.9548419	1.8380003	55.88945	-14.895153	-120.86097	2.5721152	16040.240538358688
142	568.1531	200.95474	677.60785	166.40585	675.91516	188.98114	812.2595	135.39917	616.3541	251.0622	811.479	123.87638	715.1731	69.9167	808.19763	610.1645	838.4	913.3	824.5	1000.0	567999	120.28114	17.147755	134.01979	-43.48442	120.28136	17.14829	130.66776	-57.993816	-2.970104	1.8374527	41.270298	-12.693075	-121.04268	2.4837403	16155.202193021774
143	442.02475	265.10828	667.52936	109.701965	635.0019	172.11147	716.5739	132.40639	645.3405	168.85553	779.3174	158.61316	645.92	169.8659	716.7625	142.12857	653.2	913.9	916.9	915.1	571999	120.19927	17.480602	130.90173	-38.89793	120.19923	17.480165	130.71344	-43.129173	-2.960972	1.833319	54.722534	-12.198847	-120.954765	2.2650757	16270.925281524658
144	661.5678	3.4548461	664.8861	656.2813	715.1418	1.9579439	719.3898	712.9144	578.35626	229.21696	719.20905	120.97663	692.59595	40.347782	715.83014	611.32446	1000.0	1000.0	824.2	1000.0	575999	120.29973	17.4765	131.34428	-48.982494	120.30039	17.47373	131.50014	-65.44986	-2.9151	1.8473605	36.66819	-12.637424	-121.06278	2.619419	16390.93467116356
145	660.3285	7.8232017	667.9687	648.9325	714.8831	2.9763298	720.56024	711.82385	657.5829	170.92776	717.89905	144.84747	653.1464	178.03638	716.2233	119.09527	1000.0	1000.0	915.4	912.1	579999	120.44265	17.227243	131.6076	-55.111206	120.44276	17.227453	132.37515	-40.696606	-3.0043557	1.8213502	56.36138	-15.678717	-121.199036	2.487471	16509.289014577866
146	655.40955	3.800813	660.2433	650.66223	710.0729	41.6792	795.99664	611.53503	673.1278	62.683994	803.66547	609.94385	700.3887	48.129574	793.0412	612.14795	1000.0	1000.0	1000.0	1000.0	583999	120.38855	17.365105	131.09575	-39.367622	120.38882	17.363409	132.68317	-55.973965	-2.996335	1.8136224	49.70041	-13.132685	-121.14023	2.370113	16632.01340532303
147	648.8208	22.386059	665.88165	610.31067	688.7691	40.388695	718.6086	611.27264	568.37366	223.72635	716.6851	109.95114	645.7848	171.5337	716.8843	138.79161	972.5	1000.0	827.2	915.0	587999	120.51613	17.255985	131.38663	-45.660625	120.51646	17.25292	131.59355	-63.279022	-2.971932	1.8117177	32.381203	-12.404516	-121.2643	2.6624024	16749.89836359024
148	654.26355	4.8237605	658.924	646.1727	535.8568	335.76602	813.1704	107.99002	744.86865	191.18428	812.96484	171.3914	590.5644	311.8451	806.36884	110.166	1000.0	649.1	918.3	733.5	591999	120.52486	17.211855	131.51176	-46.213005	120.5253	17.210913	132.14134	-61.281765	-3.0107815	1.7935573	51.786293	-11.754834	-121.26749	2.62102	16862.739943265915
149	653.51697	4.0469646	657.2734	647.0593	562.74615	210.64876	718.75	147.63126	581.932	221.57376	718.61707	140.17242	602.86487	225.03377	719.9142	152.04984	1000.0	829.4	827.6	830.2	595999	120.54571	17.235062	134.2475	-31.867228	120.54603	17.23463	134.65039	-28.93683	-2.9781804	1.8268424	71.32599	-12.992928	-121.29124	2.4987001	16977.38306927681
150	659.14954	9.710761	669.51013	643.2045	635.4106	151.94203	713.9826	193.43213	639.2661	167.96881	716.80994	146.2716	694.5407	37.73128	715.34784	613.02747	1000.0	921.1	914.7	1000.0	599999	120.53004	17.377901	144.66273	-47.304695	120.53014	17.377085	145.14032	-24.102526	-2.978558	1.8129772	39.166485	-11.473473	-121.27453	2.3578038	17093.365535497665
151	658.4593	4.9825134	666.4814	653.539	587.9513	233.40833	809.6871	127.94107	563.515	289.02026	811.97455	118.168106	537.04443	271.2779	808.73615	121.80042	1000.0	825.5	736.9	737.1	603999	120.6397	17.070206	140.6391	-57.51381	120.63957	17.07124	142.93428	-40.98448	-2.980926	1.782567	42.308853	-12.454857	-121.38426	2.7005465	17203.87640118599
152	664.4728	13.718404	687.2216	652.98914	713.3678	61.622692	808.94745	613.2409	715.26044	61.633156	811.542	616.0408	704.5731	34.82398	758.351	612.7919	1000.0	1000.0	1000.0	1000.0	607999	120.63941	16.99697	131.5435	-28.53772	120.63976	16.993685	131.84288	-36.374687	-2.999976	1.7626855	37.85406	-12.781584	-121.36431	2.5371923	17325.78074979782
153	659.86	12.577701	680.25793	648.5855	742.3567	76.85714	813.1403	614.2382	534.9391	259.5922	721.4298	114.878746	768.7377	64.01862	810.09125	613.297	999.25	1000.0	741.4	1000.0	611999	120.63495	16.878761	131.14134	-41.166508	120.63521	16.87527	131.4883	-31.69066	-2.9778016	1.7950048	39.453197	-12.717622	-121.38448	2.4064922	17443.321870803833
154	661.3119	3.19194	666.0279	657.08545	750.2418	47.534466	812.68646	710.30835	708.30664	202.62425	810.7424	128.52309	772.23	37.56165	803.73676	712.0891	1000.0	1000.0	913.3	1000.0	615999	120.68494	16.84927	131.50095	-61.72336	120.68489	16.846737	131.45122	-29.971302	-2.9660788	1.80148	32.439175	-12.700439	-121.41948	2.5069852	17562.82821917534
155	663.6222	7.138431	675.928	658.4408	704.4208	30.968039	718.11993	611.69165	713.53436	42.238804	807.0052	618.2099	702.452	29.680807	715.9006	613.58356	1000.0	1000.0	1000.0	1000.0	619999	120.74761	16.762493	131.26422	-37.515263	120.74787	16.762846	132.41763	-53.564823	-2.9899998	1.7924579	31.685051	-14.821703	-121.48866	2.3834655	17682.032940387726
156	659.4197	7.813849	669.51575	648.126	713.07874	1.2805345	715.5361	711.25415	538.4789	267.75592	716.8488	113.47774	672.6987	48.082508	715.3524	610.6641	1000.0	1000.0	737.1	1000.0	623999	120.86072	16.604496	132.55652	-42.229156	120.86083	16.601517	132.18938	-42.90904	-2.9638844	1.8231698	36.14798	-12.137905	-121.60669	2.5630078	17800.580837011337
157	652.3114	9.990526	663.1112	637.77454	655.5062	46.083878	717.94385	613.4407	629.57043	145.7298	718.7452	211.03754	674.11017	46.838646	714.0855	615.2675	983.5	1000.0	923.6	1000.0	627999	120.93494	16.43851	132.03159	-54.080994	120.93489	16.432627	132.16504	-44.452557	-2.980133	1.8027624	40.499767	-13.351157	-121.66876	2.4579618	17919.200356721878
158	654.29724	6.9902825	660.2664	642.7154	712.79895	41.41077	798.42865	613.8959	708.7114	53.06543	804.76013	618.3249	694.1378	39.861683	716.49817	610.29614	1000.0	1000.0	1000.0	1000.0	631999	120.832	16.469572	132.18144	-52.25218	120.83275	16.465565	131.52245	-30.046175	-3.0123968	1.783104	32.449833	-12.482918	-121.56034	2.1660917	18037.92270207405
159	662.8628	6.0901675	669.28107	652.83295	677.5507	45.590263	715.49646	609.77325	687.9541	47.374798	731.77783	611.49493	714.47144	34.464245	801.0496	648.8543	1000.0	1000.0	1000.0	1000.0	635999	120.78644	16.723917	131.14534	-47.650517	120.78599	16.723574	131.60011	-28.895823	-2.9875534	1.7836968	31.470753	-13.454065	-121.52047	2.565094	18159.93074965477
160	663.31085	8.947384	678.72833	656.82684	740.2208	201.42339	810.4669	135.97604	738.9394	206.91267	810.14954	118.22803	735.9655	205.89392	807.04956	118.30026	1000.0	914.0	911.6	911.9	639999	120.97342	16.513092	131.7634	-61.40461	120.97319	16.511564	131.91672	-46.88296	-2.927283	1.7919858	26.114935	-12.228371	-121.713104	2.4955044	18278.15466785431
161	647.3097	8.112207	658.9737	636.29095	672.7857	164.27159	805.5865	186.39946	638.18335	174.10959	721.2295	129.12599	712.5559	2.2645164	714.89484	706.9486	983.5	919.0	913.1	1000.0	643999	121.0873	16.393488	131.55243	-39.37827	121.08729	16.391405	132.36862	-32.64529	-3.0019135	1.7936099	34.941616	-13.854708	-121.819435	2.1500478	18397.03957104683
162	643.4903	36.143475	671.34705	572.4039	736.02136	34.499565	808.23804	715.694	676.0005	182.60664	807.8181	136.80177	683.6283	159.50133	806.8886	217.00624	968.4	1000.0	913.3	923.2	647999	120.99427	16.407436	131.54599	-44.325718	120.99464	16.405165	131.63153	-39.555737	-2.9701216	1.7998791	31.535496	-11.70831	-121.72168	2.3742514	18513.650381326675
163	606.94495	110.158646	687.8121	417.057	742.7433	42.663727	809.3909	710.0861	553.10394	281.37848	809.0329	119.0762	698.2396	52.841778	811.19727	621.762	893.75	1000.0	736.4	1000.0	651999	120.99542	16.3806	131.91953	-53.522503	120.99475	16.383112	132.80312	-37.085735	-3.016632	1.7690928	33.173286	-12.183584	-121.71832	2.3372712	18627.857442855835
164	629.6635	57.289665	677.02167	531.9654	707.066	30.239292	731.46173	617.852	715.74695	4.372207	726.0649	708.01984	713.77185	1.9216383	716.80347	710.31335	940.75	1000.0	1000.0	1000.0	655999	121.04225	16.24402	131.74669	-35.312546	121.04237	16.244505	131.46538	-31.345123	-3.014006	1.7867683	35.85094	-12.673632	-121.77992	2.229907	18743.739941835403
165	585.515	135.17024	660.9627	315.31537	634.8218	178.35521	721.0702	113.10356	627.37573	176.85373	733.0361	112.784485	614.24475	170.62514	716.0048	122.00393	883.4	910.8	910.6	912.1	659999	121.2581	16.067263	131.54875	-51.352257	121.25806	16.06338	132.18086	-47.25938	-2.9650724	1.7649978	33.513508	-12.996248	-121.97341	2.6724327	18858.986635684967
166	556.9973	221.84816	678.3385	113.458435	811.1747	4.042144	821.35504	805.793	805.18896	33.11023	861.0154	717.4599	798.72003	21.82033	809.7269	733.45984	823.2	1000.0	1000.0	1000.0	663999	121.14268	16.513157	131.97827	-43.84321	121.14237	16.513798	131.56226	-31.238075	-2.966947	1.817324	43.562916	-13.605095	-121.88077	2.252097	18980.08215403557
167	666.5848	14.573403	684.4945	644.53046	708.97015	201.6446	809.82855	117.16142	516.37885	319.5546	810.7178	98.61054	568.4613	304.185	803.32227	92.81357	1000.0	911.0	650.1	730.0	667999	121.20432	16.300512	131.68196	-43.445827	121.2045	16.299328	131.73737	-38.73399	-3.0540361	1.7532974	31.458242	-12.004437	-121.92648	2.1647654	19089.52989602089
168	552.5489	231.98547	686.7301	89.17607	810.641	2.3716896	813.9717	806.7507	742.0093	204.70541	814.21515	127.91816	807.34863	2.2173073	810.07605	803.48676	818.8	1000.0	912.3	1000.0	671999	121.22754	16.245453	131.56572	-76.54676	121.22757	16.242311	131.49574	-44.15424	-3.017719	1.7522846	35.05452	-12.649957	-121.94857	2.1990047	19211.200924873352
169	659.4728	7.2160673	666.2872	647.5891	807.2703	2.4113836	809.72144	802.2534	670.9033	273.1225	809.4025	115.86672	782.6865	35.900658	807.2492	714.24713	1000.0	1000.0	824.0	1000.0	675999	121.20382	16.18425	132.11272	-33.52722	121.20355	16.185724	132.28905	-38.99799	-3.0025182	1.7536315	37.537262	-14.820649	-121.91865	2.4593778	19330.503846406937
170	551.772	201.89145	670.82513	202.10158	703.9248	66.49424	809.3936	611.0938	658.16235	182.22478	811.15955	159.33426	731.14386	56.695515	806.741	615.05133	812.75	1000.0	917.0	1000.0	679999	121.19388	16.222265	132.56624	-23.793884	121.1939	16.220873	131.96945	-40.912666	-3.0343156	1.7361772	34.35988	-13.50628	-121.92552	2.0524578	19451.08568930626
171	605.2609	121.11866	683.452	363.81345	704.54926	52.504578	807.0915	611.55066	723.048	69.43192	811.23285	610.4868	739.65295	61.269684	806.19617	608.8458	908.0	1000.0	1000.0	1000.0	683999	121.31257	15.947092	132.70547	-43.583622	121.31306	15.946081	132.33563	-49.049896	-3.0566785	1.7615625	32.869263	-13.297966	-122.04402	2.278581	19571.0513548851
172	585.3161	107.731964	663.9737	376.44995	681.7409	46.5747	716.4798	608.90753	632.0941	163.43541	720.0776	158.55548	683.5925	45.83704	719.31934	608.3124	877.6	1000.0	916.4	1000.0	687999	121.36083	15.854654	131.32306	-50.32175	121.36107	15.856418	133.66846	-74.04312	-3.0562825	1.736308	37.479824	-12.367063	-122.07475	2.441965	19688.39974284172
173	657.787	8.457423	672.4009	652.3153	705.8264	80.65017	814.8703	616.29736	694.318	57.824753	812.18616	615.1013	648.21765	142.88446	810.67145	258.56137	1000.0	1000.0	1000.0	927.7	691999	121.3183	16.066517	132.54489	-32.14889	121.31821	16.068296	131.46222	-36.788948	-3.0430732	1.7269224	37.803703	-12.709924	-122.033936	2.0032735	19805.45203948021
174	662.724	4.7965865	670.67584	658.68604	704.1637	29.92876	717.45337	614.7218	676.30774	48.798824	720.0029	613.3139	705.57764	30.648703	724.85315	614.4694	1000.0	1000.0	1000.0	1000.0	695999	121.33909	16.09247	131.4651	-47.764732	121.33927	16.089533	131.85268	-53.18928	-3.0562584	1.7400355	41.99634	-12.64917	-122.07243	2.1238267	19923.687542438507
175	664.92993	12.823209	685.9891	653.5532	708.4919	31.956396	730.66064	614.6029	712.4825	40.745247	806.6776	631.1543	640.28235	150.97623	723.47186	205.61827	1000.0	1000.0	1000.0	921.5	699999	121.24806	16.180536	131.952	-39.55803	121.24832	16.17902	131.66887	-61.002937	-3.040371	1.7181667	35.00527	-11.608295	-121.95469	2.4255977	20044.113864660263
176	654.869	11.173669	665.5157	639.32153	670.62	161.35632	805.9667	193.78345	658.6842	172.61467	804.1252	157.72418	650.0722	171.63203	718.6913	136.03091	1000.0	921.0	916.2	913.9	703999	121.21389	16.043129	131.38908	-30.221275	121.21362	16.043756	131.48447	-85.37512	-3.0408962	1.7828932	42.25072	-11.857193	-121.918274	2.4147544	20160.569303750992
177	671.8151	8.825742	683.51544	659.21796	714.4638	34.441154	734.51227	613.927	707.0492	34.577206	733.4229	627.34155	711.5965	40.52964	752.135	611.58563	1000.0	1000.0	1000.0	1000.0	707999	121.28381	15.908295	133.54591	-27.507416	121.28378	15.905265	131.84027	-36.039036	-2.99025	1.7766166	32.241962	-14.057827	-122.0025	2.295432	20284.99485898018
178	666.48376	16.444422	694.26746	651.3191	702.89264	52.75925	807.96906	611.2936	605.30475	221.28873	808.35333	136.52773	704.4669	32.331078	748.3293	616.5883	1000.0	1000.0	834.7	1000.0	711999	121.28535	15.903887	131.65068	-81.36581	121.28539	15.902508	133.83719	-84.23353	-3.029543	1.7290854	32.774193	-13.151833	-122.001686	2.1389003	20408.269797086716
179	616.2272	72.47359	659.51184	490.72546	594.04913	218.8446	717.8139	145.4259	532.53656	261.56998	720.87775	126.44146	631.08575	151.35661	714.90906	198.44058	935.75	831.7	738.5	920.6	715999	121.34882	15.750539	131.39511	-22.806824	121.34876	15.750644	131.1643	-33.737682	-3.025507	1.755772	36.80378	-12.015999	-122.06808	2.0502841	20520.623277902603
180	662.4833	12.518862	681.88184	647.03406	727.04626	29.116755	813.97614	712.52686	686.96704	171.6199	812.4369	200.69278	722.32025	44.304447	796.8764	624.93024	1000.0	1000.0	920.3	1000.0	719999	121.45385	15.624739	131.3543	-63.651505	121.45365	15.624412	131.50708	-63.969944	-3.0055437	1.7564341	36.811928	-12.58436	-122.17311	2.2664406	20639.456738471985
181	674.5288	10.652967	692.0184	664.11957	704.299	28.583952	719.8341	620.7756	603.3087	188.13843	724.6533	162.34387	696.25024	35.48425	720.4733	618.6968	1000.0	1000.0	852.8	1000.0	723999	121.49396	15.75394	131.79056	-69.40714	121.49365	15.757434	132.39601	-47.540184	-3.064259	1.735214	37.207012	-13.660644	-122.209076	1.9487189	20758.717478990555
182	585.30505	148.82193	687.17487	328.10837	707.2054	48.150974	797.60803	615.18555	717.3432	4.354385	725.22284	711.26794	715.8048	4.6158986	724.3948	710.3905	858.5	1000.0	1000.0	1000.0	727999	121.56795	15.717194	132.13667	-30.858524	121.56776	15.71563	132.72604	-26.435339	-3.0435996	1.738783	31.32378	-11.777815	-122.28557	2.343402	20877.29829764366
183	662.7185	11.360026	677.997	646.0101	809.6526	1.2695673	811.39844	806.9036	491.63452	321.60114	813.4448	127.96914	751.4006	165.53615	809.62213	254.82048	1000.0	1000.0	584.4	927.1	731999	121.55966	15.673683	131.56766	-37.269753	121.55982	15.674424	131.73935	-50.18334	-3.058479	1.7162429	32.24162	-12.61338	-122.277115	2.0604587	20990.345237731934
184	662.27783	9.072857	673.0478	651.9329	700.11096	29.223898	711.7158	612.5151	650.7782	178.96297	756.0479	124.262405	691.63727	39.872578	716.1516	609.7191	1000.0	1000.0	911.9	1000.0	735999	121.59004	15.566338	131.76073	-63.865673	121.59035	15.562333	131.62772	-36.315918	-3.0833313	1.7144921	39.53495	-11.720026	-122.304405	1.990063	21113.54682993889
185	659.3738	6.6096153	667.41064	649.2884	681.9015	46.932915	715.6578	609.0526	672.79456	47.402447	713.39777	610.4874	704.87244	13.026623	713.2386	667.127	1000.0	1000.0	1000.0	1000.0	739999	121.56543	15.628463	131.40305	-24.745026	121.56565	15.628262	131.68088	-36.019108	-3.1019368	1.6781257	28.187208	-12.324722	-122.27512	1.7983121	21234.73252940178
186	660.46246	16.87593	687.5519	645.2196	775.21075	69.393845	858.0782	615.92615	702.35376	74.35307	808.39905	612.7872	765.80066	61.923077	818.26984	611.20276	1000.0	1000.0	1000.0	1000.0	743999	121.60385	15.522894	132.21785	-44.527187	121.60354	15.525155	132.1852	-57.22691	-3.0691621	1.7005382	43.872803	-13.497501	-122.32222	2.0090623	21355.61524438858
187	660.92334	12.722668	678.9081	645.8176	792.17377	34.358433	812.74	720.6879	805.15906	16.263926	813.67346	756.7506	810.9823	6.6750445	827.03485	804.9412	1000.0	1000.0	1000.0	1000.0	747999	121.63007	15.414877	132.11546	-86.96688	121.63047	15.409424	132.0357	-34.927044	-3.0653806	1.6856778	29.17663	-13.841837	-122.334206	2.154262	21472.889600992203
188	657.8414	7.967567	666.9055	647.44885	471.8497	266.6625	818.6758	136.2843	512.6734	260.68484	737.85333	170.10202	682.0504	157.3885	807.74475	234.68636	1000.0	615.2	681.7	924.8	751999	121.62379	15.302016	131.27333	-34.126907	121.62427	15.300749	131.77606	-37.00833	-3.0206106	1.7469043	32.430706	-12.278022	-122.33716	2.170022	21580.52445745468
189	663.2046	4.235147	666.9553	656.02124	695.0498	43.111507	725.49695	610.8924	700.3445	34.05566	724.1439	616.0473	709.4238	30.744003	744.172	622.17847	1000.0	1000.0	1000.0	1000.0	755999	121.66723	15.248006	131.64621	-36.19563	121.66695	15.249214	131.27768	-64.90101	-3.0805268	1.7020485	43.59423	-14.168522	-122.37767	1.8591738	21700.227856874466
190	530.66034	151.86397	678.5742	272.17746	390.26355	265.7429	717.19336	136.27147	387.29263	270.51443	719.2915	114.46546	541.347	219.16682	711.8859	160.05151	776.8333	516.1	514.7	774.1	759999	121.61078	15.171314	131.48314	-35.21313	121.61048	15.176466	131.7646	-72.113266	-3.0501745	1.7317919	35.065918	-12.210433	-122.32923	2.1091774	21803.056878089905
191	562.95715	178.60788	667.1849	253.60184	705.09186	30.38274	719.6125	614.13605	658.6445	136.84839	719.73425	258.43945	698.2014	29.317453	713.58453	623.24756	829.0	1000.0	927.6	1000.0	763999	121.56192	15.335382	131.47989	-35.365112	121.56156	15.339958	132.51965	-50.05278	-3.056539	1.6830854	38.000744	-13.871251	-122.25767	2.0151103	21928.44463276863
192	661.0349	12.016086	672.9922	641.10077	716.5748	2.5588825	720.7855	711.5438	708.1557	23.082695	735.5812	642.2449	711.1953	9.994033	718.0862	682.16064	1000.0	1000.0	1000.0	1000.0	767999	121.45229	15.609447	132.2544	-32.920692	121.45239	15.611102	132.12738	-44.43138	-3.0700583	1.7017137	33.742477	-11.76803	-122.15617	1.9983448	22049.39373421669
193	625.5206	65.88448	665.631	494.07404	706.7626	31.980532	732.1957	615.3507	716.95953	4.0236106	724.724	711.58575	694.6621	40.96147	723.166	611.7206	951.0	1000.0	1000.0	1000.0	771999	121.60932	15.162776	131.55023	-44.890457	121.60873	15.164812	131.69913	-63.260765	-3.0566661	1.6910361	27.041256	-14.47488	-122.32168	2.290355	22175.52749156952
194	665.00006	7.2314234	676.75555	657.9831	703.1567	30.477207	718.1471	611.95605	703.11115	29.137411	718.84735	616.11835	711.89874	1.8055993	715.6372	708.6899	1000.0	1000.0	1000.0	1000.0	775999	121.57557	15.188076	131.04341	-39.01483	121.57466	15.192368	131.62915	-34.649086	-3.0595078	1.702564	35.820034	-11.711977	-122.2627	2.148518	22296.022777080536
195	657.90594	2.416299	660.57983	653.983	721.23206	15.208339	759.07074	709.4534	690.9099	56.858253	814.9334	616.86725	687.5974	47.194645	735.93976	612.88446	1000.0	1000.0	1000.0	1000.0	779999	121.57075	15.088919	131.1802	-62.388268	121.57083	15.092777	131.46545	-51.87615	-3.0467935	1.727028	33.37516	-13.551003	-122.27166	2.3113525	22414.69763970375
196	664.3013	5.452656	673.2819	658.80194	706.1702	27.80538	722.9739	624.16486	467.72394	295.99152	731.88184	97.7943	527.9851	247.87762	725.352	133.05724	1000.0	1000.0	640.8	748.9	783999	121.59329	15.2040615	132.08556	-40.367195	121.59329	15.201479	131.88832	-35.92634	-3.0235703	1.7414232	33.86814	-12.11945	-122.306694	2.0280263	22526.92277789116
197	612.23206	104.72468	683.3181	431.3615	500.51318	289.5803	814.39087	137.28067	747.8136	60.6867	814.54974	619.00415	739.84015	83.5645	820.2667	616.4622	918.5	658.3	1000.0	1000.0	787999	121.741	14.7058525	131.95642	-25.526001	121.741	14.7047205	131.96657	-21.508108	-3.090189	1.7128733	36.228622	-13.1015415	-122.440544	1.981904	22641.381229877472
198	655.7797	3.091117	659.37384	651.72174	703.69275	40.296215	732.2371	621.7583	721.1073	6.648664	732.06036	711.4807	714.2289	23.267126	732.3963	647.2447	1000.0	1000.0	1000.0	1000.0	791999	121.71493	14.756215	133.70027	-24.647	121.71526	14.756279	131.77167	-41.951466	-3.0634804	1.7379487	37.0549	-11.53782	-122.41949	2.3980043	22764.230798482895
199	557.32385	204.78279	671.05756	148.02512	799.7874	25.505692	813.78076	724.11005	782.45544	41.222675	812.07263	714.48456	803.0405	7.6967964	810.62744	784.77356	834.0	1000.0	1000.0	1000.0	795999	121.60164	14.826789	132.07362	-52.376904	121.60156	14.825046	132.21432	-28.383768	-3.1189065	1.6743495	42.571747	-12.41172	-122.29864	1.9552999	22883.385694503784
200	659.1092	6.70184	667.2375	648.7291	697.3058	38.158173	724.55566	613.8229	707.6008	28.026558	726.2295	624.8679	703.3931	30.711323	717.2545	611.5054	1000.0	1000.0	1000.0	1000.0	799999	121.64073	14.704825	131.54303	-68.16277	121.64087	14.707101	131.9255	-32.68768	-3.0889213	1.6837035	34.33797	-13.608794	-122.349594	1.9281282	23008.799179553986
201	670.8839	5.0410633	674.8782	662.4893	808.60315	3.618192	814.326	802.8085	807.57825	7.5897155	813.719	789.25775	808.1664	4.111687	814.818	800.30096	1000.0	1000.0	1000.0	1000.0	803999	121.66188	14.665306	131.47948	-38.638084	121.66174	14.6671095	131.7232	-27.386034	-3.053764	1.7092334	38.281567	-12.777585	-122.354546	1.9765188	23144.506770849228
202	668.05383	9.764397	682.5718	655.22	706.25214	155.51642	806.1504	257.1774	680.09436	200.54666	805.63574	92.081635	718.5177	78.78657	807.2011	610.3126	1000.0	926.3	908.9	1000.0	807999	121.64832	14.737846	131.58188	-23.725903	121.64855	14.736026	131.5242	-32.54249	-3.0980487	1.6936821	36.113377	-15.29904	-122.34913	1.843313	23264.405863523483
203	659.5812	14.950276	679.2829	642.528	692.0735	36.99899	716.47614	616.75824	693.2785	37.180058	715.60175	615.8599	665.03033	43.323868	711.8898	608.61664	1000.0	1000.0	1000.0	1000.0	811999	121.69277	14.636633	131.2972	-26.516169	121.69261	14.637289	131.81877	-45.82858	-3.0762393	1.699583	38.467262	-14.466266	-122.3907	1.8170785	23384.148772716522
204	660.04565	3.454949	664.759	656.14484	704.2413	30.122469	719.81256	614.2251	687.7145	41.00491	718.488	621.2786	703.228	30.44646	725.51117	612.9657	1000.0	1000.0	1000.0	1000.0	815999	121.77698	14.485467	131.82858	-48.961178	121.77714	14.485064	131.67299	-61.82101	-3.0704765	1.7045538	39.81057	-12.12308	-122.47294	2.0909388	23507.545438051224
205	597.1079	103.69835	666.05383	417.81198	756.8866	41.832737	828.3256	712.3289	729.371	50.757114	827.92474	619.8935	738.2191	20.891502	783.418	712.251	908.0	1000.0	1000.0	1000.0	819999	121.66681	14.694189	132.03429	-44.08063	121.66652	14.696711	131.75444	-41.856976	-3.0988965	1.7148538	42.01715	-14.238393	-122.37646	1.8708545	23626.846596956253
206	662.8313	5.8445373	671.56384	655.1747	679.82446	194.379	825.119	139.65356	720.8046	70.89393	813.50867	615.4776	633.37854	247.29219	809.23035	132.412	1000.0	913.0	1000.0	828.0	823999	121.6725	14.637826	137.89949	-32.152306	121.67305	14.6332855	132.31122	-29.85631	-3.0622358	1.7163804	40.42452	-12.536931	-122.36173	2.1144724	23746.818466186523
207	671.4064	10.144373	681.48083	654.5884	697.43396	59.761932	802.9403	612.04156	581.36365	232.59558	722.5309	117.72312	661.1749	129.68982	724.38727	282.88504	1000.0	1000.0	825.7	935.9	827999	121.5902	14.555256	131.57272	-40.55186	121.59051	14.5518265	131.91597	-32.178436	-3.0864668	1.6926783	45.26983	-14.658043	-122.281654	2.3061123	23868.754032850266
208	663.97046	4.547898	670.3264	657.9208	675.25464	47.664597	717.41656	610.41626	752.2291	46.471024	813.7747	712.6737	759.13074	59.763046	805.4558	626.5167	1000.0	1000.0	1000.0	1000.0	831999	121.5786	14.567747	131.14647	-39.008987	121.57863	14.567616	130.98543	-28.526802	-3.0821738	1.6959413	32.832455	-13.8367815	-122.275375	1.7557278	23989.213156700134
209	652.6018	6.6673665	659.51117	641.57587	701.6743	27.396803	716.63794	621.48773	712.304	37.12052	789.0419	624.50977	694.9004	33.784058	715.62933	615.413	1000.0	1000.0	1000.0	1000.0	835999	121.61799	14.3931055	131.53061	-41.31414	121.61785	14.39413	131.72826	-55.71111	-3.0820034	1.6934868	32.613403	-14.50857	-122.30772	2.1317866	24112.814400672913
210	665.33344	8.835414	679.63586	655.94055	797.0802	27.520517	809.57367	714.94556	760.99207	45.09763	809.8805	712.9478	785.04285	36.212868	805.5655	712.0351	1000.0	1000.0	1000.0	1000.0	839999	121.59095	14.369617	131.42711	-48.429058	121.59071	14.370343	131.74287	-38.741947	-3.0788705	1.7015278	33.977024	-13.476106	-122.28584	2.0965714	24233.92182445526
211	657.96204	8.971327	671.4295	649.52515	684.1279	44.4114	714.7716	612.658	730.4697	30.370214	798.6978	706.53375	723.12897	48.06587	806.33716	630.326	1000.0	1000.0	1000.0	1000.0	843999	121.50907	14.373601	131.2415	-40.892	121.50955	14.369057	131.34776	-39.900833	-3.086919	1.7138057	42.229477	-12.412666	-122.20103	1.8620114	24354.630622148514
212	668.3141	11.978779	682.18726	654.8544	686.556	46.46412	722.05396	613.0567	694.75806	42.402966	720.2946	607.53033	704.1715	50.830082	804.93085	617.25653	1000.0	1000.0	1000.0	1000.0	847999	121.51116	14.391719	130.92729	-43.840183	121.51135	14.390152	131.06523	-31.476929	-3.0854197	1.6942984	35.71646	-15.069052	-122.21187	1.8084604	24472.773509025574
213	666.2264	8.433712	680.7296	660.46924	806.58826	3.3066638	813.3527	799.91125	768.46173	52.58736	816.1716	657.98206	805.5409	2.9791424	808.98114	800.4593	1000.0	1000.0	1000.0	1000.0	851999	121.68787	14.236465	131.66861	-51.345936	121.68746	14.239221	131.40433	-45.70148	-3.0934672	1.6724066	59.712997	-12.347443	-122.381294	1.8688498	24593.404349803925
214	661.34015	2.0367339	664.2507	658.6956	419.16577	319.52505	816.34406	145.32297	673.0328	251.42622	813.2715	118.25732	802.64264	8.772573	811.3072	779.27747	1000.0	494.0	834.8	1000.0	855999	121.78641	14.159454	134.50874	-50.05858	121.78643	14.159157	133.06755	-34.968956	-3.1009932	1.6649753	38.57504	-13.17864	-122.48414	1.6756192	24705.397872924805
215	667.30286	7.1820307	677.3553	658.10614	784.4637	61.21349	817.9497	622.3457	700.34827	194.87085	824.9725	160.9719	749.18665	69.626175	817.00635	617.7022	1000.0	1000.0	915.4	1000.0	859999	121.83558	13.986205	134.07904	-26.967934	121.83548	13.9878235	133.44508	-21.327297	-3.12153	1.6636672	29.266413	-13.805572	-122.52565	1.9546477	24827.31793498993
216	662.10547	7.2181115	672.7501	655.39166	679.4554	44.35813	716.1615	612.3231	704.2556	27.112307	723.96674	626.0974	654.1002	48.507202	714.2667	607.19476	1000.0	1000.0	1000.0	1000.0	863999	121.86715	13.857372	139.40088	-48.677513	121.8672	13.853012	141.47981	-26.545319	-3.0912766	1.6778551	31.924881	-12.781832	-122.5611	2.0569134	24950.642683267593
217	664.9585	13.0392885	680.6913	650.5573	703.2362	29.690613	717.3666	614.4409	697.2497	39.35922	723.8498	614.0112	712.1752	1.837602	714.8528	708.3661	1000.0	1000.0	1000.0	1000.0	867999	121.77825	14.145487	131.4241	-62.060314	121.77875	14.142004	131.5028	-46.89286	-3.13112	1.634984	30.825989	-15.146532	-122.46281	1.8642918	25071.819816350937
218	663.5632	14.866971	681.66296	640.6163	694.44543	40.058163	719.7277	610.7852	705.20404	28.983707	721.5374	618.9273	692.9359	40.001972	720.04956	613.9106	1000.0	1000.0	1000.0	1000.0	871999	121.73095	14.243197	132.1903	-47.768764	121.73042	14.247088	132.14182	-34.862938	-3.0824685	1.6683209	34.48469	-13.236505	-122.429596	1.9454983	25191.975486040115
219	663.5182	8.313323	672.7069	650.3014	736.16345	52.419743	816.8273	618.39465	695.8956	63.148598	818.8551	619.8642	652.43396	177.62906	807.4047	140.27872	1000.0	1000.0	1000.0	914.3	875999	121.71179	14.322684	132.27888	-30.382957	121.71185	14.321074	131.84186	-27.722267	-3.1170228	1.6318986	29.31149	-12.302916	-122.40433	2.0155652	25310.133719205856
220	566.79315	183.70215	681.2555	201.4387	716.09216	4.4399276	726.05426	711.35144	707.02783	30.074724	733.3361	619.1798	715.66077	2.9600823	722.5452	711.7775	843.4	1000.0	1000.0	1000.0	879999	121.67621	14.112141	133.71165	-32.339844	121.67596	14.113064	131.46225	-40.994385	-3.1140947	1.6747849	31.0728	-12.056324	-122.3585	1.9671885	25429.5936191082
221	663.91266	10.000895	674.9089	653.0243	714.8962	2.1216106	719.2537	712.0204	727.78186	27.093374	807.4215	711.05414	705.6414	26.587265	718.5018	626.05676	1000.0	1000.0	1000.0	1000.0	883999	121.74109	14.019528	131.21292	-43.432316	121.74124	14.021261	131.41054	-37.519802	-3.094525	1.6942095	40.615097	-12.366524	-122.42894	1.9194671	25549.644333839417
222	661.93744	10.72332	676.37823	649.06866	746.3224	40.4638	808.74567	713.2117	735.55206	54.111336	814.4333	624.54126	731.0547	55.97665	808.8211	617.4242	1000.0	1000.0	1000.0	1000.0	887999	121.80599	14.162914	131.88193	-28.453959	121.80678	14.159172	131.52838	-45.850395	-3.0912187	1.6644839	32.20624	-12.331799	-122.49941	1.9434121	25671.57353901863
223	674.8039	16.09277	692.7821	653.78766	672.8736	48.226055	714.2854	610.5055	686.62634	41.350864	717.6923	618.21204	645.7696	45.020985	716.1118	613.246	1000.0	1000.0	1000.0	1000.0	891999	121.88244	13.989679	131.61147	-95.42464	121.88318	13.984385	131.51753	-29.713875	-3.0905566	1.652456	31.351805	-12.635523	-122.57271	2.0945187	25794.89430451393
224	547.94824	228.69627	671.1429	90.64798	812.1808	4.924397	817.2335	802.475	747.7786	59.521442	815.7939	617.21405	811.62897	5.817743	821.80865	802.6838	821.2	1000.0	1000.0	1000.0	895999	121.93871	13.988027	132.0194	-27.780436	121.93963	13.985836	132.18828	-26.867945	-3.0789697	1.680768	32.62374	-12.506707	-122.62304	1.967936	25916.493581295013
225	670.8738	12.642976	692.23987	660.7164	777.2155	62.31949	808.76715	609.97125	770.45905	63.462246	814.1503	615.8715	781.1904	56.505035	807.289	614.2527	1000.0	1000.0	1000.0	1000.0	899999	122.049	13.807986	131.5049	-44.15043	122.04911	13.807001	131.04039	-29.783918	-3.0933328	1.6553386	36.74223	-11.640919	-122.734024	1.9785419	26037.051315546036
226	658.0939	4.7758026	664.0096	650.7332	709.0918	31.35963	734.99817	617.9862	709.3357	29.185802	729.81177	623.4522	707.7428	25.351583	728.0066	632.7129	1000.0	1000.0	1000.0	1000.0	903999	122.0989	13.869151	131.62741	-30.775242	122.09849	13.873029	132.47122	-57.814823	-3.0501032	1.6715025	33.846184	-11.871921	-122.7945	1.9592415	26172.220863580704
227	657.93494	6.2745156	666.4047	650.79175	700.2213	29.720613	715.9267	612.97955	690.8888	40.11416	712.7537	606.7723	693.33777	29.808403	714.6327	619.88116	1000.0	1000.0	1000.0	1000.0	907999	122.10066	13.900262	132.06625	-29.329233	122.10115	13.902631	132.20776	-66.20967	-3.070269	1.675028	32.217373	-14.076264	-122.780075	2.1304028	26295.171316623688
228	669.23883	7.2404385	678.60187	661.65204	721.29846	4.231718	727.9673	712.16144	701.83466	36.438683	728.76855	625.9797	724.42346	5.2083607	732.152	713.21576	1000.0	1000.0	1000.0	1000.0	911999	122.15726	13.788652	132.40459	-63.23771	122.15703	13.792645	131.9503	-34.779243	-3.0994797	1.6477222	30.353844	-11.976608	-122.85705	1.6319385	26417.942642211914
229	658.8102	5.2831836	666.17975	652.7791	698.392	40.88017	731.2326	614.3266	688.3795	48.325348	734.7661	613.42175	707.2053	29.318356	729.569	625.9161	1000.0	1000.0	1000.0	1000.0	915999	122.23548	13.887432	132.31828	-33.65511	122.23622	13.886168	131.65834	-45.408386	-3.1149218	1.6106184	29.32721	-14.496633	-122.913956	1.908437	26542.458961725235
230	668.1234	6.1951733	673.8265	658.18396	649.58484	43.229225	717.307	615.52716	708.24414	28.126825	723.14984	624.2549	717.1766	60.603027	811.8704	615.45593	1000.0	1000.0	1000.0	1000.0	919999	122.32236	13.669798	132.45406	-57.934216	122.32271	13.665279	132.35062	-21.035204	-3.0980043	1.625951	33.587925	-11.590795	-123.00971	1.980693	26670.485352277756
231	664.9352	3.3883913	669.2298	660.4499	724.2682	5.1826277	734.3114	712.63275	725.4794	4.696649	733.6591	720.06305	729.33716	4.4232116	736.53064	724.4246	1000.0	1000.0	1000.0	1000.0	923999	122.41909	13.480445	132.02525	-52.833996	122.41951	13.481852	132.48944	-35.37771	-3.1044025	1.6541513	51.266407	-13.044639	-123.11462	1.8745227	26785.17907333374
232	665.58154	10.602872	683.77155	657.1357	714.57336	31.481443	736.51733	622.88605	709.4095	31.023775	733.3864	618.8738	709.3993	29.637178	728.36206	623.0456	1000.0	1000.0	1000.0	1000.0	927999	122.46176	13.357125	131.81581	-33.488358	122.4621	13.355883	132.31488	-31.732027	-3.130203	1.5908848	33.661232	-11.852271	-123.14964	1.6920581	26897.69770717621
233	671.0928	14.941033	690.2121	653.734	705.2727	29.011036	719.275	618.66425	696.0198	39.46757	727.12006	613.6985	694.866	41.655556	728.1478	610.7279	1000.0	1000.0	1000.0	1000.0	931999	122.3626	13.633506	131.47824	-36.366993	122.36189	13.637488	132.30325	-26.801584	-3.093612	1.6245435	38.202076	-12.986322	-123.04192	1.9551238	27013.42646074295
234	668.0933	6.2524796	675.7784	659.19946	761.7783	42.96393	820.128	719.3691	781.1111	44.25999	826.7202	716.84845	764.11456	43.687572	832.6543	718.8116	1000.0	1000.0	1000.0	1000.0	935999	122.26103	13.73086	132.05054	-28.464724	122.26108	13.73208	131.411	-19.959202	-3.093275	1.6487706	33.316444	-12.731904	-122.9522	1.9299116	27128.046510457993
235	684.028	4.0665407	688.257	679.31805	765.7106	64.01773	817.71704	617.8627	792.646	35.77539	818.6277	717.7692	749.92053	86.3045	810.1517	610.74255	1000.0	1000.0	1000.0	1000.0	939999	122.41074	13.595814	132.09296	-72.59532	122.41015	13.599328	132.39665	-29.549778	-3.073008	1.65488	43.338154	-12.414521	-123.1007	1.7566912	27247.625796556473
236	693.0333	21.581757	726.4706	666.14374	719.30206	3.6886213	727.80786	713.6819	689.0206	49.23363	727.8469	612.3077	708.3687	30.290098	726.08966	618.49274	1000.0	1000.0	1000.0	1000.0	943999	122.65005	13.191012	132.48643	-25.735706	122.65005	13.191515	132.43013	-28.652718	-3.0718231	1.6206568	28.736536	-12.833463	-123.32785	1.8790722	27359.112779140472
237	673.5338	10.07492	684.3959	663.04156	650.057	165.25252	723.04297	161.19208	666.149	156.47618	729.06555	197.15144	712.16113	10.453418	729.2141	688.9597	1000.0	919.8	925.0	1000.0	947999	122.69009	13.486686	132.47292	-39.719223	122.68996	13.483804	133.74944	-26.716085	-3.0653784	1.6327101	30.42463	-13.654408	-123.38092	1.70424	27472.850277900696
238	632.6281	59.568977	677.0951	531.2188	675.514	43.18022	717.16956	616.39624	697.785	40.957836	736.43536	613.9481	683.6991	43.695946	714.6763	613.8246	947.0	1000.0	1000.0	1000.0	951999	122.75077	13.41842	132.48477	-58.14476	122.75088	13.415116	132.47923	-49.45461	-3.124124	1.6046175	27.413334	-12.6827965	-123.429596	1.8810909	27584.88705945015
239	661.7141	0.9247392	662.80066	660.5306	694.26385	37.49527	715.45374	615.8915	720.40717	8.488647	732.4822	704.3695	686.88135	41.696335	718.57825	619.1783	1000.0	1000.0	1000.0	1000.0	955999	122.67521	13.558354	132.73273	-31.949738	122.67564	13.557116	132.5969	-41.9937	-3.1255171	1.6088022	32.46443	-12.405964	-123.35898	1.7180012	27697.579290151596
240	671.95624	14.050507	690.7125	651.12573	730.6303	27.962103	810.78156	712.8546	708.4824	50.705173	812.75726	623.013	745.5172	56.522038	810.565	622.3842	1000.0	1000.0	1000.0	1000.0	959999	122.65082	13.701215	138.99486	-52.062435	122.65055	13.701902	132.55562	-41.68975	-3.1152244	1.603585	28.689707	-12.538599	-123.328445	1.8288432	27819.95884156227
241	677.84894	11.071838	696.75073	668.73456	704.485	27.1199	730.835	639.1963	752.23804	53.279057	862.80566	705.1276	723.3634	52.345413	812.96533	638.41583	1000.0	1000.0	1000.0	1000.0	963999	122.72356	13.503189	133.0072	-25.503014	122.72388	13.504707	132.53236	-25.275766	-3.0884972	1.6215643	31.147282	-11.91173	-123.411064	1.6047053	27931.306438922882
242	676.76514	8.189946	687.8145	667.4962	686.4367	43.719715	718.5617	614.51855	745.66925	59.085648	813.1796	624.88477	736.9613	58.004868	805.7086	618.4132	1000.0	1000.0	1000.0	1000.0	967999	122.73882	13.596973	133.42854	-27.973352	122.73886	13.59625	132.54903	-36.565723	-3.0854576	1.6280527	28.381144	-12.408581	-123.41878	1.9930422	28044.19816327095
243	666.7027	13.352594	689.3472	656.21136	744.0238	37.125698	821.80927	718.296	741.2382	54.852615	814.2765	626.8467	739.94324	27.762339	811.0906	715.7876	1000.0	1000.0	1000.0	1000.0	971999	122.80672	13.576416	132.8827	-38.417393	122.80686	13.575932	132.54085	-49.264156	-3.1222923	1.6114798	35.52082	-12.680595	-123.49517	1.7582009	28155.959275007248
244	673.6331	11.263448	683.55145	655.24664	722.08435	4.5199323	729.4763	716.1022	654.9781	166.9426	734.6385	161.59842	708.2434	30.387722	724.6678	618.42346	1000.0	1000.0	920.3	1000.0	975999	122.87354	13.443869	132.67154	-53.840744	122.87451	13.443424	133.03203	-58.359196	-3.0797915	1.613082	29.600988	-13.713667	-123.55072	2.052919	28266.682496786118
245	682.1562	13.864815	701.0936	661.9689	483.86554	286.3011	726.2926	123.54976	255.87105	229.06418	720.26697	103.35403	694.60187	42.774597	724.9179	616.8811	1000.0	654.2	322.1	1000.0	979999	122.92217	13.307122	132.86473	-42.309097	122.92227	13.311036	134.24542	-90.380615	-3.0615222	1.6254935	34.39537	-13.522575	-123.60857	1.9813067	28366.580225229263
246	678.4408	15.178666	698.43604	663.72705	712.65405	29.811934	728.5353	624.1422	716.66473	42.506443	812.7323	624.04535	713.0329	32.825768	731.60187	615.30884	1000.0	1000.0	1000.0	1000.0	983999	122.90588	13.442326	133.0263	-25.917402	122.90567	13.445487	133.16559	-28.951443	-3.051728	1.6202987	31.655977	-13.083911	-123.58596	1.7674953	28481.518482923508
247	675.2762	4.519666	679.6569	669.252	727.7243	5.9337225	738.431	718.3166	717.0017	4.861266	725.38605	710.8731	724.369	7.000309	738.6467	713.8272	1000.0	1000.0	1000.0	1000.0	987999	122.97244	13.278933	132.68924	-58.021637	122.97273	13.277719	133.6375	-56.42306	-3.083378	1.6180011	32.011208	-13.3474455	-123.660675	1.9384245	28598.734397411346
248	665.83093	10.152653	678.53296	650.3554	721.725	40.79267	807.29987	627.08307	672.13605	163.9656	734.035	180.51813	729.72876	25.518183	803.6862	707.90247	1000.0	1000.0	918.9	1000.0	991999	122.9759	13.26167	132.61894	-24.662163	122.97663	13.262721	132.8954	-55.311523	-3.0786543	1.6016946	34.075993	-12.836025	-123.652405	1.9361991	28709.88582611084
249	549.6516	227.21011	674.878	95.400375	692.1418	44.006027	728.30646	621.6764	746.99774	59.281803	817.5014	626.6302	762.0306	45.27173	810.87286	709.03656	820.0	1000.0	1000.0	1000.0	995999	122.80924	13.405032	132.94922	-47.998016	122.80984	13.403433	132.8844	-28.700188	-3.0927372	1.6221883	29.515865	-13.142317	-123.48354	2.18742	28822.309180498123
250	666.0532	5.604923	673.48706	658.1023	758.7612	58.304794	811.17975	625.8309	771.6667	64.38559	814.6592	616.0961	765.47485	47.144997	809.4371	679.6215	1000.0	1000.0	1000.0	1000.0	999999	122.66786	13.341322	132.47906	-41.670517	122.66809	13.342201	132.41476	-61.154545	-3.100165	1.6203831	33.031754	-12.561907	-123.3328	1.8521994	28935.440217733383
