Epoch	AverageEpRet	StdEpRet	MaxEpRet	MinEpRet	AverageTestEpRet	StdTestEpRet	MaxTestEpRet	MinTestEpRet	AverageTransferEpRet	StdTransferEpRet	MaxTransferEpRet	MinTransferEpRet	AverageRandomEpRet	StdRandomEpRet	MaxRandomEpRet	MinRandomEpRet	AverageAdvEpRet	StdAdvEpRet	MaxAdvEpRet	MinAdvEpRet	EpLen	TestEpLen	TransferEpLen	RandomEpLen	AdvEpLen	TotalEnvInteracts	AverageQ1Vals	StdQ1Vals	MaxQ1Vals	MinQ1Vals	AverageQ2Vals	StdQ2Vals	MaxQ2Vals	MinQ2Vals	AverageLogPi	StdLogPi	MaxLogPi	MinLogPi	LossPi	LossQ	Time
1	3.3867617	3.341474	12.027127	-5.4670715	10.041307	0.85333866	12.013384	8.9416485	10.400266	1.7381475	14.81774	8.506679	3.7549653	7.851488	13.21474	-9.386623	10.417955	0.92898405	11.730683	8.613195	17.612335	20.1	20.8	28.2	20.3	3999	5.854493	4.5910034	22.229572	-4.9271226	5.8542614	4.591592	22.060099	-4.52579	-2.6808414	1.4895481	4.734028	-12.936357	-6.961643	0.39041275	41.72127032279968
2	2.6785488	3.4470308	12.025115	-8.722629	122.7523	123.13935	339.37888	22.214857	319.29257	144.573	442.6411	34.41134	-12.242346	2.183376	-8.888364	-15.995868	255.3084	117.47815	370.56924	36.053947	17.33913	356.5	771.7	18.3	642.7	7999	14.301694	12.7939205	62.490234	-6.50704	14.302039	12.792855	61.463364	-7.2400875	-0.43056476	2.6356003	14.432901	-13.297655	-16.906624	1.0318	129.72617483139038
3	9.050431	29.328524	181.74387	-13.633031	191.603	82.08019	385.27017	104.14528	208.38	79.81699	364.57123	111.14443	-5.7624826	1.619481	-3.0219736	-7.821048	184.90222	138.50412	576.30115	95.3606	30.285715	330.9	363.1	17.3	322.2	11999	27.549715	29.289698	124.3811	-5.542904	27.55046	29.28835	130.98483	-6.728678	0.8509825	3.5622728	18.52443	-13.871824	-32.678173	5.217891	200.1109402179718
4	230.15482	147.52643	404.13974	58.033276	413.12885	123.34807	569.19556	254.09251	410.31137	161.34923	570.0945	56.73783	-5.890071	1.2132863	-3.8183491	-8.078747	383.49554	105.03901	569.8785	256.01212	382.22223	759.9	751.3	13.1	708.9	15999	45.647125	38.544308	117.52219	-7.6340537	45.64766	38.5431	118.457954	-7.577938	1.2747232	3.6909938	21.833164	-13.256107	-49.995872	11.407816	293.5824053287506
5	397.85632	175.6055	566.8508	106.30949	477.44458	158.08752	654.1823	152.67879	465.40375	209.73662	670.4783	91.95736	-3.998195	0.78736436	-3.1873007	-5.3200574	465.6189	213.6975	670.32324	97.92485	704.1667	811.6	775.0	14.8	771.9	19999	52.9094	37.569023	116.50752	-7.5281777	52.90984	37.568367	117.285	-8.958825	0.86999625	3.4069357	20.841455	-11.827148	-56.20559	8.5341215	389.389445066452
6	343.5972	156.91104	571.674	149.92744	267.31177	142.68916	587.9332	150.74745	443.90448	172.25127	624.33167	95.16512	-5.5226126	1.4377891	-2.716573	-7.5352707	422.57104	190.73967	615.8911	143.55376	632.5714	448.7	748.8	15.3	715.2	23999	56.36836	35.05669	113.27685	-7.2038083	56.36832	35.056572	114.02103	-9.40198	0.6288951	3.116791	19.803806	-14.207332	-58.878086	6.1992235	479.8919575214386
7	489.06497	60.39055	539.2082	389.85437	446.06793	222.99193	689.9931	106.61059	444.28516	182.14265	685.91907	109.25638	-3.9156506	0.9041446	-3.0169928	-6.340612	445.95392	176.9384	686.5054	164.96089	899.0	705.7	705.6	14.2	719.4	27999	59.25364	32.88335	105.75749	-6.9096785	59.25343	32.88344	106.340576	-7.572402	0.22412306	2.9844344	19.157251	-13.446753	-61.295197	5.4017305	573.6873965263367
8	411.95703	143.28181	591.4691	251.58267	588.858	97.72471	678.3021	310.86972	605.4986	157.73854	739.476	154.2486	-2.4590182	0.80923647	-0.9409568	-3.6846979	485.6626	221.8355	702.1625	77.87968	723.6	953.0	931.1	13.7	802.5	31999	61.8569	30.805	101.02245	-7.3778067	61.856716	30.805847	102.860085	-6.579098	-0.13587284	2.9068172	17.69608	-15.458921	-63.6035	4.7568946	676.3252582550049
9	359.02997	268.42374	621.4856	0.5430231	269.87177	121.45526	547.7158	106.71863	374.83118	172.07927	600.10065	91.6322	-3.2920518	0.5558313	-2.3276684	-4.486389	326.65128	139.08667	544.25464	99.065796	630.2857	460.5	631.9	14.0	549.5	35999	63.861385	29.260742	96.53849	-8.313735	63.861263	29.262156	97.5397	-9.168089	-0.33812445	2.8891637	19.562943	-13.850292	-65.46228	4.807998	760.0026454925537
10	442.62744	244.6784	648.4665	-1.3595452	390.3848	222.12314	611.156	93.40753	309.7279	221.97113	610.57623	75.123726	-4.1918783	1.2750856	-2.6136553	-6.756273	264.2122	230.05283	612.7778	65.92718	742.2	671.9	554.6	13.0	489.5	39999	65.45296	28.079712	95.4898	-9.0653305	65.45255	28.082706	95.7775	-9.589207	-0.60751194	2.850661	18.058552	-13.168597	-66.93139	4.702756	846.1485710144043
11	606.0488	14.000098	627.2919	590.64307	540.6193	97.588524	596.8513	261.2093	448.1459	204.54463	617.52844	80.053246	-5.641797	1.1599983	-3.671024	-7.19223	470.96796	152.61996	623.9064	86.357445	1000.0	949.4	793.2	13.0	879.8	43999	67.08033	27.239754	94.13068	-13.756276	67.08035	27.242239	94.86167	-10.292038	-0.7770569	2.762652	17.759853	-14.748473	-68.43935	3.7257216	948.6296770572662
12	550.25287	113.99901	632.3968	324.04633	496.78156	33.109623	595.0711	478.0149	508.3694	38.108166	592.81995	473.6297	-6.702915	1.1217227	-4.6757517	-8.385187	469.91977	110.4912	598.3036	154.78441	914.8	1000.0	1000.0	12.9	929.1	47999	68.92586	26.440933	94.272026	-10.419386	68.92592	26.44463	94.75999	-9.730507	-0.94065154	2.7120044	17.419907	-13.748085	-70.19473	3.6590068	1055.6096699237823
13	588.80023	11.833767	605.82666	573.0503	561.6222	32.02888	619.82715	498.76114	516.13495	153.42229	685.0188	205.84953	-6.7193694	0.9805679	-5.3594413	-8.786417	455.67838	129.82031	618.83075	205.23524	1000.0	964.2	875.0	12.8	777.5	51999	71.11812	25.879997	96.26744	-13.380282	71.11809	25.884157	95.98335	-21.569023	-1.0563886	2.721084	19.469131	-13.324747	-72.38931	3.1392045	1157.4528443813324
14	609.49347	18.700802	625.38684	579.60266	409.12714	164.85092	686.8844	194.21051	380.1302	143.00334	689.1237	190.25026	-7.2894044	0.71038455	-6.1036067	-8.827242	345.89243	138.34296	684.88727	186.77623	1000.0	607.5	584.0	13.5	494.7	55999	73.6666	25.511637	96.77901	-12.057099	73.66668	25.515505	96.9091	-18.671164	-1.210265	2.6967127	22.820889	-14.982947	-74.91236	3.1329052	1241.5862474441528
15	609.95935	9.171716	620.91907	598.0089	460.517	78.168526	622.44543	375.50104	460.70966	118.926994	623.5608	231.40862	-6.0176024	0.8392169	-4.1243925	-7.0945034	431.434	97.00212	635.4345	254.33066	1000.0	701.1	747.9	14.2	660.3	59999	76.26572	25.297714	98.91494	-20.597935	76.26552	25.300762	98.8457	-43.55864	-1.2504504	2.6732857	19.425657	-12.456223	-77.51485	2.6504424	1334.5603921413422
16	616.9121	24.217085	656.0364	590.1909	431.95547	111.43311	596.65515	221.71864	373.87006	118.28812	601.8179	212.08556	-9.615038	0.9075824	-8.383568	-11.523622	450.88095	121.054016	648.9858	224.76578	1000.0	744.0	616.4	12.7	780.1	63999	79.21132	24.954166	99.88478	-11.972669	79.21146	24.961422	101.50254	-26.095613	-1.3292646	2.6725395	20.003666	-16.598394	-80.4119	2.9049046	1429.024376153946
17	616.8292	9.911956	627.98346	606.2212	285.71713	53.535072	390.867	219.78214	233.702	40.627518	335.0357	193.92679	-6.8504806	0.97989696	-5.3740487	-8.633061	288.2308	33.65917	334.58908	240.13394	1000.0	513.3	428.5	13.4	546.1	67999	81.52634	24.82251	102.51497	-26.573963	81.52622	24.826197	101.677185	-44.357468	-1.4713339	2.6339955	19.886883	-13.716848	-82.69564	2.5965185	1510.992980003357
18	615.36725	8.871782	628.3861	603.432	372.14532	39.222443	450.68594	306.37134	412.1342	116.456406	592.1418	214.61598	-6.696151	0.41924942	-5.864539	-7.13261	354.05353	49.398663	419.03754	263.50665	1000.0	632.3	710.7	13.0	596.2	71999	83.87015	24.516712	104.45754	-15.178269	83.87015	24.520098	103.73817	-47.75574	-1.5832043	2.6015427	21.634363	-13.06512	-85.02889	2.4026484	1600.110630273819
19	607.02405	6.8943706	615.22144	596.63135	255.7406	19.754364	279.36203	213.61536	284.71405	123.348564	586.1805	175.42078	-6.9271684	2.8711667	-3.9469569	-14.738807	244.70117	56.334927	324.51068	153.65388	1000.0	454.2	514.4	14.6	431.7	75999	86.27549	24.215591	105.07332	-20.8618	86.27546	24.217808	106.349174	-21.915709	-1.6033914	2.5993931	20.275713	-13.881215	-87.43437	2.286103	1679.3653757572174
20	540.01263	123.66614	619.5076	326.0273	308.90952	137.00677	685.9085	215.63889	379.987	155.45312	687.2333	205.1743	-5.0451546	0.53415555	-4.428524	-6.1134043	336.3405	128.16734	684.76794	223.49586	895.75	464.6	601.0	14.2	516.4	79999	88.53079	24.082342	106.991	-15.574546	88.53073	24.085962	110.34582	-37.28149	-1.6812845	2.6109626	21.892103	-13.182003	-89.67414	2.5646832	1763.4196000099182
21	551.0402	107.650314	624.4078	337.781	440.1424	195.62971	673.91565	169.94554	434.87134	177.43983	680.0951	202.353	-5.6181865	0.6666459	-4.578185	-6.9080215	374.76285	246.12819	682.6177	99.82248	915.4	699.7	711.3	14.2	599.3	83999	90.31946	23.854704	109.880295	-31.791378	90.31925	23.861122	108.43791	-40.171257	-1.7681825	2.6092334	19.384567	-14.149591	-91.428856	2.4705293	1855.1630103588104
22	609.854	17.049656	631.6101	585.4262	465.51337	239.08003	680.8522	87.28262	556.7113	148.79646	677.41614	122.180565	-8.743211	2.405981	-6.865067	-15.383203	405.6451	222.93631	599.074	106.025536	1000.0	759.4	918.4	15.0	705.7	87999	91.91098	23.564423	109.00048	-31.727516	91.91133	23.567987	108.48836	-41.91855	-1.8379173	2.5744402	20.950596	-14.115215	-93.008835	2.3369887	1952.277361869812
23	607.098	20.344385	625.40765	575.0431	644.17566	111.83869	767.0713	429.18372	667.57336	110.31194	773.0728	435.8016	-8.022194	1.2779846	-5.9564857	-9.996341	575.6502	192.1255	743.4996	139.40697	1000.0	931.5	943.7	13.3	836.9	91999	93.51053	23.265491	111.9337	-29.805601	93.51035	23.271381	110.464424	-51.49714	-1.8895181	2.5482218	19.99655	-14.152332	-94.61098	2.343606	2055.4064271450043
24	590.7995	65.17122	633.1858	478.20154	484.32657	127.68872	626.9062	151.99812	475.95883	200.11784	674.0399	106.56297	-8.326713	1.0195987	-7.0861216	-10.058343	514.43445	191.96774	676.1335	135.56894	960.5	785.0	754.8	13.4	811.7	95999	95.03281	23.058985	113.24918	-36.061993	95.03263	23.06353	113.56442	-37.834522	-1.8620995	2.5160377	24.297228	-12.626862	-96.12127	2.2128975	2152.752692461014
25	568.2912	98.76971	628.1615	397.24487	411.64972	198.9708	693.10986	186.07532	570.2013	172.25679	692.491	180.52077	-9.438996	2.7576737	-6.422766	-14.461047	456.08438	155.12196	679.06995	177.64835	905.75	639.2	861.7	15.5	758.3	99999	96.72124	22.604406	115.12431	-36.968	96.72111	22.606758	114.983284	-55.836334	-1.8867186	2.546883	20.551228	-13.87838	-97.8075	2.130588	2248.7004256248474
26	619.9806	17.006784	641.37335	594.0489	499.40063	126.15473	588.2974	175.80267	456.58594	182.81299	590.67303	104.60382	-7.480571	0.20991643	-6.9617314	-7.846761	435.28107	139.83429	592.55664	142.72284	1000.0	849.9	783.6	12.9	734.6	103999	97.97946	22.303373	115.05259	-41.296593	97.97953	22.307161	115.30582	-35.322044	-1.8854574	2.5189648	20.71082	-12.680267	-99.03747	2.7177377	2346.22408080101
27	601.56165	28.02176	636.1625	559.5508	371.73203	126.42022	576.1799	203.7446	323.2462	141.1963	636.36487	166.3323	-7.662908	0.72343826	-6.5181293	-8.7891445	297.95258	131.58371	596.36365	154.30333	1000.0	628.1	550.8	13.0	493.0	107999	98.92211	22.145224	115.29968	-38.742588	98.92215	22.148949	114.8855	-65.3021	-1.9479245	2.4776006	22.003635	-14.014036	-99.954575	2.489557	2429.63933634758
28	627.8346	25.038288	666.416	598.9839	371.6823	157.15279	597.07465	150.93451	375.7508	167.13326	595.9217	162.0448	-7.4304647	0.3516817	-6.7408853	-8.101319	253.1011	123.01378	458.44397	141.99512	1000.0	603.3	613.5	12.7	408.7	111999	99.85993	21.832022	117.17132	-37.060543	99.86013	21.835009	118.26089	-48.651577	-1.9675322	2.5073242	25.447403	-13.1635475	-100.89787	2.4969854	2511.481730222702
29	625.50354	16.14163	650.7201	606.3587	208.49527	65.207985	350.86212	133.45839	279.50488	157.51152	588.35876	135.99817	-7.1732306	0.7662226	-5.150533	-8.030667	219.35701	81.84163	299.43774	96.41598	1000.0	353.5	479.1	12.6	378.6	115999	100.81708	21.256716	117.74719	-25.942373	100.81731	21.25896	119.115974	-55.247444	-2.0465086	2.4964073	21.51113	-13.472161	-101.84086	2.5974805	2588.0330770015717
30	645.0251	26.507614	671.97	613.89197	225.15413	76.88894	389.0302	143.69734	372.0902	148.33112	611.9748	174.8964	-8.257091	2.015522	-5.9891458	-13.03578	299.6468	132.47437	483.151	122.54024	1000.0	355.8	584.4	15.2	452.9	119999	101.56449	21.01037	118.64544	-37.486385	101.56433	21.013689	117.72068	-33.469	-2.1115568	2.459404	24.722036	-12.993096	-102.55813	2.4659252	2669.55499792099
31	630.9377	20.96294	657.548	599.47943	375.85165	183.31729	602.741	165.57169	351.09003	203.37276	601.39557	163.9067	-11.1142235	1.5767475	-8.521308	-13.263586	398.0178	165.69954	606.9899	189.02788	1000.0	625.3	587.9	18.0	656.6	123999	102.26637	20.828686	118.719	-49.59041	102.26654	20.830069	116.8633	-43.16726	-2.1394458	2.458896	23.03347	-13.133173	-103.25905	2.3973026	2760.8522481918335
32	629.90015	28.17669	659.69025	583.6738	365.45908	171.585	597.9046	173.09674	369.40952	166.58084	601.258	160.34494	-7.31707	0.6312346	-6.119422	-8.043363	315.0649	133.67236	613.1152	180.50313	1000.0	629.7	637.1	13.4	524.8	127999	102.87291	20.7308	116.33249	-41.046	102.873	20.731745	116.805016	-43.832027	-2.1758518	2.4167962	28.595646	-13.091227	-103.855934	2.2943335	2848.858218193054
33	617.0517	22.392403	639.1368	579.9111	355.89395	173.38638	607.8367	150.2626	509.4851	143.9924	607.734	256.23886	-7.243238	0.49467734	-6.265247	-8.104848	449.7916	180.67207	605.6934	170.46776	1000.0	568.3	841.7	13.4	753.4	131999	103.50321	20.561079	117.435425	-24.855953	103.50318	20.563936	117.55665	-45.619755	-2.2053008	2.374823	25.81446	-12.176826	-104.468185	1.9344939	2943.761488199234
34	605.2493	26.460102	635.5092	563.26855	267.7607	98.281296	403.03473	165.61234	448.3334	160.61092	614.1708	152.63899	-10.167121	2.1849148	-7.0596905	-13.501351	227.34212	96.640495	446.46976	157.46587	1000.0	417.5	738.9	16.2	364.6	135999	104.20175	20.28918	118.47846	-54.749535	104.20195	20.290464	118.74356	-47.036636	-2.2407982	2.360076	25.500011	-12.913267	-105.15912	1.9978654	3023.407338142395
35	617.45135	5.82787	622.5112	607.6621	341.10684	117.13207	556.47076	240.21861	555.70575	124.44372	709.75336	255.24823	-9.25915	1.7098384	-6.7843256	-12.303758	388.67386	140.3545	570.07477	222.93793	1000.0	539.0	900.3	17.6	602.3	139999	104.72702	20.211618	120.05546	-45.026936	104.72704	20.21279	119.40288	-34.21697	-2.2488976	2.3751705	21.676195	-13.48144	-105.682205	2.0001028	3113.625282764435
36	612.71814	11.371362	620.87866	593.09753	326.66458	77.7678	425.687	176.81693	281.10352	148.29588	667.75446	145.12624	-7.6987205	1.350666	-5.8233027	-9.803142	325.4301	121.321335	497.90424	130.49315	1000.0	584.5	465.8	14.3	575.3	143999	105.1654	20.209435	119.59247	-37.610363	105.16545	20.210985	118.871025	-45.650223	-2.3330944	2.322449	31.148136	-12.136501	-106.09458	1.8460709	3202.9754819869995
37	642.9149	17.467428	671.56055	625.09863	392.75867	195.60907	699.44727	139.05809	383.27008	164.37416	603.6834	155.68681	-6.2688227	0.76763165	-4.604595	-6.960508	372.7123	177.4513	591.7452	175.5213	1000.0	638.9	651.2	13.0	620.3	147999	105.67734	19.801428	122.06637	-47.73263	105.67712	19.804512	119.39608	-55.223965	-2.3641143	2.3222382	25.230604	-14.675326	-106.613495	1.9656174	3296.3230748176575
38	636.358	20.754063	658.91016	602.67004	563.66614	107.99147	610.5478	240.19106	511.87286	132.92627	604.48663	246.24902	-7.7961607	1.1332448	-5.7255054	-9.890609	512.83875	148.01256	623.2629	212.29266	1000.0	928.1	825.5	14.0	828.0	151999	106.02719	19.790962	119.29327	-51.73155	106.02716	19.79252	120.19752	-78.72062	-2.3957546	2.2930534	29.137732	-13.826239	-106.9516	1.7675791	3397.895491361618
39	634.61365	10.162705	640.7961	617.0176	382.17438	134.48758	599.37445	272.60474	504.80576	110.88837	600.3973	253.07277	-6.753768	0.54090136	-6.1469336	-8.181808	416.47485	139.36426	613.1505	215.96417	1000.0	623.5	861.6	13.7	676.3	155999	106.66886	19.477667	120.637405	-39.263226	106.66887	19.47797	121.485855	-55.76935	-2.3614552	2.3064632	33.181747	-16.06365	-107.591385	1.823874	3491.6862802505493
40	657.3428	5.060942	662.8455	650.0469	327.87177	77.806984	549.3215	265.42554	365.84775	129.39067	569.3059	167.08728	-6.229045	0.6721969	-4.7876735	-7.4319954	317.95297	57.809643	462.82684	257.20105	1000.0	537.3	612.3	14.3	526.3	159999	107.19424	19.209244	120.244965	-26.958014	107.1942	19.211115	120.23084	-49.39601	-2.3949559	2.305078	24.431238	-14.212762	-108.10477	1.847426	3580.382631778717
41	659.535	10.90216	668.4579	641.1475	518.6087	154.88562	640.4298	215.72916	619.97504	41.67749	693.31036	549.9531	-5.9719076	0.31605116	-5.2879205	-6.417742	620.00073	35.252895	700.61676	546.5083	1000.0	784.9	970.9	14.3	983.4	163999	107.56456	19.117266	120.18123	-67.03153	107.56438	19.11945	120.50736	-58.74988	-2.4421494	2.2566268	24.226292	-14.175737	-108.45894	1.7033837	3686.916137933731
42	656.1258	5.3013487	663.5866	650.91925	435.86945	197.31049	625.8255	174.76953	538.48956	124.08152	626.3657	243.82837	-6.5913935	0.35843435	-5.7217875	-7.197415	507.58798	157.9126	670.7616	182.83578	1000.0	709.5	867.0	13.0	792.0	167999	107.8804	19.19807	121.37311	-26.802147	107.88032	19.198586	121.252716	-30.495224	-2.4512527	2.266757	20.882395	-14.476364	-108.77983	1.6357216	3784.6835837364197
43	655.836	10.526498	667.904	639.3812	433.70044	147.41609	627.95496	262.87784	527.3852	140.48814	684.92847	285.2086	-6.021693	0.6827556	-4.5940776	-6.7794952	523.7958	174.17325	715.6044	189.67503	1000.0	676.7	811.0	13.8	802.1	171999	108.34911	18.993341	120.899704	-62.96801	108.34898	18.996233	120.85329	-87.47849	-2.4639137	2.2794943	30.249187	-14.108685	-109.238464	1.6377419	3883.9942111968994
44	641.8661	13.601566	660.4024	622.88635	403.64908	179.39902	694.086	170.50372	361.82605	113.648094	605.8295	248.30144	-6.558137	0.2670567	-6.0811434	-6.913409	372.2511	95.418175	530.0613	207.77306	1000.0	635.0	636.3	13.8	650.8	175999	108.78099	18.6615	122.88638	-26.646181	108.7811	18.66177	121.6874	-62.467335	-2.5000007	2.2604818	22.749798	-12.933885	-109.66041	1.5154098	3975.7359240055084
45	656.0687	6.247406	662.2883	646.20557	717.2174	65.40329	778.97437	596.6106	526.162	273.28262	788.5986	130.63167	-6.113698	0.3907949	-5.4496326	-6.723998	637.90466	32.428387	694.0078	599.4599	1000.0	1000.0	732.3	13.8	997.4	179999	109.14847	18.67996	122.13271	-31.906374	109.1482	18.685648	121.595	-68.644646	-2.5330586	2.233404	24.017473	-13.142784	-110.036644	1.6725885	4081.969801425934
46	658.541	12.279024	669.29614	637.89044	490.48224	147.14903	695.8069	226.17764	483.75446	177.76741	696.0976	196.8892	-6.3986983	0.45541692	-5.5084534	-6.9289956	513.218	144.80507	624.3901	272.06763	1000.0	791.1	739.7	13.3	845.5	183999	109.56265	18.46245	121.42268	-46.095882	109.5625	18.465801	121.33938	-39.607166	-2.5522966	2.2234197	24.554832	-13.348915	-110.43533	1.4647264	4181.24814081192
47	654.531	13.818605	676.6722	642.18665	435.8045	124.398026	697.5023	178.59521	511.8976	218.53813	736.4163	167.764	-6.360857	0.26209804	-5.84068	-6.7400737	449.7098	84.97216	651.8247	335.04413	1000.0	638.4	745.2	12.8	650.8	187999	109.90569	18.35308	122.079124	-49.65503	109.90574	18.35374	121.84088	-36.268536	-2.54186	2.2330835	24.065117	-14.150858	-110.7753	1.57848	4272.241229295731
48	645.37305	9.085382	655.60583	631.87775	563.609	132.41718	700.89374	258.18384	635.29645	71.465775	758.10156	493.3603	-7.0983963	0.46059072	-6.2272224	-8.079082	627.4634	44.86692	687.25574	529.5112	1000.0	876.0	950.1	12.0	970.1	191999	110.34981	18.165838	123.22826	-45.332783	110.34964	18.167381	122.45118	-49.921253	-2.5493782	2.2074807	22.015045	-16.744669	-111.21324	1.3520633	4378.8268167972565
49	647.91327	28.508707	673.24	602.10114	656.4403	28.248507	700.4238	603.3114	630.6424	84.789604	698.1773	382.2612	-5.93415	0.39240837	-5.2444487	-6.430832	659.03235	23.295311	699.10864	604.4562	1000.0	1000.0	957.4	12.8	1000.0	195999	110.6062	18.017704	122.5385	-43.30955	110.6061	18.018675	122.35507	-48.595966	-2.5880384	2.177668	22.26926	-14.466145	-111.46051	1.4087555	4493.569581270218
50	658.32794	11.571529	672.4303	641.1523	588.181	122.87334	687.40106	270.4473	510.677	201.22153	738.9125	186.18391	-6.3758254	0.62603676	-5.4383445	-7.4066753	588.0646	61.22594	705.489	472.2686	1000.0	893.7	785.0	14.7	913.4	199999	110.89136	17.953594	123.68086	-33.48137	110.8914	17.955803	122.74519	-45.40865	-2.6053007	2.182046	24.05702	-12.25662	-111.761215	1.2468698	4597.427469491959
51	656.5117	11.805128	674.9736	643.2671	401.37195	181.27718	643.1338	175.25278	495.63144	112.06647	631.6605	246.28276	-7.9594283	0.74507165	-6.6429396	-9.146008	457.25226	160.35701	640.2288	223.56429	1000.0	604.2	757.9	14.7	681.2	203999	111.26766	17.6792	123.713974	-28.800154	111.26748	17.68112	123.53866	-31.947184	-2.6122074	2.1517966	20.82335	-13.974712	-112.12148	1.308695	4689.293679475784
52	663.0216	9.266803	677.29474	652.4246	240.3923	73.670616	347.25925	158.65485	318.38324	172.57079	699.1053	143.26897	-6.1705875	0.3513745	-5.694333	-6.788122	434.65314	201.83504	675.73596	134.02553	1000.0	345.7	475.2	12.9	653.8	207999	111.6502	17.667727	123.68163	-44.991947	111.65005	17.669975	123.28246	-56.20471	-2.6105943	2.136282	22.869808	-13.818502	-112.499565	1.4450114	4773.919136762619
53	666.5056	8.4941635	680.0811	656.645	339.28775	62.931225	421.844	226.61867	422.31226	142.40631	659.93054	190.93242	-6.9218206	0.38454065	-6.217105	-7.507197	314.7465	43.096764	383.65607	241.68927	1000.0	537.7	685.1	12.8	500.3	211999	111.9878	17.593687	123.55734	-30.862528	111.9878	17.594805	123.68382	-30.62418	-2.6130488	2.1531277	24.02856	-13.202423	-112.84597	1.4236841	4859.9353284835815
54	667.0548	9.252125	678.8535	652.90894	579.13934	104.88174	681.89746	340.31897	563.71747	100.08128	639.7913	345.32687	-6.014017	0.4631686	-5.4711814	-7.0733404	568.8102	81.71072	648.05066	387.4128	1000.0	908.9	911.1	13.6	871.1	215999	112.21584	17.544739	123.59603	-28.47332	112.21586	17.545918	124.019844	-43.165005	-2.6421313	2.130513	24.364803	-12.694815	-113.050674	1.2563024	4966.971633434296
55	667.36066	9.342048	676.9331	657.51874	338.3102	130.95583	675.1965	210.1806	404.84256	151.67871	731.5033	220.22777	-6.707363	0.51983935	-5.8517265	-7.4717054	440.8758	187.8224	716.6499	235.40523	1000.0	502.1	635.0	12.6	633.3	219999	112.40354	17.510063	124.585014	-43.99572	112.40341	17.511497	124.488205	-65.30847	-2.6911435	2.1152735	28.89844	-12.511568	-113.23973	1.2957685	5053.903309583664
56	665.09796	16.666565	686.15106	639.9568	583.5868	90.7085	656.62085	354.1318	614.671	54.340073	669.2743	484.66937	-6.5802813	1.1482353	-4.6000443	-8.478286	627.58026	25.937164	698.1585	602.87555	1000.0	934.5	969.6	12.7	1000.0	223999	112.72726	17.140827	124.669014	-59.60034	112.72742	17.14037	124.467926	-52.703293	-2.7285235	2.1046612	25.234535	-14.499577	-113.56594	1.4441592	5164.965383529663
57	681.0725	12.109532	701.528	671.7984	443.03995	163.80962	697.24554	254.37537	472.40567	132.76617	667.00806	301.3531	-6.831689	0.24893364	-6.572571	-7.4404635	522.0426	145.77383	673.9031	298.89285	1000.0	663.4	721.4	12.0	810.6	227999	112.99557	17.052952	125.23268	-66.716965	112.99571	17.052385	126.10826	-42.25353	-2.7222207	2.1236587	31.965393	-12.932316	-113.83425	1.2742035	5267.847741365433
58	679.3828	2.359083	683.10376	676.9535	342.1215	64.389206	479.10132	258.4803	429.0984	115.099335	670.517	272.60138	-6.326739	0.64329153	-4.7967544	-7.484072	372.65454	132.15213	661.9837	189.39972	1000.0	534.0	759.6	12.2	565.5	231999	113.36396	16.844032	124.91536	-25.736881	113.36407	16.843512	124.463806	-59.348755	-2.7440794	2.103175	30.138123	-13.096784	-114.19978	1.2969348	5358.01852273941
59	678.46796	16.346275	705.6159	663.47784	621.6358	135.19159	791.9105	245.18416	593.9139	137.23317	676.3531	190.64186	-7.0808434	0.34520507	-6.665418	-7.7791595	574.3473	122.0508	671.6185	277.83917	1000.0	941.2	933.3	12.0	896.2	235999	113.56056	16.831871	125.33391	-81.84266	113.56065	16.831722	125.44227	-37.51583	-2.7433438	2.0951736	28.201242	-14.312557	-114.3921	1.2632769	5465.904981136322
60	680.48315	8.418555	689.4792	667.82715	480.8143	78.07389	633.86224	390.26636	501.06796	111.77915	642.1262	303.6824	-6.0579143	0.64757806	-4.274836	-6.778869	457.3941	55.066296	598.1291	395.9007	1000.0	833.3	881.4	12.6	764.4	239999	113.80798	16.695183	128.0273	-18.607212	113.80786	16.696316	127.56231	-51.15032	-2.7312891	2.0693426	29.380684	-12.841976	-114.63915	1.1718352	5565.29437661171
61	676.55457	8.0478735	681.74286	662.6431	636.76514	25.385908	700.4909	602.43024	643.31616	58.016083	796.8444	602.54596	-6.6170664	0.26072332	-6.186815	-7.017135	601.92303	84.7714	673.65924	367.12302	1000.0	1000.0	1000.0	12.0	961.8	243999	114.16031	16.577686	127.51321	-32.094307	114.16014	16.580984	125.880714	-72.498856	-2.7261977	2.062309	26.020126	-12.601276	-114.99058	1.3357707	5674.945456504822
62	677.3317	6.6740227	683.447	667.01715	628.2092	78.3522	794.4498	509.8039	505.6159	123.172066	670.2225	214.83363	-6.9774475	0.20090027	-6.594114	-7.356291	556.73083	55.07983	644.28656	495.98074	1000.0	1000.0	852.8	12.0	981.3	247999	114.30493	16.471169	126.17386	-29.026964	114.30488	16.47221	126.37836	-35.80003	-2.7392426	2.049931	21.939861	-12.731217	-115.1205	1.1770387	5785.086912870407
63	680.68915	13.683968	696.17236	658.8184	552.2747	178.83755	734.18634	203.80406	458.50015	200.86522	700.6862	182.64418	-6.420952	0.52472156	-5.628893	-7.5581584	532.21765	123.50704	624.3721	213.33754	1000.0	859.7	733.4	12.0	860.5	251999	114.35384	16.641209	126.28669	-36.760742	114.35388	16.640549	126.25102	-42.82869	-2.7429268	2.0441556	26.94607	-12.8506565	-115.17135	1.2464588	5888.158473968506
64	686.42566	7.192097	697.90125	678.61975	433.69208	220.0551	666.8715	166.17282	483.1797	219.302	793.4437	163.33673	-6.7842493	0.39677292	-6.235869	-7.658557	445.08554	206.07843	663.838	178.44456	1000.0	676.2	736.4	12.0	707.2	255999	114.67043	16.319899	127.492294	-41.662514	114.67042	16.319937	126.880974	-47.163704	-2.7600148	2.036491	24.356533	-13.223906	-115.48561	1.1563298	5982.596509695053
65	679.93726	19.525415	701.97546	656.8155	575.44183	83.296036	700.3878	403.49985	594.1816	71.09397	796.10254	513.4336	-6.990027	0.24442431	-6.424734	-7.28863	539.3978	131.88387	690.65247	239.6818	1000.0	920.6	952.6	12.0	855.1	259999	114.89666	16.288713	127.57798	-52.91483	114.89643	16.29111	127.23707	-68.49114	-2.7844732	2.0157511	22.201065	-14.729366	-115.715706	1.1228065	6086.355448484421
66	689.05194	15.349225	713.5695	674.0567	607.59216	31.693035	652.79016	522.12463	608.84576	42.75036	714.46124	534.15515	-6.5718117	0.41162652	-5.899341	-7.593472	626.181	83.31028	795.1201	459.2882	1000.0	976.4	967.0	12.0	968.7	263999	115.21908	16.048119	127.47868	-33.843475	115.21903	16.04669	126.8561	-45.68029	-2.7785263	2.029665	21.561235	-12.1361885	-116.02964	1.1506746	6198.46529173851
67	703.9123	18.946138	723.8426	673.133	567.49713	115.408165	720.05554	372.22803	575.9513	91.329895	662.95636	345.81546	-6.976654	0.64689267	-5.999797	-8.155491	563.1356	71.598305	662.078	428.26767	1000.0	852.7	939.4	12.0	909.4	267999	115.37435	16.1415	127.59342	-91.275085	115.37439	16.141697	126.95299	-51.879307	-2.8091621	1.9875798	23.289047	-12.296117	-116.18423	1.0973054	6320.678019046783
68	676.26965	10.305377	688.7046	661.26117	759.297	55.53328	798.20996	649.879	780.5985	31.68663	799.33374	696.1554	-7.009478	0.37893006	-6.2595882	-7.637445	746.0045	61.79927	797.3447	621.7218	1000.0	1000.0	1000.0	12.2	1000.0	271999	115.54352	15.993134	127.58784	-38.000984	115.54343	15.993374	127.07157	-30.679657	-2.8063934	1.9800171	24.60858	-14.046616	-116.35141	1.1630733	6432.812647342682
69	701.75354	18.872705	725.0896	674.53284	633.7228	156.8972	797.3812	218.00752	631.6578	146.00352	796.25037	229.8323	-6.8179855	0.54944754	-5.770036	-7.5779037	715.4535	82.60923	798.98987	580.8909	1000.0	934.5	933.9	12.1	1000.0	275999	115.71593	15.9599695	128.33583	-91.00465	115.71593	15.958254	126.92763	-64.613365	-2.8231523	1.982263	21.642353	-12.772596	-116.518684	1.2968215	6546.143602132797
70	706.71423	20.804956	739.62024	686.064	550.9583	158.12053	796.78925	237.6882	690.3835	84.33769	797.0699	548.7841	-6.704029	0.2240269	-6.3292074	-7.186641	597.7086	199.66408	795.3058	224.67506	1000.0	844.3	979.2	12.0	866.8	279999	116.01398	15.9501915	127.77314	-50.176647	116.01392	15.950668	128.97778	-48.998566	-2.8519068	1.9621618	25.28875	-13.0405655	-116.81724	1.1854956	6649.756199836731
71	709.45874	5.406488	715.7605	701.7986	490.89423	93.16495	598.56903	274.5049	590.79114	99.705124	701.5555	389.97113	-6.4813356	0.43726864	-5.374028	-6.98449	401.65665	139.88593	571.8248	159.86922	1000.0	760.0	898.7	12.1	614.3	283999	116.25095	15.745273	128.315	-52.257362	116.25086	15.74693	128.30884	-60.849953	-2.8538413	1.9622984	23.963184	-12.565833	-117.03984	1.0759182	6744.9293920993805
72	705.32385	12.16114	713.84546	684.32275	731.90393	55.873478	795.2815	599.95996	701.8319	35.69862	767.22644	645.58466	-6.756163	0.5865547	-6.0019875	-8.109746	724.5869	54.63389	795.52454	619.4972	1000.0	1000.0	1000.0	12.0	1000.0	287999	116.39394	15.833525	129.07817	-46.108356	116.39394	15.833981	128.94856	-41.62157	-2.8598142	1.9449458	24.451874	-12.575013	-117.18772	1.2088879	6859.80779004097
73	700.81445	2.654047	703.56616	697.11194	672.108	95.77262	798.4983	541.4611	630.69586	138.69405	798.41724	392.74792	-6.431958	0.34336904	-5.8295927	-6.9274483	694.5798	95.9803	797.5894	515.7249	1000.0	989.4	925.5	12.0	970.6	291999	116.60729	15.795166	128.56926	-60.277657	116.60738	15.795391	127.87729	-70.437675	-2.854317	1.9633243	24.604168	-13.07926	-117.39276	1.1392925	6967.58167719841
74	714.2088	8.190568	721.16724	700.7112	714.3956	106.066635	801.7824	488.6444	674.41724	146.70268	801.77167	302.59943	-6.973848	0.31325126	-6.622106	-7.5254683	702.1317	71.28518	799.64233	585.1288	1000.0	954.4	946.6	12.0	985.2	295999	116.81629	15.711099	128.71338	-47.16357	116.81629	15.713215	127.91531	-60.87181	-2.8553472	1.9416271	27.543293	-14.097165	-117.60419	1.1418073	7076.001970529556
75	706.468	8.227722	719.3353	698.9038	426.79486	137.62233	700.31976	203.87532	594.32983	144.70398	795.5739	312.25214	-7.271037	0.344268	-6.4521875	-7.790071	523.9437	174.86748	795.5788	200.6891	1000.0	665.3	894.3	12.0	802.9	299999	117.09681	15.359128	129.4405	-31.72991	117.09668	15.3581705	128.61084	-51.630527	-2.8498344	1.9469548	21.678497	-12.682409	-117.88373	1.1956666	7175.24777507782
76	715.31616	15.584683	736.7936	696.54596	606.64703	63.848545	704.2924	520.5569	544.4667	153.32367	798.0478	315.18173	-6.748796	0.65142125	-5.4987984	-7.7393675	598.0132	154.3718	787.6273	232.71959	1000.0	1000.0	796.0	12.0	881.4	303999	117.27543	15.327127	130.64897	-49.16757	117.2755	15.326409	130.33919	-38.309322	-2.8470004	1.9394985	27.89325	-11.853895	-118.06171	1.100233	7279.21852183342
77	714.2481	7.3044043	724.9083	705.4841	587.1431	84.43444	711.8075	429.23303	493.7337	168.43199	700.3915	187.84846	-7.405484	0.39039266	-6.860762	-8.283875	421.2382	174.42505	645.3823	186.80145	1000.0	938.8	777.2	12.0	686.0	307999	117.43973	15.426183	128.6801	-60.38178	117.43962	15.428368	128.61041	-71.901535	-2.8371994	1.9405885	25.671309	-11.427677	-118.22964	1.0942241	7376.272668838501
78	712.19476	11.166654	730.7764	702.74176	659.6779	69.239174	795.22656	596.8767	612.4469	95.480034	778.5009	419.68063	-7.3516893	0.2740442	-6.819085	-7.89149	633.20483	98.25896	797.23914	489.04556	1000.0	990.6	955.2	12.0	964.0	311999	117.5998	15.437789	129.40558	-51.73997	117.59967	15.438253	133.05482	-55.491222	-2.8787856	1.8993232	23.818499	-11.86719	-118.37908	0.99997693	7483.0907208919525
79	734.0377	9.206427	745.84155	720.004	550.79895	184.7159	799.762	241.8734	613.08655	108.595535	795.81415	436.0168	-7.081624	0.41387895	-6.0633	-7.613572	589.55786	118.31657	794.02985	392.0814	1000.0	816.9	902.8	12.0	912.0	315999	117.76586	15.358013	129.37807	-36.93643	117.76574	15.358758	128.66844	-52.546974	-2.8768435	1.9378966	25.124252	-12.400476	-118.551544	1.1971991	7586.0630671978
80	714.7023	20.31617	738.6818	691.88513	582.54346	111.62136	797.0255	489.36078	634.51434	97.36381	796.5993	501.38736	-6.15216	0.81465465	-4.975847	-7.348078	668.0508	113.350525	796.0001	472.36313	1000.0	897.6	965.3	12.0	947.2	319999	118.03006	15.061402	129.1214	-25.295088	118.02994	15.062653	129.14612	-34.73612	-2.8707776	1.9486092	26.60069	-15.786738	-118.815125	1.0934995	7692.179846763611
81	723.4741	9.54739	732.91583	707.62683	542.4315	150.37566	796.26276	183.74689	546.6229	133.50162	794.30493	393.89008	-7.1520967	0.5606783	-6.6691585	-8.617235	510.28223	191.38759	788.4593	212.67796	1000.0	811.7	805.0	12.0	792.7	323999	118.31052	14.7913	129.47643	-42.4291	118.31059	14.790032	129.29556	-42.507786	-2.8669298	1.9592346	25.24687	-14.141179	-119.10378	1.0785156	7791.640816926956
82	722.6703	6.4945855	733.422	717.3207	702.0585	157.16656	796.8688	243.92795	734.0868	80.617065	797.83154	596.7941	-7.167318	0.40176547	-6.3834248	-7.5559587	670.6139	136.00085	811.4712	447.52267	1000.0	939.4	1000.0	12.1	930.0	327999	118.4607	14.78156	129.82076	-43.302	118.46076	14.782061	129.54393	-28.335638	-2.874259	1.9022065	32.079025	-13.936651	-119.243774	1.0958024	7898.916898012161
83	720.11475	18.333202	751.5207	705.5349	547.83887	155.16927	704.2654	177.08392	530.3508	226.39725	793.8343	160.47485	-7.264469	0.56588477	-6.2738466	-8.183123	514.1881	208.73476	769.78143	196.35692	1000.0	831.9	778.7	12.0	777.3	331999	118.58414	14.8773	130.37236	-67.021935	118.58415	14.875702	129.36067	-39.091377	-2.8515253	1.9179806	25.479801	-12.159484	-119.364006	0.9211593	7998.552425861359
84	733.5239	22.46103	755.2312	696.77216	488.4505	166.93893	659.41785	178.35777	573.5703	169.08716	796.41046	181.42172	-7.30624	0.34319058	-6.816259	-7.99144	566.7797	150.13095	834.64856	183.99194	1000.0	757.1	852.1	12.0	875.3	335999	118.66847	14.881249	130.24142	-57.558018	118.66828	14.883255	129.70236	-60.970016	-2.880856	1.8918487	44.466957	-13.600196	-119.44866	0.9883515	8100.988198041916
85	722.13635	12.993294	739.17914	702.6124	644.8668	123.8358	782.27655	408.6198	659.7509	179.13286	796.60724	200.07205	-6.625486	0.4784875	-5.7782383	-7.420083	659.5522	111.686806	748.14417	367.17422	1000.0	950.1	903.0	12.0	958.0	339999	118.79365	14.779883	131.01662	-18.744429	118.79376	14.780158	130.78677	-32.57842	-2.8768444	1.9026498	38.564278	-13.925928	-119.56994	0.9379259	8207.700506448746
86	728.28156	12.4504795	743.7884	711.60364	607.0159	202.70432	795.07697	207.9364	570.3695	174.89755	795.9815	253.6156	-6.483316	0.6791403	-5.385223	-7.7741785	659.5937	176.85095	801.7912	203.87184	1000.0	843.6	880.2	12.0	927.0	343999	119.06614	14.681451	130.35701	-57.82308	119.06609	14.679701	129.85878	-20.99771	-2.8826559	1.8769152	28.443922	-12.514599	-119.84412	0.9974377	8312.8838326931
87	725.72546	13.237868	741.4242	706.6099	550.51117	24.691616	595.72314	510.25928	521.99915	152.21016	673.44165	233.84361	-6.380265	0.56737876	-5.4401646	-7.067685	656.84607	96.130646	776.19244	514.89	1000.0	975.3	874.2	12.0	1000.0	347999	119.23535	14.697147	130.9159	-40.410545	119.23528	14.698704	131.31078	-44.827652	-2.857802	1.9179305	28.280218	-12.645402	-120.00657	1.0996199	8422.013287067413
88	742.67706	7.8542147	751.0969	734.0012	508.88837	138.11513	702.8949	288.0606	533.6486	177.08356	728.28705	210.76399	-6.9775376	0.73693913	-5.5369477	-8.183801	474.6101	147.62375	712.62195	192.63106	1000.0	747.3	814.7	12.0	742.0	351999	119.4369	14.515138	130.43924	-39.338585	119.43685	14.516456	130.04092	-31.333637	-2.87551	1.8798871	25.718697	-14.935811	-120.20217	1.0902154	8519.38465476036
89	734.8777	13.922531	750.8771	717.4598	629.91394	136.96918	796.1139	290.01425	659.9389	90.97513	795.99036	535.4315	-6.428721	0.40472558	-5.739447	-7.1373887	598.91766	145.72891	795.1766	258.08755	1000.0	921.9	971.2	12.0	909.2	355999	119.59665	14.400457	130.28893	-24.178814	119.59676	14.400253	130.15633	-36.579197	-2.9018497	1.8446252	27.91921	-17.262712	-120.35508	0.97051483	8625.937232732773
90	738.22217	10.645588	748.4367	721.5953	544.8604	176.7566	734.953	197.28871	697.39685	76.29256	758.1176	504.7782	-7.2437353	0.5872429	-6.4496546	-8.427292	651.4603	105.27196	758.7628	421.17694	1000.0	760.0	950.2	12.0	908.4	359999	119.62441	14.76529	130.81052	-55.050674	119.62437	14.76566	130.54004	-44.661472	-2.8868346	1.8503841	23.704235	-14.013111	-120.39146	1.0252138	8730.050847768784
91	728.8395	11.411984	744.8991	713.1977	544.61884	149.0407	793.1858	236.69252	514.5705	169.85428	702.6039	189.56773	-6.70379	0.796019	-5.3728247	-8.354614	523.5211	168.70235	767.97687	202.09105	1000.0	825.3	824.2	12.0	839.1	363999	119.7619	14.707669	130.54408	-73.77581	119.76195	14.704978	130.42207	-30.008736	-2.8824828	1.8375773	24.234976	-12.32147	-120.53	1.0695605	8831.488127470016
92	744.6755	14.304982	762.96625	728.9166	650.9087	118.99123	774.00433	356.8038	701.0995	112.9627	820.815	415.56155	-6.9973183	0.5703694	-6.3712916	-8.40783	640.25006	96.07181	778.5817	497.74667	1000.0	920.0	962.5	12.0	934.8	367999	119.93816	14.578248	130.77919	-46.130287	119.93807	14.577852	130.82549	-51.940388	-2.8867588	1.8464509	24.041393	-14.499138	-120.70836	1.0240679	8938.169165611267
93	732.8336	12.380796	746.75006	717.2488	666.9725	143.30678	796.9458	361.73407	639.2413	175.71832	794.7519	280.71786	-6.4276495	0.50175714	-5.837427	-7.3081555	723.83673	30.756306	792.821	690.751	1000.0	903.5	892.8	12.0	1000.0	371999	120.1291	14.6374235	131.57072	-63.40498	120.12907	14.639259	131.05829	-46.04898	-2.885493	1.8239367	24.840832	-12.158493	-120.88745	0.9813033	9047.358439922333
94	731.45483	17.0424	751.06323	711.8678	562.6979	78.50682	657.6224	401.68814	596.5526	168.32977	792.10913	272.9859	-6.476284	0.50870246	-5.9179544	-7.436703	710.4999	67.09479	785.8972	529.6392	1000.0	862.0	844.6	12.0	976.0	375999	120.19998	14.839016	132.02718	-43.98255	120.19987	14.838009	131.41745	-46.85879	-2.9152615	1.8179079	26.15262	-13.782391	-120.96788	1.0125632	9155.070898532867
04	27.209263	700.8455	636.4877	296.91513	84.70483	503.2215	219.98938	428.9455	172.67552	680.06055	189.51585	-3.2244384	1.0321283	-1.500219	-4.762083	336.27335	145.58995	675.7348	231.43446	1000.0	445.8	660.4	17.2	498.1	379999	113.42852	15.29015	131.09097	-38.97568	113.42864	15.292763	131.11418	-50.864815	-2.4826138	2.1508217	27.693068	-13.245359	-114.108	2.0617785	7644.277489423752
96	644.6437	12.842841	657.9495	623.4825	475.4782	128.91106	687.0715	295.92944	445.62036	88.69588	559.52655	260.99133	-2.645371	0.9120666	-1.2064049	-4.282992	310.37552	71.168755	499.44565	225.6612	1000.0	799.4	764.0	17.5	535.3	383999	113.41622	15.422099	134.35614	-32.524876	113.41623	15.421054	135.12975	-31.049318	-2.4613435	2.151967	24.27847	-12.87306	-114.10972	1.7558911	7724.271839618683
97	634.7791	19.422297	657.055	604.53577	355.06424	88.406265	503.26758	260.5087	333.89124	78.60033	491.6076	253.30838	-5.62978	1.7783047	-2.8256571	-7.945739	306.93536	60.450928	414.37076	243.96999	1000.0	551.6	533.8	17.1	458.4	387999	113.42945	15.497476	133.3873	-49.30977	113.42986	15.495167	132.3273	-57.520176	-2.4661157	2.1051157	27.419277	-12.359961	-114.11066	1.9359466	7795.826665639877
98	638.6594	13.9463625	654.06274	620.4213	576.58875	45.004993	641.7327	499.27432	526.2162	82.495224	649.3662	386.0711	-6.1110697	1.9027839	-2.9279864	-8.095686	580.73645	79.117836	693.0916	458.19797	1000.0	943.2	853.9	17.4	886.9	391999	113.49959	15.375012	136.3529	-54.227627	113.49944	15.378254	134.90283	-82.55841	-2.456479	2.1593728	28.646067	-12.433599	-114.18348	1.7716092	7888.83420586586
99	632.60736	16.527128	647.05444	604.9937	585.8317	92.5777	700.77216	415.43127	558.47107	127.08252	703.56525	370.20877	-6.3457694	1.2552518	-3.5550518	-8.232122	675.2696	71.61021	741.0713	533.7564	1000.0	894.3	854.3	18.5	973.0	395999	113.57189	15.500503	130.2964	-63.42142	113.572	15.500793	130.79866	-59.14565	-2.4749465	2.129577	27.097212	-12.895235	-114.25827	1.8552108	7983.091000318527
100	657.0829	6.1786585	667.11707	650.50323	506.93442	33.77956	539.2897	443.13312	507.49405	46.684208	569.2689	404.2618	-5.3168216	1.0196894	-3.5563157	-6.619187	346.75787	77.3988	485.7456	261.48163	1000.0	887.7	907.7	18.2	559.8	399999	113.66136	15.4309	132.33157	-75.99895	113.66125	15.4318495	137.94371	-37.790867	-2.4752429	2.1108963	23.983833	-11.81225	-114.341644	1.6508894	8075.943582057953
