Epoch	AverageEpRet	StdEpRet	MaxEpRet	MinEpRet	AverageTestEpRet	StdTestEpRet	MaxTestEpRet	MinTestEpRet	AverageTransferEpRet	StdTransferEpRet	MaxTransferEpRet	MinTransferEpRet	AverageRandomEpRet	StdRandomEpRet	MaxRandomEpRet	MinRandomEpRet	EpLen	TestEpLen	TransferEpLen	RandomEpLen	TotalEnvInteracts	AverageQ1Vals	StdQ1Vals	MaxQ1Vals	MinQ1Vals	AverageQ2Vals	StdQ2Vals	MaxQ2Vals	MinQ2Vals	AverageLogPi	StdLogPi	MaxLogPi	MinLogPi	LossPi	LossQ	Time
1	16.963423	3.2760634	29.801096	11.023051	85.02993	13.62785	114.02136	65.31729	70.65233	20.293596	94.25483	30.223166	75.13685	12.311185	89.864975	52.08923	14.562044	78.9	65.3	68.2	3999	11.440292	7.103522	26.626966	-2.7965345	11.440325	7.103415	26.66148	-2.953625	-2.7429488	1.8075337	12.955088	-14.502367	-12.736206	0.4529527	47.80422401428223
2	17.256994	3.5782242	35.039425	10.666067	129.95255	189.62637	698.31915	49.85607	110.96477	156.0108	576.7483	30.581589	69.71383	8.15249	85.5932	56.624	14.792593	161.9	170.4	87.5	7999	28.114527	12.174721	48.9134	-6.8607783	28.114687	12.173841	49.087753	-7.586931	-1.6555753	3.2672138	23.669022	-13.087354	-30.604816	1.354537	112.28408741950989
3	25.171078	26.445896	240.88664	10.911209	72.60404	16.912441	103.63175	45.572292	69.48037	19.150997	109.044815	42.4907	51.709003	18.294825	74.194405	26.417725	24.88125	70.8	69.0	55.6	11999	46.04434	16.583864	78.80753	-13.993612	46.04411	16.57924	70.99889	-13.558676	-1.2211711	3.96622	29.552065	-12.1487255	-49.778416	5.619055	173.53700876235962
4	61.48949	24.227955	161.36418	17.490719	89.73781	33.536175	164.05637	54.313015	84.10128	21.74996	118.625	39.72369	88.403595	33.69353	178.18526	48.962135	67.66102	78.0	67.6	76.2	15999	58.689613	19.732883	79.557396	-25.1772	58.68983	19.728512	79.46217	-33.04518	-0.94153875	3.8910244	35.487373	-12.883279	-62.280178	6.6925087	236.97167015075684
5	75.70417	17.812716	108.35043	18.435211	101.74753	18.143398	134.41963	81.28853	96.00554	22.525557	141.43147	66.38174	91.79582	13.871105	118.089745	71.89675	78.56863	83.5	84.9	75.5	19999	62.495075	23.835047	86.68842	-46.040646	62.49568	23.830196	86.694695	-54.530792	-1.0051919	3.8090558	35.17225	-13.880657	-65.66047	6.556045	300.93042397499084
6	74.335	24.551453	140.81012	17.61455	103.29451	25.620283	139.41536	39.598244	139.3969	158.67433	607.39996	30.16335	130.56905	58.4061	295.10376	93.070496	83.65958	103.1	191.5	132.6	23999	64.33179	26.884819	91.39239	-45.67811	64.33275	26.878613	91.704254	-44.677124	-1.3085932	3.683002	39.81471	-12.560787	-67.24761	7.3580246	366.9708569049835
7	91.07607	39.114304	163.91025	29.9021	154.332	25.400026	205.76596	128.90973	109.4149	64.07778	243.76208	32.81986	138.51743	11.938042	159.19891	119.01499	119.911766	156.5	133.0	133.4	27999	64.966255	28.452133	96.18252	-48.986423	64.96731	28.447535	95.54674	-40.931553	-1.2022051	3.4185545	36.638752	-13.287503	-67.6062	7.723712	434.3001616001129
8	121.58343	86.66486	431.70325	27.466267	292.40482	181.818	793.14465	102.048004	340.8813	223.26299	790.16614	68.17811	484.74603	208.84247	789.0198	146.35713	158.64	358.6	427.1	621.0	31999	65.94676	29.594975	99.95047	-32.006042	65.947754	29.590464	101.41005	-32.952744	-1.2127866	3.320505	37.47737	-14.336596	-68.414185	8.691131	517.1574838161469
9	138.67303	54.164795	254.33206	38.800907	222.72726	205.33789	794.1697	38.32884	262.1417	244.36208	796.6432	37.758835	221.52304	147.6747	554.6262	53.485218	183.27272	261.5	311.7	256.5	35999	68.043846	30.104914	108.55972	-28.01596	68.043564	30.101652	110.26492	-30.209831	-1.244033	3.3415182	44.87941	-12.653182	-70.30806	9.021008	585.1344647407532
10	122.00409	60.0264	236.12245	23.758522	298.01062	121.926506	550.05725	160.61516	177.06773	101.78443	332.2805	23.154678	245.69194	85.66659	465.8935	165.55145	192.45	347.8	204.7	270.5	39999	69.38124	30.846964	108.23781	-28.273085	69.38158	30.842548	110.80793	-32.084812	-1.3068448	3.299567	48.21151	-13.486628	-71.48752	9.404532	657.0551555156708
11	178.46237	155.03712	632.513	12.997855	330.16815	167.08023	696.3074	35.897236	475.7647	285.00684	744.7352	27.852419	530.502	228.6198	697.853	87.74822	285.2143	456.9	677.6	778.2	43999	70.60686	31.147305	108.38235	-24.075079	70.606064	31.143976	108.69384	-34.85308	-1.195012	3.2987134	50.852474	-12.873459	-72.56956	11.130341	741.0293028354645
12	259.24908	226.02585	716.1087	26.441595	630.2604	161.44046	781.24963	179.0482	462.1805	245.67834	704.8976	49.726933	690.7218	198.01682	783.5793	113.761314	365.66666	919.3	685.3	929.1	47999	71.98707	31.069555	103.98482	-27.630768	71.98607	31.065628	103.77021	-42.455734	-1.0253377	3.1682167	47.537476	-13.130681	-73.865234	11.680239	833.4440298080444
13	342.08182	266.1499	698.78436	17.756962	213.94331	125.12512	491.93933	31.421345	189.19803	192.20638	712.1686	7.050179	162.12436	58.894524	222.35402	4.562812	512.0	293.7	265.2	176.6	51999	73.59375	30.82757	104.964905	-29.012299	73.59349	30.822174	105.5596	-30.578012	-1.0930966	3.042095	40.325962	-13.0058365	-75.36125	11.231522	903.6962676048279
14	188.26231	84.473946	381.1281	58.069626	317.1612	248.9091	692.89746	38.30916	199.6526	164.16937	676.2768	43.11637	323.6434	249.70363	721.8403	137.04005	271.35715	420.2	236.8	414.9	55999	74.86139	30.464382	105.3122	-22.083208	74.86088	30.460764	105.78072	-33.550667	-1.1406215	3.0853157	36.530052	-13.297386	-76.53264	10.517643	975.4958736896515
15	305.7733	209.02089	665.8706	62.95627	251.63004	147.80957	675.0182	124.75271	241.3212	161.6462	718.4922	122.46654	296.44138	147.66162	690.748	163.6109	464.22223	296.8	284.3	340.4	59999	75.64946	30.381994	105.85746	-38.337944	75.64893	30.378347	106.48757	-39.73093	-1.3239956	3.0168374	38.6073	-13.203107	-77.22364	10.848254	1048.1793627738953
16	309.50073	136.28282	616.02264	151.14558	257.2162	183.35164	798.378	150.40614	309.13123	248.47572	800.081	147.73557	234.72714	188.00328	791.0989	127.38877	443.33334	293.9	363.6	277.2	63999	76.37067	30.095963	106.08063	-38.506817	76.37025	30.093952	107.0687	-32.27375	-1.4381216	2.9485009	35.80514	-13.8162365	-77.87378	10.515135	1119.7083222866058
17	297.7646	226.01308	650.9017	85.63257	420.60767	219.11714	698.73566	47.947414	377.60083	237.87915	861.76605	63.121597	521.35706	226.95741	775.8293	155.45018	477.85715	616.6	495.4	719.6	67999	77.49333	29.777407	106.83599	-24.076736	77.49238	29.774803	107.039764	-33.950104	-1.4841714	2.8880146	37.458294	-12.585474	-78.95333	10.005642	1202.1917414665222
18	524.41	145.55045	635.9266	316.63608	758.85095	58.598797	803.2189	648.8587	691.04443	167.9089	797.298	207.60106	754.78375	61.000668	802.6483	627.2677	827.8333	1000.0	922.0	1000.0	71999	79.07855	29.275429	107.17776	-25.480799	79.07815	29.270603	106.82558	-26.99349	-1.5270007	2.9090676	34.39353	-12.874134	-80.51554	8.8877735	1299.2906036376953
19	569.78625	81.146324	621.27893	429.32474	437.64273	194.84976	734.5036	242.01698	435.1651	277.2622	765.1105	18.288374	426.9925	210.4596	728.6727	143.14902	933.0	546.2	608.6	589.1	75999	80.667534	28.847565	107.38053	-27.255854	80.66699	28.845942	108.113846	-38.161594	-1.6529204	2.8533638	35.328316	-13.311677	-82.04563	8.089158	1381.3782505989075
20	630.1562	14.424166	651.06384	611.07294	747.5358	122.20738	798.4335	383.76672	698.6675	113.372505	798.7465	406.6599	718.1196	57.200104	800.05963	628.0168	1000.0	951.8	959.6	1000.0	79999	82.0865	28.51809	108.29784	-27.244253	82.08605	28.51558	108.15779	-25.183342	-1.7120231	2.821007	41.464233	-12.983477	-83.445724	7.7053785	1478.1415629386902
21	643.5909	31.38976	696.0365	613.70465	709.2013	48.21443	789.72644	621.26904	658.93304	154.62299	775.01886	210.90938	750.4712	50.656693	795.7223	627.0305	1000.0	1000.0	924.8	1000.0	83999	83.63644	28.013073	108.77801	-25.76212	83.63599	28.013058	110.84094	-35.492943	-1.7825112	2.8015568	36.15008	-13.346813	-84.95222	6.789302	1574.7652192115784
22	636.91876	10.477595	653.46857	624.67035	396.3016	243.8112	712.70337	67.13728	429.2997	228.06972	712.5947	129.29169	403.18976	197.9475	626.6514	155.97987	1000.0	554.3	598.2	627.0	87999	85.1502	27.733166	109.4069	-36.77643	85.14979	27.730167	110.27125	-24.11639	-1.8399197	2.745007	35.85618	-13.1743355	-86.43209	6.2637434	1658.3250274658203
23	548.6074	82.205055	641.8644	446.2863	713.81854	44.536182	800.4599	637.94086	729.0709	25.864334	796.3328	710.36456	655.1546	113.00386	777.1102	348.65518	889.5	1000.0	1000.0	940.3	91999	86.63324	27.578358	109.8325	-28.373137	86.63309	27.577238	109.89637	-45.78949	-1.8699232	2.6929784	35.83281	-12.8482895	-87.88003	5.7665396	1760.6327912807465
24	628.3451	12.015894	648.76276	619.38306	712.62	31.903997	742.4411	641.96814	652.74457	212.36357	799.20605	35.0758	651.84326	189.96341	798.60065	116.691444	1000.0	1000.0	909.4	929.7	95999	87.89113	27.313284	111.296036	-30.263279	87.89103	27.310295	111.08793	-38.3644	-1.9215617	2.691132	36.362755	-13.059925	-89.124535	5.749779	1864.1921195983887
25	653.8554	5.8872247	661.8743	645.3892	789.64685	76.33554	898.84174	658.3319	806.27734	135.27036	902.1848	467.5649	762.4749	27.155483	802.7567	710.1608	1000.0	1000.0	967.2	1000.0	99999	89.19562	27.136238	111.12697	-22.071943	89.19558	27.133364	111.45096	-29.655014	-1.9923288	2.699345	41.16012	-14.954751	-90.41091	5.4940586	1961.8226425647736
26	540.4562	174.64082	645.9358	192.16225	608.1341	192.55725	893.64105	283.8233	580.93146	242.97319	798.54895	195.07181	453.5861	217.75548	800.22424	188.25114	874.2	740.6	741.3	534.7	103999	90.67764	26.802431	111.95715	-29.985102	90.67754	26.802254	112.74937	-44.689926	-2.0197446	2.6683638	38.26203	-13.741411	-91.87798	5.4656796	2046.4938576221466
27	631.1931	8.634755	644.7449	622.1818	863.1632	52.78313	946.2359	754.48047	797.782	100.53716	896.94684	647.3775	771.5487	89.330475	892.9839	661.7008	1000.0	1000.0	977.0	1000.0	107999	91.89182	26.801102	112.980515	-37.338276	91.89189	26.799765	112.96975	-38.583397	-2.058579	2.6685355	40.547237	-12.950992	-93.06556	5.44392	2146.4999058246613
28	636.2428	12.418957	647.0585	615.31946	722.3124	48.944523	799.3672	633.7897	718.2319	41.510284	779.18427	623.1523	702.68054	42.790146	780.29626	638.46954	1000.0	1000.0	1000.0	1000.0	111999	93.12206	26.683027	113.68936	-48.05762	93.12182	26.68188	114.2346	-54.239822	-2.156315	2.6341507	34.655804	-12.882634	-94.27359	5.275496	2247.831295490265
29	648.64197	25.099815	691.99457	631.3471	331.52374	240.45448	891.13116	138.08714	303.83014	242.49107	895.2996	120.81859	307.57245	213.45392	708.72284	102.2922	1000.0	416.0	408.2	432.2	115999	94.24949	26.480972	119.34296	-30.196657	94.24914	26.479753	114.59682	-51.04791	-2.1409397	2.6407762	31.486786	-14.356407	-95.403534	5.1478167	2324.116354703903
30	626.20764	6.5790014	631.64453	615.2474	804.973	61.729954	901.4239	688.76355	789.5324	66.08521	899.0319	671.6336	795.91016	61.188892	879.8126	717.08154	1000.0	1000.0	1000.0	1000.0	119999	95.43803	26.194593	114.91449	-38.2877	95.43818	26.192291	115.834335	-27.94496	-2.180716	2.5626829	39.86964	-13.237222	-96.579124	4.7624316	2422.051096200943
31	643.2834	13.437598	662.8645	629.3771	762.64886	25.796255	801.01685	710.94366	681.3003	187.97272	823.98	130.71779	744.0115	33.295048	787.42114	681.3089	1000.0	1000.0	919.2	1000.0	123999	96.43801	26.011282	116.17914	-41.09068	96.43798	26.009548	116.40673	-45.299416	-2.1779695	2.5878046	40.23334	-13.963666	-97.559044	4.8553357	2518.925199508667
32	627.68286	4.9719024	634.4762	622.0517	741.4796	123.12979	808.78265	381.81412	770.1808	56.427723	805.6593	630.1657	804.13385	23.623045	849.07446	753.56824	1000.0	958.4	1000.0	1000.0	127999	97.55069	25.688755	116.59392	-30.824142	97.5509	25.684519	125.43606	-41.531708	-2.247077	2.590475	47.13177	-13.079148	-98.66278	4.486657	2617.052807569504
33	507.7359	239.03659	630.637	29.679909	741.3386	86.28497	897.8449	631.62805	507.37177	253.63246	741.5798	153.08728	675.38464	44.229	727.7864	622.3078	820.4	1000.0	689.9	1000.0	131999	98.50749	25.590563	120.16606	-33.865112	98.5071	25.589344	121.308075	-29.53063	-2.2422245	2.5684223	37.084435	-15.318826	-99.59909	4.7187614	2711.716471195221
34	528.9574	210.77238	638.77386	107.54264	756.608	108.94914	911.96387	614.32294	722.88495	74.480316	896.726	628.9588	636.2339	199.62874	770.1153	50.531174	837.8	1000.0	1000.0	909.8	135999	99.57891	25.406977	117.56286	-44.26565	99.57896	25.405851	117.824745	-49.371895	-2.2975185	2.5712695	43.41373	-12.542611	-100.688095	4.5353427	2809.013445854187
35	632.59955	6.4078617	638.1503	621.846	709.3957	77.99243	899.39233	625.50323	686.1537	190.87286	900.746	174.11348	708.77747	50.048462	829.74066	637.66077	1000.0	1000.0	929.2	1000.0	139999	100.52396	25.382563	118.088455	-31.959684	100.52403	25.379251	130.1923	-50.423134	-2.3485637	2.5751414	38.60437	-12.663902	-101.605545	4.452331	2914.5177459716797
36	594.0059	60.266907	632.8094	489.93356	697.0763	230.21695	901.43146	51.21628	799.0099	88.31417	903.42804	673.3669	609.7162	259.09012	757.1099	57.62089	938.25	909.8	1000.0	833.5	143999	101.37277	25.218552	118.280014	-37.242615	101.37284	25.215025	118.77335	-35.16749	-2.3077998	2.6022284	39.58244	-14.260915	-102.44097	4.6630187	3009.229822874069
37	628.5515	6.877637	637.8411	618.8357	800.15546	105.75064	902.699	611.36084	745.11694	82.26828	899.4088	620.28723	713.4452	35.37625	781.16956	625.6343	1000.0	1000.0	1000.0	1000.0	147999	102.36509	24.932014	119.66838	-37.372868	102.36558	24.929064	121.6263	-50.523663	-2.2848892	2.5320728	34.26287	-13.36117	-103.429535	4.7668047	3117.365005970001
38	434.3146	240.26068	624.92847	43.784954	774.2017	108.07511	901.2803	619.9331	749.94025	87.35201	899.5474	623.9458	745.2891	37.30997	808.1304	708.55853	691.6	1000.0	1000.0	1000.0	151999	103.14763	24.881594	119.612206	-30.146353	103.14763	24.877085	119.71865	-42.75905	-2.31955	2.5418522	35.82875	-12.724888	-104.19203	4.6725373	3215.698569536209
39	518.7837	210.49947	625.4927	97.787674	556.58105	255.3789	898.4647	50.89631	589.48474	258.40128	897.8007	65.900375	696.27527	75.02194	893.2817	623.81934	823.4	828.5	834.8	1000.0	155999	104.05644	24.29423	119.80471	-30.022358	104.05658	24.29091	119.850685	-45.349796	-2.1953995	2.5696023	33.870705	-12.230516	-105.132454	4.7636037	3310.5914261341095
40	629.75745	13.646214	645.9485	613.651	686.13965	213.52385	815.12805	66.13313	718.80884	62.85481	801.7128	622.54333	489.3803	304.15906	798.54456	54.946037	1000.0	912.3	1000.0	667.4	159999	104.87808	24.353855	120.25348	-38.487537	104.87806	24.353115	120.30051	-53.472107	-2.3560348	2.4563737	35.541977	-13.491917	-105.913376	4.455573	3404.0309245586395
41	627.19684	2.279069	629.6633	623.51776	624.24445	167.4741	713.99384	140.05083	671.62695	48.35944	715.3414	609.36566	619.3224	165.42381	711.60175	138.37817	1000.0	913.1	1000.0	912.7	163999	105.56804	24.774532	121.245224	-31.068764	105.56836	24.770935	122.39497	-38.211926	-2.3759305	2.4637995	38.260483	-12.531185	-106.58971	4.568157	3500.5328130722046
42	630.6029	4.0026493	635.2783	624.60376	692.6999	41.565	739.7114	624.5034	697.963	39.440376	727.6925	618.7811	681.65784	41.25571	716.6831	610.6804	1000.0	1000.0	1000.0	1000.0	167999	106.33285	25.076462	122.10099	-33.533577	106.33284	25.074469	124.5748	-38.61448	-2.4331346	2.4329777	40.63507	-12.015356	-107.36814	4.405074	3599.1390464305878
43	631.90784	8.913295	640.6045	620.06525	699.9513	31.101635	718.3832	619.8708	704.79126	30.39803	719.7503	614.2332	663.9084	46.334354	716.92535	608.9564	1000.0	1000.0	1000.0	1000.0	171999	107.20669	24.963682	123.11037	-34.473587	107.20661	24.961943	122.97103	-41.488277	-2.4525046	2.469962	42.080658	-13.733486	-108.24228	4.2291975	3697.971590280533
44	631.9462	7.1181207	641.4616	622.4806	695.74304	38.869774	721.15674	614.8984	698.7513	38.423836	723.43274	622.1494	673.47107	44.73011	720.15173	608.4754	1000.0	1000.0	1000.0	1000.0	175999	108.1089	24.805853	123.908806	-46.88852	108.10922	24.804148	123.56696	-28.134827	-2.48567	2.385341	35.10885	-11.773117	-109.104065	4.1061964	3795.880754709244
45	636.2875	4.5721846	641.5478	630.3409	559.348	213.68517	720.1971	135.28934	649.7843	160.67082	719.1166	176.0961	683.82684	41.06606	714.62836	619.2479	1000.0	826.4	917.7	1000.0	179999	108.69124	24.84249	123.65869	-37.554783	108.69139	24.841156	124.82982	-44.82319	-2.4324589	2.4289887	45.039368	-13.461119	-109.72603	4.259009	3890.9875967502594
46	630.1383	6.8549714	637.2661	618.811	674.6233	50.325207	718.39667	609.5712	582.6445	222.05754	718.9674	143.38977	696.1524	38.455734	717.5573	618.02527	1000.0	1000.0	828.3	1000.0	183999	109.49845	24.644218	124.47588	-37.13734	109.49847	24.6445	125.09724	-59.305874	-2.4231195	2.4102874	42.93397	-12.390951	-110.51998	4.539628	3986.988840818405
47	643.8806	4.064624	650.34985	639.42346	717.9752	3.8719177	720.972	708.34424	661.6444	166.87494	723.9452	161.14711	702.60767	27.742775	725.3026	630.3975	1000.0	1000.0	916.6	1000.0	187999	110.12505	24.486704	124.97844	-27.591198	110.12503	24.484888	124.96741	-47.35936	-2.4240808	2.4156194	38.060863	-13.226891	-111.12958	4.211288	4083.9889194965363
48	639.4879	5.7001276	645.2479	630.2868	705.16235	32.02251	718.527	609.21356	602.4052	230.87439	796.04456	136.08797	642.67413	91.641785	712.67993	396.77444	1000.0	1000.0	830.9	956.5	191999	110.76285	24.295439	129.28958	-34.539436	110.76336	24.2923	133.44885	-52.12377	-2.4554582	2.4337707	36.99643	-12.543383	-111.769905	4.1204014	4183.953190088272
49	641.23157	6.915581	647.1254	629.87415	695.5126	41.205013	719.13556	610.25244	706.4684	30.153435	720.99744	616.4621	703.21765	31.065529	715.9279	610.1786	1000.0	1000.0	1000.0	1000.0	195999	111.29909	24.123434	127.634735	-44.362324	111.29945	24.11746	128.93767	-48.52171	-2.4172506	2.46966	35.227962	-12.5606	-112.312035	4.6198397	4282.162310838699
50	637.67957	16.70719	660.71625	620.0552	625.07	171.94365	719.9505	128.72716	656.86975	174.79128	718.9514	132.57005	710.50037	4.132409	714.8988	699.9979	1000.0	912.7	913.9	1000.0	199999	112.16417	23.231928	126.27796	-30.582527	112.16434	23.230213	126.71619	-33.883987	-2.4235938	2.4400895	37.79233	-13.541067	-113.1677	4.317568	4378.367253780365
51	642.6918	8.556219	656.8478	635.3826	746.5241	57.461403	803.0988	613.03125	743.82574	43.111393	802.04016	660.1135	674.10297	213.80946	817.99976	48.40768	1000.0	1000.0	1000.0	908.6	203999	112.61063	23.252645	126.95455	-31.581184	112.61047	23.252224	127.451645	-34.832676	-2.5230157	2.3644564	39.79251	-14.405442	-113.59406	4.191049	4476.703368902206
52	649.2849	1.5280527	651.259	646.9775	707.7493	28.226791	721.2106	623.2952	697.35876	40.07848	719.35547	615.4664	692.6386	40.678997	720.7392	617.26514	1000.0	1000.0	1000.0	1000.0	207999	112.91787	23.508978	126.7809	-30.11038	112.91786	23.507412	127.4576	-29.522297	-2.4954646	2.3653047	44.34057	-13.000124	-113.9024	3.9638543	4577.558714389801
53	642.9756	2.8003113	646.82166	639.59686	701.43494	29.113352	716.74243	617.3811	692.3204	38.731968	722.33844	614.764	711.36224	7.141781	719.1103	695.6005	1000.0	1000.0	1000.0	1000.0	211999	113.58147	23.336567	127.32859	-39.98713	113.58128	23.334076	127.55188	-43.599052	-2.571933	2.3594558	40.055798	-13.719527	-114.55503	3.9183724	4675.824015855789
54	648.0226	8.424421	656.00305	636.214	705.80664	31.508707	717.75006	611.3358	695.0371	40.306187	716.9607	613.9112	711.18896	3.2961051	715.6954	705.9974	1000.0	1000.0	1000.0	1000.0	215999	113.92831	23.51844	127.13917	-41.077072	113.92826	23.5165	132.08519	-36.388256	-2.5797858	2.3430266	39.264393	-13.198807	-114.90533	3.8120985	4775.406609773636
55	653.75574	5.828593	660.4809	647.59937	727.2612	51.94448	810.7047	615.73334	571.67755	267.7535	812.8431	100.46587	696.86926	39.887383	722.14465	616.20905	1000.0	1000.0	752.0	1000.0	219999	114.25882	23.423717	128.07474	-40.993565	114.25895	23.421347	128.56445	-52.850014	-2.5630665	2.3248873	40.410732	-13.473134	-115.2343	3.9019377	4873.292966127396
56	660.286	12.662021	680.2091	645.03033	707.221	30.37832	722.04156	616.33295	695.7178	39.354115	718.93506	617.0289	715.2876	1.9325004	718.00397	710.64056	1000.0	1000.0	1000.0	1000.0	223999	114.5578	23.201012	128.15019	-46.728672	114.55779	23.197351	128.37741	-37.058468	-2.543339	2.3202684	40.660095	-13.490391	-115.51326	3.8027158	4972.489642620087
57	646.891	8.094049	656.0527	636.71747	696.0752	40.8763	721.72925	613.56934	717.36926	3.565169	723.6378	712.7852	707.9634	13.223095	715.24493	672.09564	1000.0	1000.0	1000.0	1000.0	227999	114.96212	22.85547	128.43666	-32.120617	114.96233	22.8525	128.87526	-36.85668	-2.5895748	2.323472	38.11135	-14.507469	-115.93356	3.7868605	5071.5568590164185
58	562.14453	189.2368	667.7861	184.01549	590.9202	212.4385	722.4549	155.27312	665.60974	165.4417	728.16034	169.42685	689.9405	43.82626	726.4767	609.75336	850.4	837.6	916.8	1000.0	231999	115.47376	22.26867	128.56706	-32.021053	115.47369	22.269852	131.19667	-42.55989	-2.577092	2.3093596	35.822887	-14.170607	-116.414604	3.885514	5167.240319728851
59	643.5498	11.384658	663.02844	634.1731	691.68176	79.019485	804.5209	494.8017	646.6597	116.313835	803.18933	348.57828	642.2356	170.8838	800.9077	302.97	1000.0	965.0	944.8	876.6	235999	115.67689	22.283604	128.43379	-49.971657	115.67685	22.283865	129.3441	-33.861286	-2.6577988	2.239169	32.803757	-12.670843	-116.604774	3.5062957	5263.461201667786
60	659.6033	8.277969	671.943	651.6558	653.72156	158.88464	719.7919	185.87604	635.6258	179.2681	717.74634	110.33883	713.1859	1.4619056	716.44653	711.23444	1000.0	919.5	911.3	1000.0	239999	115.83407	22.440022	129.81157	-27.688639	115.83403	22.439947	129.35652	-56.60686	-2.6612763	2.162409	32.16289	-13.61766	-116.75263	3.5198336	5360.841870307922
61	645.7655	11.166502	660.4801	630.7289	661.7423	150.43271	723.5885	215.1129	655.12024	161.88898	721.60486	176.99023	713.0757	25.532364	733.2528	638.7686	1000.0	925.2	919.6	1000.0	243999	116.02581	22.570261	129.0663	-40.598858	116.02613	22.564756	128.99773	-48.97409	-2.672751	2.2031007	31.612194	-13.197668	-116.976395	3.6461456	5460.457392215729
62	654.4576	8.036497	667.2294	644.9978	673.38696	44.74069	719.3442	614.9385	697.255	40.522823	742.54596	617.602	697.7857	35.49712	723.20984	613.33514	1000.0	1000.0	1000.0	1000.0	247999	116.39602	22.399902	129.39645	-48.41465	116.3961	22.396702	129.3394	-42.30474	-2.6647203	2.2170622	31.947687	-12.081627	-117.33874	3.6374087	5560.214856147766
63	653.49963	5.8344517	660.75867	644.49316	810.70953	1.9137863	813.45135	806.6407	814.1288	6.8215513	832.6694	808.72473	806.46326	8.608112	826.4217	792.185	1000.0	1000.0	1000.0	1000.0	251999	117.06873	21.929134	133.51929	-38.002472	117.06904	21.92721	130.3198	-25.388529	-2.6439915	2.2407687	38.674652	-12.768871	-118.0102	3.3455865	5658.198779344559
64	657.8093	13.840149	669.0635	634.16736	598.119	217.13664	748.851	169.05649	609.6261	235.7059	746.5267	132.15977	726.44305	38.843754	773.13025	627.6718	1000.0	836.3	828.0	1000.0	255999	117.33036	21.834288	130.35617	-34.395557	117.33018	21.831175	130.27313	-46.88437	-2.6885674	2.2127547	34.32943	-13.264695	-118.2565	3.2105834	5752.971789598465
65	656.3242	9.560696	668.47845	642.38	661.0802	140.74951	721.63885	248.99393	575.5766	212.48459	722.11383	146.87714	588.7118	204.45488	719.38873	177.56946	1000.0	927.5	833.2	839.4	259999	117.45456	21.922611	130.25676	-41.923943	117.45477	21.922817	130.7634	-36.896206	-2.6867328	2.2153766	37.95536	-11.933388	-118.37421	3.165229	5851.878842353821
66	651.3187	6.1282077	655.9846	640.7992	686.15674	46.202415	718.6598	612.9177	523.2323	249.65953	719.2262	137.96098	610.2606	156.57027	715.72845	164.62624	1000.0	1000.0	746.3	898.7	263999	117.59523	21.860144	130.53094	-32.11619	117.59484	21.858862	130.80286	-36.456955	-2.6667693	2.1974623	37.23855	-13.570698	-118.50411	3.817069	5946.320780754089
67	639.6953	6.490245	647.80615	633.1584	636.87006	162.88249	716.80493	161.65479	602.7596	205.53615	720.6842	177.24718	522.5141	231.77026	718.23926	153.24213	1000.0	916.3	842.1	753.5	267999	117.91423	21.425835	130.33287	-42.47463	117.91421	21.42316	131.69945	-48.921913	-2.7166638	2.1566758	31.35072	-13.462341	-118.82905	3.5188653	6040.571519613266
68	558.31995	179.5906	664.5034	199.903	698.9483	48.877304	740.9202	616.1179	679.6586	80.92037	728.0062	453.56604	639.4298	137.71144	727.0582	239.30927	850.4	1000.0	956.4	931.2	271999	118.00763	21.757002	130.97597	-482.39084	118.00849	21.73643	130.69748	-74.30833	-2.6800265	2.158448	34.981514	-13.132957	-118.90372	3.940487	6139.331033229828
69	627.45886	49.926205	665.4282	541.79333	701.91113	30.264608	714.5582	611.3439	681.89905	42.21686	713.3132	607.38855	698.2143	30.832561	720.0738	619.2878	946.75	1000.0	1000.0	1000.0	275999	118.23814	21.7601	131.07013	-38.03217	118.23821	21.756845	131.49231	-36.916256	-2.6662571	2.1707673	33.925884	-12.437431	-119.15897	3.533378	6237.52411699295
70	538.5334	179.69585	662.97015	192.41196	705.45087	29.457207	717.08466	617.2141	642.5653	162.45491	717.6366	166.21239	693.2988	42.197815	721.9769	605.2388	802.8	1000.0	918.9	1000.0	279999	118.63045	21.46682	132.60213	-50.206055	118.63035	21.46589	135.35341	-52.255013	-2.671472	2.1517117	36.303932	-12.939029	-119.53139	3.669219	6337.324686765671
71	661.8094	8.266886	674.6507	652.87036	721.8285	5.5391846	732.95667	712.63605	706.57214	44.43173	758.00653	619.4577	721.2165	12.150092	741.2942	694.38696	1000.0	1000.0	1000.0	1000.0	283999	118.97533	21.206375	131.88335	-72.75309	118.97566	21.20431	132.27106	-45.697308	-2.7203262	2.1329691	34.15535	-12.54585	-119.86295	3.393518	6436.97749376297
72	563.4665	170.8722	657.264	221.86256	572.18567	264.7754	817.8311	153.51447	613.90424	235.65851	811.968	136.52907	715.5897	43.20912	807.6602	615.066	855.4	752.2	828.2	1000.0	287999	118.8769	21.340504	131.9556	-42.03115	118.87678	21.337915	131.84221	-51.480335	-2.7376335	2.0938468	32.15503	-12.528763	-119.74978	3.732246	6529.453286647797
73	504.11603	192.02423	666.1039	230.66104	705.1191	28.76692	718.45544	619.64154	714.94586	4.088354	720.163	708.01306	716.4647	3.3682997	724.60706	712.9786	745.4	1000.0	1000.0	1000.0	291999	118.70083	21.557386	131.30833	-25.606552	118.70062	21.55738	131.3323	-51.426266	-2.6822681	2.1467397	29.388094	-13.076411	-119.58499	3.6289709	6629.90821480751
74	510.6678	178.88342	653.88293	218.43016	704.78156	31.46286	718.1381	610.5236	654.2159	152.21346	719.84937	206.44308	709.6075	10.887514	721.8476	679.0893	768.4	1000.0	920.6	1000.0	295999	118.87778	21.195362	131.49756	-39.99449	118.87793	21.1929	131.89677	-34.271236	-2.7206068	2.0976384	32.166286	-12.442787	-119.75138	3.6182797	6728.241883993149
75	658.5306	5.7643585	667.2298	651.09937	719.3462	4.036912	727.67914	713.3169	608.86084	231.2413	811.653	123.536026	558.7549	268.5747	805.70746	145.39511	1000.0	1000.0	832.1	744.7	299999	118.80688	21.253532	131.26929	-39.797436	118.8068	21.251244	131.43344	-35.43815	-2.7123315	2.1592274	41.839947	-13.408381	-119.68121	3.7202635	6821.284477233887
76	658.3453	5.70221	666.9844	651.0377	635.4924	175.97923	718.51447	120.53654	396.2574	282.49615	715.5977	103.93197	683.0206	43.25993	713.5009	609.4336	1000.0	910.4	555.0	1000.0	303999	118.9123	21.084528	131.62479	-39.584526	118.9123	21.084244	133.44542	-71.20567	-2.758995	2.1146123	36.7452	-13.80611	-119.76672	3.2723784	6913.31503868103
77	661.67926	2.6762974	664.78455	657.66156	675.393	104.538216	722.743	363.40906	547.1525	236.13376	719.7373	176.73485	640.0171	79.3662	729.82916	450.34583	1000.0	946.9	765.7	939.0	307999	118.9285	21.041157	132.252	-31.515512	118.92856	21.039701	132.01054	-39.288982	-2.729855	2.1123815	33.89285	-12.920887	-119.78755	3.4513648	7007.908609390259
78	557.908	201.89343	671.84576	154.53825	623.9435	153.13052	719.10803	186.9573	700.838	41.709354	725.18243	616.47406	678.228	46.527687	719.27405	609.6234	838.8	921.6	1000.0	1000.0	311999	119.14209	20.907637	132.01123	-49.078346	119.14191	20.906418	132.43283	-29.261435	-2.7223353	2.1235347	36.44237	-13.958313	-119.99927	3.3110528	7112.006378412247
79	652.297	11.923401	665.81134	637.0287	687.25665	64.50939	813.6963	615.2524	560.32556	220.8852	729.1709	117.88624	643.0488	184.99211	802.7566	109.63034	1000.0	1000.0	824.2	910.5	315999	119.36075	20.284977	153.12306	-80.111725	119.36088	20.28249	156.874	-29.22979	-2.6972413	2.2451715	37.475662	-13.260332	-120.23509	3.8716547	7212.385588645935
80	654.63306	3.088144	658.07996	649.7629	714.5049	3.2568402	718.23663	706.0985	593.1315	243.20721	720.9721	105.65067	633.17737	172.0878	718.4832	127.67897	1000.0	1000.0	827.8	913.2	319999	119.72436	18.699255	142.97638	-29.543528	119.72443	18.70031	142.23094	-44.36006	-2.6403131	2.232598	41.27328	-13.442137	-120.58671	3.9606063	7308.422899246216
81	551.4876	151.70915	656.8831	256.79025	687.1202	45.57516	720.22504	614.8372	706.26746	29.308254	719.2379	618.5785	701.23206	31.258478	719.1966	608.64874	838.4	1000.0	1000.0	1000.0	323999	119.50907	19.295208	130.9711	-67.316826	119.50924	19.292294	132.36357	-45.749317	-2.7694256	2.1226125	35.841267	-13.923448	-120.33565	3.548963	7413.05685043335
82	457.31558	199.03412	665.3244	137.18758	641.4769	153.1838	717.3677	195.7949	704.94415	31.324574	735.80084	613.9193	691.7445	33.577923	713.74976	610.7082	671.8	923.4	1000.0	1000.0	327999	119.45538	20.476559	131.67024	-46.060745	119.45516	20.475855	132.07465	-39.893288	-2.6887238	2.085188	34.42307	-13.195928	-120.29827	3.3510742	7516.123276233673
83	594.9041	141.0393	671.7446	312.9235	591.82776	224.08786	806.4913	152.87402	539.93524	246.29361	715.7062	136.8217	652.4591	153.49492	718.91565	195.53345	882.6	833.1	754.4	922.7	331999	119.6848	20.451004	140.02982	-37.79755	119.68499	20.448278	137.39534	-35.163754	-2.6703808	2.2071776	35.198307	-13.290441	-120.560646	3.4605048	7612.2533638477325
84	215.55186	248.7312	662.63434	1.8506579	156.1489	172.7236	663.94037	67.92212	233.62605	217.51208	669.49945	67.86119	247.5323	252.88847	666.7416	72.28636	326.30768	216.4	318.0	360.7	335999	120.55768	18.8651	148.98177	-45.295692	120.55838	18.857647	146.0118	-36.143436	-2.5661244	2.3827763	38.05401	-11.842689	-121.48248	4.427721	7683.231367826462
85	166.0824	99.32744	470.22543	81.34577	470.17462	343.9159	890.77704	103.50374	389.38815	314.8818	896.4422	121.46383	308.89325	244.80875	882.1723	107.48319	202.75	518.7	427.8	327.2	339999	120.78473	20.510471	145.39034	-56.675293	120.78505	20.507046	144.88367	-61.298637	-2.6075075	2.1456401	37.71282	-12.535345	-121.63819	4.2638144	7759.768840312958
86	230.23454	103.30483	476.9711	100.23198	741.53394	244.87692	904.6545	210.66887	634.70447	294.03555	901.5562	194.23499	741.40027	167.92503	834.5583	247.58604	304.41666	843.1	735.4	913.0	343999	120.13331	21.3021	140.15321	-37.97581	120.13323	21.299387	140.16548	-40.843857	-2.545536	2.138536	36.034615	-11.689596	-120.98163	4.093423	7852.16917848587
87	497.07297	194.73248	691.5072	224.4164	721.979	6.1122713	739.1391	716.14636	613.52325	215.86543	728.7104	128.6413	709.8645	19.587893	732.8017	671.4861	706.0	1000.0	838.2	1000.0	347999	119.71622	21.686916	134.17732	-40.441765	119.71616	21.687252	135.19455	-53.67683	-2.6133413	2.0865324	33.032192	-14.400736	-120.54403	3.894541	7950.807006120682
88	551.18097	181.73285	662.22107	236.48451	683.15753	45.06325	715.2264	611.82294	693.9898	40.280846	722.6723	612.75714	604.20807	141.87556	716.3748	258.74728	823.5	1000.0	1000.0	882.9	351999	119.50329	21.637539	132.78207	-43.922222	119.50331	21.635595	132.76257	-40.808575	-2.721351	2.0749664	37.58582	-12.092754	-120.33783	3.6836956	8050.389370918274
89	395.82376	231.32243	658.5884	132.61086	713.421	1.5192738	715.6316	711.72534	653.9188	150.86263	777.7034	224.86641	719.4937	21.014414	742.31146	661.8443	578.5714	1000.0	923.8	1000.0	355999	119.58513	21.53401	132.96088	-46.268963	119.58534	21.530596	134.71301	-26.33482	-2.7532356	2.072497	37.134403	-12.294502	-120.42769	3.6030707	8150.858027935028
90	660.0661	14.465124	682.3174	644.8227	714.2476	6.817102	721.2763	695.83765	476.4349	280.50098	718.5374	104.63857	626.0444	181.3875	714.8365	143.805	1000.0	1000.0	653.5	870.6	359999	119.51438	21.441322	133.67348	-26.03327	119.51465	21.43972	133.08969	-48.365723	-2.8024657	2.0275497	36.854057	-15.155868	-120.3279	3.4849677	8245.151970148087
91	561.6237	182.96066	666.1367	196.24356	618.1695	147.15515	718.28595	196.8997	640.3342	163.23387	717.2505	163.37312	640.24426	40.27156	714.0414	607.52325	850.2	922.8	916.7	1000.0	363999	119.41643	21.427647	133.8615	-54.05558	119.4166	21.426199	133.32413	-45.357113	-2.7720242	2.0494223	30.533384	-11.992225	-120.24078	3.7926128	8342.831026315689
92	601.1016	96.49192	666.29156	434.28214	704.1786	30.24422	720.842	614.26874	716.73785	4.02062	720.971	707.70715	713.19836	2.6452236	717.0575	708.9008	913.25	1000.0	1000.0	1000.0	367999	119.41697	21.335205	133.04736	-43.919476	119.4168	21.334694	133.20676	-49.366608	-2.7942421	2.018684	40.371414	-13.1901455	-120.235565	3.6073463	8442.574713468552
93	589.2267	147.9081	676.3149	293.91846	749.49835	55.043915	816.7026	659.1484	634.2487	236.6206	816.89844	159.63507	684.34326	145.00308	810.3915	269.76926	880.4	1000.0	835.9	929.1	371999	119.48454	21.136902	132.96712	-37.777443	119.48481	21.132404	133.16316	-30.531874	-2.774046	2.049902	38.800514	-13.149858	-120.297646	3.6770966	8541.429253339767
94	571.3302	176.23398	664.7976	218.96016	656.8104	141.1507	725.9821	248.999	552.69104	258.94675	730.2531	75.95414	720.699	4.5615463	730.0804	713.74304	855.4	929.9	757.2	1000.0	375999	119.52693	20.927423	133.9511	-52.5068	119.52681	20.92583	133.48439	-33.656204	-2.797396	2.0226095	31.908653	-14.977264	-120.3453	3.659764	8637.526217222214
95	461.0162	165.19377	667.03864	291.87964	528.8137	247.19225	810.70557	198.17392	541.34766	255.23631	811.6197	130.60191	593.3279	213.32828	722.39886	143.24117	663.2	695.2	746.2	834.5	379999	119.53887	21.056858	133.84383	-43.030838	119.53878	21.055687	134.16093	-57.52952	-2.7614791	2.0421875	36.3065	-11.756922	-120.349205	3.835202	8728.961840867996
96	646.86237	19.273205	663.1078	610.1464	696.9855	36.409943	720.93445	615.41925	628.29095	172.04918	720.52484	128.64517	693.89795	39.63548	718.2215	613.9582	978.0	1000.0	913.8	1000.0	383999	119.41604	21.228323	134.15599	-80.112236	119.41606	21.226198	133.53056	-51.33495	-2.798671	2.0388856	32.18643	-14.53235	-120.216	3.717629	8826.852324724197
97	532.6081	211.34126	658.3945	166.59425	760.2889	50.71777	813.5367	695.6593	669.07043	167.0308	806.2207	175.13577	758.6114	39.36226	804.27264	711.3128	800.75	1000.0	918.1	1000.0	387999	119.51429	21.087427	133.33987	-53.398914	119.51395	21.088015	139.58685	-45.020077	-2.840116	1.9788072	28.649374	-12.38217	-120.31932	3.2846637	8924.167793512344
98	610.16095	103.12162	665.3347	404.03958	808.66003	4.2887597	817.8991	802.1754	754.13617	163.5017	814.58246	263.7747	807.09326	3.787874	812.7406	801.53644	915.0	1000.0	930.3	1000.0	391999	119.63645	20.96878	133.69838	-37.322372	119.63664	20.966152	133.64761	-69.468666	-2.789832	1.9939805	34.548195	-12.819123	-120.44134	3.6902168	9022.410775899887
99	671.682	1.6078167	673.4016	669.86664	701.3795	170.19908	816.075	212.50835	562.90173	255.84348	810.54034	156.25049	683.5003	116.80132	759.6441	335.744	1000.0	922.9	752.7	929.9	395999	119.76885	20.776682	133.9524	-29.420841	119.76847	20.777185	133.93604	-50.618374	-2.8074746	2.0039139	31.917494	-12.793398	-120.562515	3.5927207	9116.61180472374
100	486.0986	198.08818	677.22784	150.37	687.37756	39.975433	718.28876	618.0368	616.6192	159.60408	716.59717	154.77733	681.05634	44.508186	714.89984	607.6511	703.8333	1000.0	917.1	1000.0	399999	119.88651	20.758287	133.50256	-48.154377	119.8865	20.757536	133.68503	-51.738785	-2.7807243	1.975448	32.974346	-12.155538	-120.69051	3.5320714	9214.55624294281
101	430.64493	175.76137	670.1015	210.9682	593.4466	194.78877	718.3409	199.93901	650.38367	163.33144	719.21234	168.90254	546.46765	210.00716	713.4689	217.86186	613.6667	852.1	917.7	780.1	403999	119.87111	20.93862	134.2699	-34.014866	119.87161	20.935385	136.36969	-45.38508	-2.77618	1.9968617	32.220062	-12.859106	-120.67703	3.7705052	9308.361351966858
102	402.81253	167.5628	671.6119	158.77618	614.4013	218.1948	814.98926	191.32167	637.2672	185.45149	728.3919	88.74256	595.5377	191.8751	718.931	188.10088	558.5714	840.1	913.2	847.1	407999	120.09421	20.529259	134.91463	-73.325584	120.09415	20.527548	134.93843	-41.402416	-2.743864	1.9883848	34.61782	-12.668418	-120.895195	4.136124	9403.344228982925
103	605.518	50.512897	660.57947	511.07645	664.57666	43.689735	720.4184	614.8345	549.6528	208.17238	714.78253	116.84922	569.0428	184.88873	714.89465	192.53412	883.4	1000.0	828.4	831.0	411999	120.04637	20.58383	135.11937	-48.195847	120.04653	20.582685	134.18686	-37.542213	-2.7578843	2.006895	34.604523	-13.12188	-120.83319	3.5906498	9498.001871109009
104	452.39267	204.66118	684.23975	170.89839	491.19858	292.1715	809.8042	131.06099	433.8793	303.16672	814.72577	115.191864	429.29794	265.4038	715.5783	133.02048	648.0	651.1	562.5	582.5	415999	120.01332	20.746323	134.50108	-48.97422	120.01323	20.74486	137.33238	-37.56071	-2.7655163	1.9892821	31.61385	-12.269091	-120.816734	3.5352056	9582.587660312653
105	416.9746	263.2959	683.71564	106.16401	705.4135	29.38425	720.58813	617.69617	598.8038	206.9805	719.9708	159.13873	656.8475	43.756077	722.2162	613.071	595.4286	1000.0	843.5	1000.0	419999	120.15272	20.735117	134.66171	-50.40544	120.15244	20.735445	136.5948	-47.30751	-2.8231962	1.9717755	32.596176	-11.754022	-120.94709	3.606606	9685.167454719543
106	406.1733	170.74295	679.5434	144.26102	718.1735	184.09079	810.755	177.62862	725.6085	170.63643	815.34564	228.31949	584.82104	269.65244	806.2643	188.98807	559.7143	919.2	926.8	717.7	423999	120.3284	20.501482	134.95674	-50.646137	120.3284	20.499346	135.07419	-47.43517	-2.7871459	2.004877	30.0765	-12.280446	-121.136406	3.3581264	9778.422526597977
107	624.10486	43.90468	669.8907	574.59247	335.53192	310.56998	811.662	117.764175	442.76996	324.1922	809.92694	115.647446	431.51797	304.81503	799.73535	116.64583	908.25	388.4	556.2	560.8	427999	120.43303	20.368713	135.8516	-63.535503	120.43327	20.364975	135.00839	-36.295372	-2.818682	1.9444655	32.546925	-13.148869	-121.221725	3.352794	9858.83207321167
108	432.21375	185.94005	668.27216	154.47513	746.9788	40.56096	816.503	716.4452	654.2966	172.53197	813.8236	174.27872	587.0692	218.80421	803.264	235.69046	611.1667	1000.0	919.5	786.6	431999	120.34528	20.655058	135.05284	-41.803345	120.3454	20.6522	135.19289	-48.50273	-2.7670925	1.9749653	33.079662	-13.99761	-121.13383	3.552408	9956.13898229599
109	647.4542	17.266895	665.8939	619.28503	728.98114	8.243665	742.3248	718.1965	666.3727	153.31718	737.9319	216.74072	728.878	10.147331	749.89764	717.0005	976.0	1000.0	924.4	1000.0	435999	120.30698	20.56567	135.39468	-61.480247	120.30728	20.564762	140.79907	-47.431957	-2.865235	1.9258332	33.081318	-12.716948	-121.08775	3.6272874	10056.466749191284
110	532.7927	179.30865	664.5566	190.01175	622.59393	166.16722	732.353	293.16568	628.1514	156.15143	736.9976	184.14459	659.4409	160.81624	730.76874	186.6733	791.8333	869.2	919.2	921.1	439999	120.17619	20.867344	134.37512	-82.34195	120.17619	20.866188	136.82695	-42.156643	-2.8112168	1.9905276	39.505783	-14.8139515	-120.966545	3.5887856	10152.14193701744
111	564.78033	155.32411	660.64075	295.87753	692.86676	39.549686	719.634	614.91754	611.14124	210.17523	723.6299	143.9961	692.85547	39.53074	716.61163	613.5114	846.75	1000.0	840.9	1000.0	443999	120.17177	20.907867	133.5928	-33.101883	120.17183	20.905697	134.00143	-41.99895	-2.8126948	1.9649262	29.49441	-12.4009	-120.954765	3.5001915	10253.993322372437
112	524.6069	185.30765	660.23755	240.47447	727.54816	27.995481	810.49396	710.2568	694.5772	56.970142	805.0339	614.94403	689.04974	40.901367	717.51965	616.9196	782.6667	1000.0	1000.0	1000.0	447999	120.24981	20.827852	134.00047	-40.24184	120.24967	20.82735	134.56703	-39.082302	-2.7825978	1.9826849	32.92074	-14.537935	-121.046455	3.6719224	10353.534043312073
113	338.8829	219.40363	662.9561	100.511795	707.88416	29.740124	724.1339	619.423	688.4849	43.112778	722.0248	616.8988	702.92126	26.662235	719.669	626.8367	479.875	1000.0	1000.0	1000.0	451999	120.31917	20.75234	134.09125	-65.88255	120.31891	20.752878	135.44666	-87.38577	-2.8081224	1.940402	28.064056	-12.70994	-121.11098	3.3492353	10453.196157455444
114	652.61835	19.077951	677.9527	626.26135	642.39246	160.999	720.6473	173.57692	715.2147	2.3258252	719.035	711.7317	688.5322	41.22983	719.7104	612.7382	978.75	916.9	1000.0	1000.0	455999	120.28818	20.799067	134.2991	-88.542854	120.28823	20.79742	139.21284	-55.441498	-2.8719926	1.9091514	34.635403	-16.408718	-121.05773	3.587459	10556.938493728638
115	480.67807	185.0893	654.2518	201.67163	471.25552	339.637	813.31573	126.55587	676.4044	274.87115	847.55597	117.049126	606.69867	309.9495	822.45685	110.95642	707.8	562.8	824.3	738.7	459999	120.44685	20.488459	134.39578	-27.112684	120.44704	20.486864	134.28416	-32.61214	-2.8283224	1.9519471	30.734425	-13.1387825	-121.22495	3.5694947	10646.112487077713
116	638.0826	46.884857	673.51776	557.3842	688.0709	46.317715	721.6198	616.1496	655.97314	155.27339	722.3946	198.93707	684.7268	45.066822	719.059	613.73737	948.75	1000.0	922.9	1000.0	463999	120.36891	20.68877	134.38068	-38.618282	120.36909	20.687696	134.64378	-55.867924	-2.837733	1.9225894	39.201748	-12.756652	-121.13376	3.5926533	10744.514658212662
117	622.30554	77.29511	663.50793	467.74225	757.50635	166.11478	817.73553	259.22925	615.27344	299.93134	816.4786	128.3741	753.9965	164.26337	810.5378	261.22083	929.6	928.1	746.9	928.6	467999	120.45144	20.377329	134.07507	-33.561806	120.45155	20.37551	134.25635	-44.092308	-2.8247921	1.965897	33.65115	-14.109174	-121.23053	3.5621095	10837.006400823593
118	496.76913	237.20123	670.43524	138.91032	672.0785	172.53067	811.2464	197.3829	721.8478	79.50439	810.8551	614.9304	565.739	228.82138	718.38025	191.44212	715.0	920.6	1000.0	769.6	471999	120.43275	20.30698	134.17451	-46.437935	120.43306	20.30334	134.85403	-36.434242	-2.847795	1.9281158	39.091183	-14.009592	-121.191154	3.3024595	10930.570553064346
119	605.99585	97.25341	668.9454	437.7954	506.42764	261.0341	723.75073	171.62144	549.16473	263.83905	733.56616	105.89697	537.66394	233.31007	719.8513	174.4448	900.25	681.2	746.9	761.7	475999	120.54624	20.412395	134.49792	-39.25461	120.5466	20.410236	134.11234	-46.743984	-2.8403397	1.9350153	35.019955	-12.941086	-121.31335	3.3397515	11019.858276844025
120	364.30838	195.24861	668.04297	141.53839	587.6068	193.98395	719.62244	190.52177	625.3163	211.18802	807.02856	202.8087	503.8719	220.24138	714.89746	233.92828	514.0	845.4	847.8	702.8	479999	120.61388	20.497742	134.0709	-39.784473	120.61385	20.497253	134.15247	-27.330091	-2.8438144	1.9481194	38.810078	-12.795801	-121.38095	3.5088089	11109.966296434402
121	422.0072	224.65097	669.1616	159.44809	561.0209	259.2871	808.1121	168.83978	605.4683	230.10275	811.47595	162.16115	492.9218	251.04982	723.871	155.56232	599.8333	752.9	833.4	677.7	483999	120.56126	20.567677	134.58319	-37.60866	120.56107	20.568235	134.76292	-44.435707	-2.8274815	1.9676121	32.891678	-13.438693	-121.33045	3.3979897	11200.398485898972
122	447.438	186.27077	669.89685	218.17482	560.26624	261.298	811.1246	148.73756	650.8602	149.86427	720.22906	212.31122	657.4159	146.97858	717.83154	225.68185	652.5714	749.0	922.2	924.4	487999	120.48399	20.54936	134.477	-46.966236	120.48423	20.546421	134.96951	-34.378555	-2.8495202	1.9541227	34.844006	-12.860632	-121.26241	3.3038301	11295.347994089127
123	534.38477	214.84918	673.70374	162.68852	697.0121	39.001225	721.4479	612.9681	657.3398	177.40433	802.1744	140.0731	699.1957	32.992115	720.55865	625.98694	794.5	1000.0	914.3	1000.0	491999	120.60372	20.300346	134.41696	-48.15312	120.60378	20.300097	134.9233	-43.99559	-2.8681893	1.9451361	36.47161	-14.098646	-121.36427	3.3281612	11394.641515731812
124	648.2367	10.970226	663.6632	631.8026	750.10394	178.76326	811.7105	213.8654	683.35876	253.85657	812.03827	160.54231	716.9561	181.94742	806.3342	253.94878	987.8	922.1	834.9	883.6	495999	120.53945	20.37087	134.95204	-41.612255	120.53951	20.370241	135.60448	-46.578484	-2.875396	1.9148252	32.467716	-13.78259	-121.30145	3.3805277	11488.254144191742
125	657.0178	5.981828	663.3522	647.1845	532.03253	309.56012	818.2152	144.1159	561.4955	269.91006	815.4521	146.73763	398.65756	263.18073	801.5809	149.46986	1000.0	660.1	745.6	513.5	499999	120.55258	20.21189	134.55197	-29.864864	120.55285	20.210756	134.8174	-32.11123	-2.875381	1.9190696	33.509174	-12.543015	-121.31615	3.1945422	11573.411015510559
126	378.93542	208.30356	661.3445	156.45941	662.81824	167.81778	739.5044	159.85576	602.4007	230.40195	722.86786	135.87674	585.0685	189.79785	715.3171	152.72061	530.8333	916.9	828.3	851.4	503999	120.59796	20.223534	134.3388	-33.41479	120.59777	20.223314	134.61392	-23.521036	-2.89177	1.8836873	38.272354	-12.081764	-121.364784	3.0108922	11668.617535829544
127	444.64136	223.14348	655.7856	106.52914	599.85724	291.7381	818.7763	145.40671	544.7782	274.26324	812.6217	130.95251	322.41315	222.9873	805.66547	162.65114	646.2857	745.8	738.6	375.3	507999	120.60605	20.198471	134.63243	-36.455467	120.60609	20.19754	134.644	-38.177734	-2.9052525	1.8944277	32.134205	-13.242323	-121.36045	3.1536298	11754.19300031662
128	411.13736	229.50815	663.5055	117.855385	629.9925	167.5248	809.0127	162.90564	727.4172	28.568464	812.5635	713.1367	541.764	224.89824	725.2532	173.95169	593.8333	916.4	1000.0	766.0	511999	120.56569	20.402328	134.53001	-43.49202	120.56569	20.40401	135.44626	-56.587772	-2.8813715	1.8899283	38.73051	-13.104441	-121.31472	3.4831069	11851.208987236023
129	661.5735	14.3087635	685.1232	650.0757	683.4634	253.70174	813.28033	173.07974	673.45374	256.7046	817.02716	136.28699	524.17017	286.39285	813.5532	198.11707	1000.0	835.1	832.2	627.5	515999	120.51922	20.305513	134.72432	-33.40899	120.51909	20.303532	135.77269	-32.014336	-2.849739	1.9380091	46.223724	-12.641174	-121.28257	3.2365234	11941.058536052704
130	485.0977	187.10004	665.9232	180.1621	752.2043	180.77742	816.3527	209.93123	612.30896	300.59073	815.2263	127.30403	394.82257	268.67368	806.3359	178.56746	712.8333	922.5	746.2	464.7	519999	120.57275	20.045307	135.35448	-34.585175	120.57269	20.043404	135.24736	-58.815712	-2.9087489	1.8900009	32.46119	-12.322825	-121.32769	3.0547738	12029.834404230118
131	473.156	228.00024	663.3149	77.22911	719.1654	83.98276	812.83435	619.31903	743.8073	48.574646	813.814	661.3852	585.6423	228.24895	814.4953	235.22635	706.1667	1000.0	1000.0	783.7	523999	120.45401	20.06172	134.57495	-41.899174	120.45371	20.059761	134.21039	-39.29859	-2.9019353	1.9311466	35.63838	-12.993647	-121.20828	3.1067374	12125.90922164917
132	452.87772	228.77562	681.0992	164.80722	698.07465	35.73482	717.7632	625.07074	642.6398	158.11128	718.3561	180.23596	680.00574	43.238297	716.55524	617.92883	650.3333	1000.0	920.6	1000.0	527999	120.56045	20.040482	134.86644	-57.064636	120.56005	20.042248	135.66055	-55.377125	-2.9183872	1.9095855	35.262314	-14.07585	-121.306335	3.3216348	12227.419108629227
133	545.57886	143.90948	666.1758	346.34006	711.86005	4.7543454	717.3514	702.7274	589.9645	200.2369	717.8832	155.68924	577.22925	196.20496	714.8814	180.56525	805.0	1000.0	844.0	842.5	531999	120.60005	19.881775	134.33353	-57.397285	120.60019	19.882362	134.68867	-55.25774	-2.8812473	1.941933	39.77041	-12.861046	-121.34809	3.0606928	12326.320527791977
134	289.12344	217.72894	657.95526	88.31446	554.0365	187.11308	722.21155	179.90047	588.019	211.88112	718.383	167.46889	647.10077	135.19174	742.98615	264.968	394.8889	807.9	834.9	933.1	535999	120.60203	19.921024	135.27434	-35.12431	120.60219	19.92091	134.68944	-44.670574	-2.8862247	1.9153147	37.600895	-12.67872	-121.36068	3.2562125	12421.835223436356
135	657.7814	8.973376	673.07587	650.2943	289.6606	236.19081	714.26056	130.9751	369.8161	282.0437	718.95013	122.69358	488.8681	276.6942	717.6567	130.92757	1000.0	394.1	484.9	662.2	539999	120.52288	20.059069	133.73468	-35.693287	120.52306	20.058826	142.85832	-41.103855	-2.954738	1.8881166	41.37462	-14.6514225	-121.26512	3.0999303	12503.508962154388
136	437.18387	253.84749	667.36206	102.88302	560.9396	289.38675	809.68744	163.148	538.0775	301.6638	811.975	143.5854	588.73914	265.9541	807.93524	168.42957	644.5714	690.6	669.5	760.1	543999	120.55378	19.97156	133.60599	-51.950657	120.55336	19.971533	133.67952	-28.791182	-2.91241	1.9015641	36.240025	-12.726345	-121.308075	2.9343512	12592.090764522552
137	598.4541	107.37626	670.405	412.86115	651.1963	144.06004	809.1061	266.27765	588.7744	230.98654	807.2705	121.28693	499.06854	251.60236	742.6508	177.995	897.0	931.5	828.9	685.2	547999	120.51358	19.933172	133.82784	-39.24141	120.51365	19.933014	134.99806	-30.175655	-2.903447	1.987353	45.35799	-12.913746	-121.27047	2.9729009	12684.372843027115
138	454.25424	242.01022	684.9249	145.40143	568.2915	195.36725	721.33185	253.88731	450.59814	249.53981	718.7827	184.60304	531.5927	238.34059	756.4909	200.66031	658.7143	799.4	609.3	709.7	551999	120.54923	19.82983	136.53516	-50.312473	120.54897	19.828121	133.93684	-41.06105	-2.904109	1.8995031	40.18058	-11.987297	-121.28419	3.2411046	12771.806864500046
139	486.97964	163.21935	663.7664	267.26712	694.8742	37.413364	717.3431	616.3834	637.5163	171.51825	720.19904	135.78896	702.82434	49.199238	764.93134	609.11554	709.4	1000.0	913.0	1000.0	555999	120.45971	19.844543	134.99464	-54.67129	120.4601	19.845568	134.78183	-57.23495	-2.8849416	1.9023107	34.13489	-13.922373	-121.194435	3.2933788	12871.451296806335
140	659.81396	10.515836	672.26965	646.34454	549.6687	279.93225	871.94586	119.22271	544.1118	278.393	809.7855	105.32188	401.9402	313.81934	807.32715	130.34015	1000.0	741.7	738.9	491.6	559999	120.54212	19.913029	135.5344	-59.488472	120.54234	19.911112	134.59564	-44.9267	-2.8779404	1.9381135	32.553127	-12.703567	-121.2869	3.5020359	12956.989534378052
141	513.0923	182.15341	663.13403	268.00586	498.53326	283.13602	809.89935	143.9621	386.5808	288.84665	807.4333	119.05161	434.6185	278.5404	796.7565	144.33759	752.8	667.5	493.0	580.6	563999	120.60145	19.92764	134.98825	-50.935707	120.60151	19.92623	134.69897	-60.342644	-2.8889155	1.9252521	32.953205	-11.940293	-121.348976	3.4620516	13041.103967666626
142	401.3893	236.13858	678.16296	141.6285	623.02203	226.05528	808.04645	163.50946	589.4665	233.65485	801.547	132.55156	546.7057	246.1006	731.56744	169.77745	569.1429	841.3	825.2	753.2	567999	120.60898	19.843126	134.6276	-34.709404	120.60832	19.845087	134.8217	-71.021034	-2.904458	1.9297216	34.73946	-13.118708	-121.34964	3.1140053	13133.388278961182
143	563.7638	192.23738	667.57684	179.48636	518.01746	241.78024	717.952	190.25377	561.55585	261.77298	809.8233	148.58609	668.0711	149.56712	805.29346	238.70464	842.0	701.4	752.4	926.8	571999	120.62334	19.859228	134.82764	-54.972794	120.62385	19.857773	134.44493	-79.743484	-2.9252908	1.9100949	44.462723	-12.724132	-121.37315	3.2021904	13224.069068670273
144	345.51636	239.39874	660.0578	117.63877	267.32773	207.91376	724.39136	120.82196	445.5104	277.727	723.9047	110.69916	311.29425	270.4766	727.67224	113.16454	497.375	338.2	590.3	390.0	575999	120.69581	19.614988	134.87411	-50.663845	120.69616	19.615288	134.41652	-67.120636	-2.925381	1.9091783	39.160595	-12.883151	-121.43017	3.011375	13301.105639696121
145	590.3159	130.42415	664.979	329.93106	664.6204	141.2718	790.02454	263.28458	662.0829	156.30635	736.26514	202.53778	667.0706	165.77785	805.466	215.48062	891.8	929.4	921.2	897.9	579999	120.64153	19.745333	134.48082	-68.49013	120.6413	19.745129	135.30006	-28.663544	-2.9413733	1.902176	43.186283	-11.907699	-121.384575	2.966617	13396.894202709198
146	536.361	213.74725	664.436	166.19151	773.1647	69.09505	818.8793	619.6036	650.45447	262.47333	815.0208	129.8459	571.97205	254.53674	810.34515	172.10402	799.0	1000.0	826.3	729.5	583999	120.54154	19.598799	134.21222	-26.707684	120.54119	19.601095	134.31621	-47.122246	-2.9050615	1.9258701	37.945717	-13.180948	-121.26985	3.1912973	13489.63501405716
147	669.3896	14.70668	693.4727	654.29645	721.80725	53.579433	811.07837	613.3728	519.63654	263.59323	816.27344	150.00397	696.29517	56.437843	808.4795	615.73267	1000.0	1000.0	688.1	1000.0	587999	120.48762	19.438805	134.60873	-23.84386	120.48757	19.43749	134.04391	-37.070606	-2.909348	1.9102671	42.698624	-12.273684	-121.21872	3.2185953	13585.491800308228
148	578.4959	175.29251	677.66565	228.1989	454.48868	290.93198	811.49585	146.72206	638.1403	249.75996	811.1766	132.4005	595.45374	215.60825	804.46564	150.17932	854.4	588.4	831.3	836.1	591999	120.42388	19.3547	134.8642	-84.55145	120.424	19.355516	134.58812	-70.85004	-2.9407585	1.8829513	35.664772	-12.196009	-121.16319	3.1206686	13677.14300107956
149	562.5991	208.199	689.7446	146.90652	583.4478	198.41975	718.02155	172.52438	552.57904	234.0697	729.8472	161.26744	706.4436	26.772541	719.03687	626.4799	833.4	842.9	764.5	1000.0	595999	120.2737	19.254583	134.23709	-55.42254	120.27341	19.251717	133.97469	-47.73983	-2.9017527	1.9226967	45.580574	-13.978131	-121.00094	3.5098028	13771.834416627884
150	34.77129	128.51707	671.89886	0.37381366	28.165249	15.705607	49.203243	-1.8269609	29.074396	8.983466	49.37596	16.451412	23.734041	14.861522	50.059166	-1.8477314	55.506172	41.7	37.5	38.8	599999	127.47212	24.906324	337.0251	-134.24188	127.47321	24.90052	341.2143	-115.78194	-0.4862316	5.435721	106.90386	-14.374101	-130.67207	19.917103	13834.735619544983
151	52.66625	95.77562	531.08734	0.63481516	719.0887	36.346992	748.0894	634.6714	549.52936	232.60217	784.6171	46.83926	629.69055	205.13788	742.5207	30.187206	108.90323	1000.0	843.3	912.1	603999	161.18155	31.45303	272.31717	-174.7246	161.17972	31.447603	266.2454	-147.13754	-0.6522187	3.387401	46.716793	-13.064417	-162.70003	20.067081	13931.465045928955
152	131.41513	152.60129	565.3382	19.09671	897.304	5.2113256	902.35455	888.15857	891.8255	32.698196	914.4048	798.00946	881.2477	18.950556	895.5967	843.4844	256.66666	1000.0	1000.0	1000.0	607999	158.47073	28.651997	255.26242	-171.38933	158.46693	28.651905	268.93112	-150.648	-0.36300614	4.227432	40.090122	-13.673732	-160.75485	18.45135	14030.83476305008
153	98.97001	109.60108	667.7194	39.511753	282.95554	338.4192	803.18976	37.60748	230.91296	284.84186	797.3939	48.434547	349.1522	348.19455	779.3795	47.8602	115.268295	349.8	282.7	444.5	611999	221.18555	40.667038	274.17413	-191.39412	221.1845	40.68651	271.06213	-209.15541	2.1813533	3.2859936	45.73103	-13.335911	-226.27852	24.489931	14107.327422142029
154	310.74426	300.01196	712.53674	61.97386	272.55988	226.0992	711.12384	120.39068	353.9526	274.27933	709.3876	95.59428	381.9428	266.48508	705.4045	107.788445	428.75	361.0	491.7	562.8	615999	228.27118	36.02956	260.00574	-106.7287	228.27113	36.03189	260.6282	-136.88876	-1.4908289	2.7353532	47.48038	-14.540003	-229.38077	17.743362	14188.442157030106
155	434.44296	232.45451	662.7239	98.386856	610.35095	249.58598	806.6506	97.873764	233.9058	240.69255	715.2675	86.00133	544.77844	275.73242	771.5274	113.04465	633.3333	822.2	288.0	737.4	619999	208.68146	33.63293	238.82326	-72.901054	208.68422	33.63453	237.02254	-82.708145	-2.2469223	2.3555994	40.225636	-12.965397	-209.5113	12.76399	14274.39961385727
156	657.78723	9.671444	671.22	647.8183	341.48563	239.06947	718.1033	107.65576	260.67572	211.31104	713.34265	99.77685	344.1561	244.63445	716.8615	107.061646	1000.0	449.3	332.4	442.6	623999	191.10228	31.774015	217.525	-54.659615	191.10298	31.778236	222.48497	-63.184296	-2.6118076	2.2428634	43.916355	-14.05355	-191.90196	9.610964	14351.221858739853
157	653.5902	9.20275	667.38715	643.3089	771.8436	43.60407	810.8855	717.1359	621.1317	266.19867	808.77844	148.7949	788.70166	27.422066	807.88135	716.0974	1000.0	1000.0	771.7	1000.0	627999	176.90044	30.334839	202.35431	-52.755795	176.90154	30.3323	207.48064	-71.704796	-2.6647341	2.1566439	42.098347	-13.468618	-177.67299	8.219508	14448.173825025558
158	505.77393	237.50536	674.4933	37.338326	713.4381	3.119979	718.3177	707.4056	713.46643	2.552403	716.77106	708.6195	681.7722	47.487453	716.35974	609.20087	754.6667	1000.0	1000.0	1000.0	631999	165.77151	28.604319	189.67606	-54.39312	165.77159	28.604408	191.70937	-45.75	-2.680704	2.2281914	35.04897	-13.257987	-166.5435	7.5591207	14549.504832744598
159	567.61255	149.97774	656.95984	307.8861	714.5895	2.848544	719.0182	709.3487	712.5601	1.983831	715.4815	709.6191	584.0697	230.28647	715.1302	126.851074	858.25	1000.0	1000.0	826.2	635999	156.49193	27.51551	180.76408	-66.35796	156.4928	27.51407	183.96558	-77.023155	-2.6742263	2.2426715	31.495165	-12.299674	-157.25891	7.490343	14649.307942152023
160	653.336	7.8535805	661.4541	644.30035	594.56744	254.42616	810.4626	172.11465	636.5937	243.28075	815.78406	157.1633	536.98895	261.76266	808.74884	131.69766	1000.0	766.7	837.7	743.1	639999	149.11311	26.468872	170.70706	-95.69217	149.11324	26.4656	175.22119	-95.06933	-2.7075965	2.2217321	44.465317	-14.247638	-149.85506	6.576355	77463.33980703354
161	552.13196	207.49255	668.3649	137.419	694.22144	39.505173	717.0901	614.79346	573.2897	231.59038	717.847	107.43772	674.38403	46.49865	718.99896	613.85535	830.0	1000.0	823.1	1000.0	643999	143.30725	24.965887	160.59676	-138.01965	143.30788	24.962381	163.69775	-105.50387	-2.7342162	2.1891484	39.40306	-12.351059	-144.06339	6.2770424	77580.86212325096
