Epoch	AverageEpRet	StdEpRet	MaxEpRet	MinEpRet	AverageTestEpRet	StdTestEpRet	MaxTestEpRet	MinTestEpRet	AverageTransferEpRet	StdTransferEpRet	MaxTransferEpRet	MinTransferEpRet	AverageRandomEpRet	StdRandomEpRet	MaxRandomEpRet	MinRandomEpRet	EpLen	TestEpLen	TransferEpLen	RandomEpLen	TotalEnvInteracts	AverageQ1Vals	StdQ1Vals	MaxQ1Vals	MinQ1Vals	AverageQ2Vals	StdQ2Vals	MaxQ2Vals	MinQ2Vals	AverageLogPi	StdLogPi	MaxLogPi	MinLogPi	LossPi	LossQ	Time
1	20.17628	2.937915	36.620953	12.186616	59.260986	5.024653	69.267235	53.384815	61.897636	4.887211	70.418175	55.044857	63.429424	6.2333226	70.57868	50.27158	11.789941	41.2	42.9	44.1	3999	12.03315	7.5907817	28.830822	-3.3663378	12.032882	7.5905833	28.841417	-3.241279	-0.49553865	1.2863852	5.110859	-10.715686	-13.137885	0.7392874	59.321165561676025
2	19.919748	3.0417585	29.489182	9.414055	780.292	2.172121	783.9915	776.3666	641.2401	272.7194	783.1819	80.41204	777.238	5.477569	781.11584	762.30176	11.561959	1000.0	818.3	1000.0	7999	25.477392	13.342991	51.080467	-7.7067633	25.477377	13.341194	51.156487	-7.936723	0.2635174	1.8576463	10.753211	-12.166128	-27.976254	1.2241069	170.26772117614746
3	26.214367	59.59254	787.4337	13.130748	835.0449	236.80211	915.80743	124.65625	835.7001	235.83363	916.9948	128.21794	912.8002	2.1004672	915.56934	910.24493	19.331396	912.1	910.6	1000.0	11999	47.955376	22.198114	86.07267	-18.336662	47.95545	22.191854	84.559204	-16.81333	0.8063561	2.3779747	16.225983	-12.0758	-52.927483	5.6312733	284.36738872528076
4	158.74411	180.21013	767.033	70.38674	86.52696	6.7929482	98.84275	77.145134	89.83702	10.320651	112.69519	74.011505	84.83412	7.769177	102.043755	77.38049	172.40741	60.7	64.0	59.6	15999	67.31358	25.002867	97.5249	-21.407816	67.31352	24.994694	98.48073	-20.688652	0.62926686	2.425254	18.941536	-11.513358	-72.031586	10.61952	358.20319986343384
5	128.06398	53.004753	318.8961	65.24644	155.73184	14.292514	197.56645	145.11687	160.92589	18.087177	207.10342	139.84506	150.80305	4.52961	156.88654	144.28738	105.567566	113.3	115.5	104.4	19999	72.3663	25.53551	103.24131	-32.914574	72.36642	25.527124	105.362175	-22.392736	0.49242255	2.28922	24.37895	-11.530872	-76.328606	9.919217	433.55981397628784
6	250.23105	132.67758	564.2227	120.43777	907.5111	4.8120875	915.6182	900.379	905.0964	6.494881	915.4141	892.9264	904.28284	3.684461	910.98193	896.7072	241.125	1000.0	1000.0	1000.0	23999	73.24496	26.374916	106.26781	-27.735771	73.24405	26.37151	104.853264	-29.012342	0.30042925	2.2012315	19.373604	-10.573415	-76.52344	7.462978	537.7598049640656
7	727.0675	184.96826	866.6531	362.22983	907.47156	3.0908465	913.47253	903.52893	756.4054	293.13867	908.1304	148.2528	850.15594	167.74373	911.0225	346.99976	839.2	1000.0	825.4	932.6	27999	73.40974	24.749165	100.64025	-32.39066	73.40924	24.748446	100.17657	-28.607944	0.12802535	2.103161	18.169685	-11.114754	-76.159836	5.8749046	640.2826902866364
8	481.66293	279.00525	901.7378	163.63728	911.7067	2.9342592	915.4364	905.6294	910.3827	2.5162299	914.1396	906.53925	890.5421	40.06062	913.74805	810.3023	507.14285	1000.0	1000.0	1000.0	31999	73.3369	23.766264	100.803764	-29.990244	73.336815	23.76463	99.19034	-32.01	-0.025998943	2.0121226	19.081348	-10.10786	-75.72704	5.268167	746.8687160015106
9	483.75745	200.17793	768.0007	171.68402	890.695	41.9355	914.6311	806.6292	910.51044	5.52397	914.7557	894.97076	880.34	47.248035	914.694	807.4887	552.0	1000.0	1000.0	1000.0	35999	74.2807	22.31935	99.33848	-32.738323	74.28071	22.316126	98.687836	-27.75966	-0.134324	1.9631655	17.970528	-11.07804	-76.442154	4.6931443	851.743542432785
10	460.21088	255.56032	862.04987	151.28822	900.8371	6.0125594	911.2843	892.19415	831.1167	219.1363	911.7786	173.86322	796.33746	186.1516	921.4932	351.13565	508.625	1000.0	916.1	874.3	39999	74.87491	21.606972	105.03778	-35.66522	74.87497	21.606457	107.89988	-37.50087	-0.10741613	1.9022319	18.272797	-12.74129	-76.79805	4.6110506	953.1850759983063
11	313.06058	223.28564	976.22107	119.763115	206.68747	67.65445	259.1027	74.21148	497.50815	333.87888	910.93854	162.07535	250.15317	70.55439	454.72925	208.74194	284.14285	173.1	515.9	217.2	43999	76.43748	20.81175	108.881195	-38.0932	76.43743	20.810137	108.75594	-36.741634	0.095268585	2.028906	18.567595	-12.748302	-78.278015	5.2069383	1040.6538665294647
12	222.47191	68.08739	378.0892	61.974968	342.09103	127.92978	558.273	182.21785	514.8793	272.7946	917.7041	189.41933	354.94098	129.60805	657.3439	239.29027	150.11539	234.2	446.2	245.5	47999	78.19878	21.20563	109.58587	-38.46411	78.198746	21.202663	110.746994	-36.894028	0.04277728	1.9872795	21.389599	-11.164648	-79.91827	5.5455427	1122.0770270824432
13	448.92627	277.69214	966.7914	44.805912	1022.74786	55.138107	1098.2017	921.3073	1023.8249	117.43839	1240.5953	896.52423	1043.1592	35.00771	1090.7241	987.3678	318.91666	1000.0	1000.0	1000.0	51999	79.45939	22.03747	114.11562	-43.393757	79.459435	22.033995	113.612946	-49.648357	0.15110154	2.0045047	18.597136	-13.992237	-81.07589	6.309602	1225.504760503769
14	838.0433	305.2743	1173.0386	277.22763	1289.3655	59.941673	1394.2543	1178.389	996.869	304.3183	1299.791	222.84201	1166.5696	136.98827	1339.9417	907.4252	719.0	1000.0	889.3	1000.0	55999	81.34683	21.927553	116.694466	-46.41339	81.34707	21.925097	118.294556	-34.934643	0.12822665	1.963915	21.660177	-12.010216	-82.88773	6.5250053	1328.4284000396729
15	1032.0663	81.99348	1162.7418	936.68396	760.62146	468.9226	1521.388	214.14096	1104.4031	430.28534	1581.6119	286.38818	863.625	357.77383	1535.4926	307.62137	1000.0	500.8	759.0	530.6	59999	83.41153	21.699017	119.47023	-43.02192	83.41134	21.696524	119.33056	-36.88498	0.050926864	1.9363695	18.858252	-13.422123	-84.861534	5.628596	1419.1272282600403
16	757.37726	532.79425	1376.6719	140.13454	1211.3513	376.9401	1422.0402	424.02762	1206.0142	342.23624	1400.6438	208.98808	1354.3512	52.124012	1431.2687	1222.599	625.7143	865.9	892.9	987.1	63999	85.65019	21.714314	124.41085	-40.05411	85.65005	21.712313	124.61749	-54.934795	0.04935337	1.9136741	19.212383	-11.511169	-87.0388	5.330922	1518.0178380012512
17	853.16064	363.2541	1309.5679	237.70872	1499.4846	12.248559	1514.796	1480.9242	1371.708	372.29236	1604.5615	268.0203	1485.6267	17.699076	1512.2305	1458.3918	694.0	1000.0	922.3	1000.0	67999	88.15932	22.364954	126.10257	-42.929512	88.15958	22.35938	124.94041	-33.515892	0.07517422	1.8792474	21.93914	-10.656348	-89.49195	5.8786764	1618.6330139636993
18	1050.2882	451.1861	1429.1636	267.18198	1377.2417	11.433165	1393.0692	1352.8204	1361.1108	48.399044	1418.8822	1272.7948	1371.3647	9.36392	1389.3125	1362.6714	780.3333	1000.0	1000.0	1000.0	71999	90.27368	22.952778	126.76871	-91.32321	90.27309	22.95091	127.51949	-53.17787	0.14006552	1.8859288	19.738895	-12.661537	-91.5435	6.6886835	1720.314232826233
19	1381.5564	21.348637	1403.3899	1346.4666	1526.4138	16.171228	1561.3062	1499.7805	1523.6672	57.582172	1605.7883	1430.8741	1545.4922	29.220324	1592.3765	1498.1292	1000.0	1000.0	1000.0	1000.0	75999	92.78811	22.982477	129.78748	-43.174515	92.78752	22.982975	129.61557	-57.415936	0.11148015	1.8664507	24.147453	-13.60274	-94.050095	6.146557	1827.9353086948395
20	987.8862	455.09518	1432.2046	393.79352	1539.8904	50.172314	1637.4564	1472.3	1393.322	455.0824	1683.1626	74.47773	1596.6469	36.126415	1653.0054	1506.861	683.3333	1000.0	905.4	1000.0	79999	95.11927	23.15257	132.72346	-50.105465	95.11945	23.150251	133.1005	-37.458225	0.07540502	1.8345107	17.794575	-11.150642	-96.3541	5.8602495	1935.229858636856
21	1345.0969	178.84122	1467.1906	1036.027	772.7023	461.48654	1564.952	191.40958	660.17236	352.95346	1431.6665	189.05553	1079.3113	440.9272	1535.4078	339.0713	919.75	512.7	439.4	710.7	83999	97.64417	23.212954	135.46169	-44.596306	97.64397	23.212824	135.88396	-58.263294	0.032758463	1.845044	21.15953	-12.411903	-98.83087	6.0588927	2027.4343492984772
22	1071.6161	364.75357	1540.3927	717.26215	1744.1125	13.454017	1777.5508	1722.7227	1763.4125	56.29937	1848.6725	1657.3422	1746.905	12.057288	1767.0511	1731.7836	718.0	1000.0	1000.0	1000.0	87999	100.0831	23.636171	136.3389	-39.62203	100.08325	23.63818	136.79869	-50.253807	0.1133966	1.8494712	20.74072	-12.569584	-101.242065	6.452591	2139.0454964637756
23	1189.3048	348.36783	1546.9069	773.6666	1583.0553	29.264965	1618.2197	1512.09	1532.8002	54.63631	1630.9362	1432.8549	1567.4622	20.687859	1601.2632	1530.2714	778.5	1000.0	1000.0	1000.0	91999	102.44662	23.844372	138.60933	-63.0985	102.44639	23.84544	139.12935	-40.299217	0.10584407	1.8273697	19.052872	-11.646699	-103.57213	6.743956	2243.2251160144806
24	1531.1041	16.356815	1551.328	1514.9015	1804.968	25.697432	1849.0565	1776.223	1810.364	121.80842	2041.0526	1565.0986	1781.6345	24.9249	1827.4818	1737.3376	1000.0	1000.0	1000.0	1000.0	95999	104.47316	24.045527	140.08817	-59.919273	104.47274	24.048244	140.60767	-72.767235	0.09150854	1.7799242	25.018478	-10.9844265	-105.54292	6.8224006	2348.4462454319
25	1539.9863	54.107437	1607.7927	1474.8523	1847.3773	21.934975	1887.0972	1809.7705	1830.2223	173.1568	2140.598	1521.4531	1862.2184	41.272663	1914.0922	1793.9708	1000.0	1000.0	1000.0	1000.0	99999	106.40901	24.21413	143.98145	-56.744015	106.40909	24.210466	143.47131	-51.842995	0.13372332	1.7969515	21.841732	-11.60015	-107.46389	6.3187776	2453.442088842392
26	1597.1968	67.57189	1664.1604	1487.6897	1671.1345	14.503205	1696.485	1653.9822	1801.345	116.473526	1945.974	1642.4401	1682.4358	14.011942	1707.0846	1660.5917	1000.0	1000.0	1000.0	1000.0	103999	108.44407	24.569817	144.19054	-47.747143	108.44374	24.569946	145.52292	-53.87776	0.10677611	1.7850349	19.651863	-12.641639	-109.474	6.1816087	2557.949641942978
27	1331.0652	473.89383	1749.58	440.88574	1578.3566	43.86933	1656.4889	1503.3801	1610.8545	246.82698	1986.2877	1159.1127	1596.8688	50.005943	1689.5209	1524.9409	811.2	1000.0	1000.0	1000.0	107999	110.45348	24.744898	147.75638	-51.011177	110.45295	24.746178	148.363	-49.943375	0.1399639	1.7894973	19.349577	-11.365394	-111.44682	6.4922185	2664.688183069229
28	1303.5945	398.99744	1676.5872	678.323	1829.2094	20.346464	1847.875	1783.2697	1729.8411	153.28221	1938.0833	1428.7594	1793.3762	15.813315	1815.4016	1765.6321	811.0	1000.0	1000.0	1000.0	111999	112.39467	24.94984	149.12679	-69.457596	112.39464	24.948322	149.16599	-75.08851	0.14805174	1.7965974	17.810537	-12.864327	-113.35821	6.676123	2773.3644223213196
29	1686.5271	21.9454	1713.8009	1661.3739	1980.2219	5.2996964	1993.0226	1973.6396	1951.6846	53.353416	2073.1724	1858.1677	1973.7556	13.577409	1996.755	1951.616	1000.0	1000.0	1000.0	1000.0	115999	114.37988	25.211403	151.01155	-75.643974	114.3795	25.210257	150.14114	-70.780685	0.16271408	1.796667	21.469955	-12.6444435	-115.3295	6.6657424	2879.8287160396576
30	1719.8698	56.638535	1812.2473	1660.8639	2074.1772	10.272523	2091.0513	2055.7246	1990.8809	49.36715	2070.6033	1925.2756	2059.892	11.817758	2084.6765	2036.9656	1000.0	1000.0	1000.0	1000.0	119999	116.57605	25.468008	151.96611	-91.45896	116.57597	25.46588	152.60913	-67.93032	0.16606922	1.7804271	28.323742	-13.902599	-117.49692	6.469335	2984.220965385437
31	1700.3318	54.866917	1763.8579	1630.3881	1970.6217	18.990866	2005.3218	1940.7793	1895.7386	231.59294	2109.1995	1450.6135	1961.8969	14.765278	1986.9597	1940.1025	1000.0	1000.0	1000.0	1000.0	123999	118.58519	25.670918	153.4941	-46.65658	118.58482	25.672028	153.29674	-50.30087	0.18539056	1.7845336	20.559595	-11.951673	-119.495316	6.6595335	3091.155604362488
32	1743.1995	49.831432	1826.4886	1699.1221	1961.821	18.957294	1987.5093	1919.2439	1934.0789	85.86533	2072.096	1773.0455	1954.4958	15.213188	1974.2281	1925.7828	1000.0	1000.0	1000.0	1000.0	127999	120.56044	25.665716	154.78824	-62.76525	120.56033	25.66445	155.15454	-58.99255	0.1712975	1.7777951	28.111591	-10.709235	-121.451546	6.379157	3199.139304637909
33	1753.457	42.300804	1794.0847	1682.4409	2136.813	7.127029	2147.2805	2126.9458	2057.8906	66.14964	2141.8982	1901.4265	2117.7056	10.374706	2133.8137	2096.3262	1000.0	1000.0	1000.0	1000.0	131999	122.60006	25.780357	157.14265	-48.535854	122.60003	25.781895	157.0562	-34.365658	0.18853869	1.7706558	18.717485	-10.037123	-123.50174	6.430329	3307.2951674461365
34	1774.0438	23.962719	1810.333	1743.8492	2152.5415	7.239383	2168.9949	2143.576	2057.2412	54.011925	2122.5627	1931.3176	2148.6802	7.848256	2156.9028	2134.0588	1000.0	1000.0	1000.0	1000.0	135999	124.60246	25.818178	158.28233	-90.69745	124.6022	25.817478	159.32396	-61.471725	0.20179945	1.775551	20.253433	-13.701933	-125.47556	6.5646086	3410.4135880470276
35	1757.8464	50.52459	1830.9357	1691.0427	2013.693	11.679782	2037.0945	1999.3405	1975.7543	99.33379	2179.9497	1832.2241	2022.3799	9.907959	2035.5032	2005.3376	1000.0	1000.0	1000.0	1000.0	139999	126.25684	26.026749	160.31638	-57.067543	126.2567	26.025187	160.4973	-62.55858	0.20543489	1.7743334	17.973135	-11.276251	-127.1137	6.5067673	3515.032730817795
36	1914.6643	20.097404	1938.2883	1882.8489	2039.8011	8.357782	2051.145	2022.7576	2058.4019	50.4699	2151.6848	1994.7968	2049.8835	6.4332767	2059.8772	2039.9209	1000.0	1000.0	1000.0	1000.0	143999	127.99032	26.173092	161.09079	-64.16728	127.99009	26.174871	162.48605	-76.31008	0.2527812	1.7481933	20.620638	-13.610178	-128.82683	5.7851686	3620.0001921653748
37	1847.7969	13.878219	1867.9087	1828.6946	1974.7351	6.355543	1983.9948	1961.7595	1918.1648	65.493805	2032.0308	1820.5812	1991.5511	5.7978506	2000.8901	1980.979	1000.0	1000.0	1000.0	1000.0	147999	129.81201	26.217772	163.5283	-77.66574	129.81197	26.220564	163.67032	-89.167206	0.2548309	1.7677678	21.343298	-11.863129	-130.65892	6.3577247	3721.3125126361847
38	1873.916	14.234761	1896.4094	1857.6769	1963.5803	3.4783525	1968.3987	1957.4249	1937.8904	54.776077	2022.7687	1855.8219	1952.4922	10.49252	1974.1533	1938.5776	1000.0	1000.0	1000.0	1000.0	151999	131.74573	26.326014	165.37175	-69.87275	131.74564	26.327482	166.05978	-72.33652	0.25924852	1.760565	20.240595	-10.539108	-132.56416	6.2774973	3826.104816675186
39	1879.6536	33.99101	1918.8412	1845.0516	1996.526	8.415958	2011.9215	1984.6736	1976.865	53.649563	2102.7664	1890.0664	2000.4314	12.607638	2018.839	1972.8938	1000.0	1000.0	1000.0	1000.0	155999	133.31108	26.705744	170.0899	-80.35673	133.3108	26.70954	169.54688	-75.92848	0.26113233	1.7549429	18.41692	-12.541159	-134.10094	6.3410683	3929.522093772888
40	1888.1816	22.619581	1919.7899	1864.6562	1970.8801	7.6908073	1979.4631	1954.2656	1996.8785	70.49843	2107.7676	1858.7772	2012.404	19.602911	2031.9299	1960.9719	1000.0	1000.0	1000.0	1000.0	159999	135.23088	26.52736	171.28114	-56.910667	135.2308	26.527878	171.90048	-63.20444	0.2837602	1.7532372	20.226788	-11.475891	-136.00314	6.111286	4032.538191318512
41	1863.2017	38.624622	1906.8259	1809.9941	1955.5433	6.8811364	1965.6744	1942.8706	1938.6912	39.47694	2003.6384	1863.7522	1942.7922	8.784847	1956.0359	1930.3595	1000.0	1000.0	1000.0	1000.0	163999	136.76768	26.964108	173.59135	-44.21268	136.76776	26.96451	173.88199	-68.60157	0.3305266	1.7563198	19.559988	-11.719175	-137.55316	6.285531	4138.003073692322
42	1827.6003	50.08882	1883.8856	1775.0061	1783.2112	7.2816744	1795.3323	1767.7882	1766.0227	115.848915	1984.3431	1636.0715	1764.4701	15.705689	1785.8567	1727.6154	1000.0	1000.0	1000.0	1000.0	167999	138.49847	26.772783	176.27757	-81.15136	138.49841	26.774143	177.94702	-48.838066	0.2792584	1.7666777	27.163828	-11.524256	-139.24208	6.1072464	4239.463410615921
43	1852.3308	41.42439	1880.9264	1781.0658	2041.3826	12.7247505	2056.4844	2017.8536	2016.3024	133.22322	2163.989	1734.292	2023.4313	15.53419	2038.4244	1985.3925	1000.0	1000.0	1000.0	1000.0	171999	139.72083	26.893293	177.32304	-46.08453	139.72076	26.892887	180.54861	-56.31719	0.32883018	1.7445823	23.621422	-11.756624	-140.48006	6.3058963	4340.570705652237
44	1567.862	621.27356	1908.1805	326.38797	1888.2087	7.482738	1901.845	1875.7662	1905.683	124.56194	2134.1577	1697.0111	1904.3064	11.913979	1922.2872	1884.7971	841.0	1000.0	1000.0	1000.0	175999	140.95581	26.959734	178.73999	-125.06898	140.95607	26.959341	181.97266	-104.72322	0.32452208	1.7585136	22.20623	-12.976435	-141.66997	5.9954567	4444.8579177856445
45	1903.3682	39.406376	1965.1758	1858.9576	2019.8684	12.958452	2038.6658	2000.2034	1961.0154	144.11755	2060.5837	1555.1393	2037.6035	14.465901	2068.7312	2015.8875	1000.0	1000.0	973.9	1000.0	179999	142.15872	27.001081	179.42404	-75.11119	142.15877	27.00052	179.89053	-79.366516	0.323075	1.7545744	21.960045	-11.235136	-142.89865	6.1952276	4547.668919324875
46	1867.5137	20.65847	1890.4481	1835.4144	2037.877	10.790616	2050.6912	2015.0056	1980.209	116.79543	2147.203	1802.6302	2025.1943	17.959421	2042.592	1979.9135	1000.0	1000.0	1000.0	1000.0	183999	143.43542	27.02882	180.81323	-70.16224	143.43549	27.029888	180.80943	-131.38959	0.3499386	1.7667273	21.775585	-12.0831785	-144.14012	6.0956717	4648.100961446762
47	1651.6266	334.67032	1869.1531	987.4634	2039.7263	10.241126	2049.3281	2013.7651	1965.1748	95.49745	2090.5989	1809.3452	2031.0647	8.250943	2046.9066	2020.3755	909.4	1000.0	1000.0	1000.0	187999	144.7074	26.85467	181.0997	-63.306965	144.7073	26.853193	180.95831	-82.78477	0.3217017	1.7719766	28.667938	-11.933166	-145.41502	6.3035607	4749.79231095314
48	1914.9934	35.834522	1943.4437	1855.5016	1967.1416	30.483086	2015.1383	1912.8788	1948.3909	132.70473	2148.5886	1754.8793	1933.235	21.029211	1963.6863	1904.1699	1000.0	1000.0	1000.0	1000.0	191999	145.61137	26.972525	182.04741	-69.68459	145.61115	26.974825	183.20177	-75.42387	0.332755	1.7356408	29.922476	-11.355027	-146.28107	6.321512	4851.126144647598
49	1705.5798	439.50482	1983.8604	944.9256	2127.454	8.319819	2137.6294	2113.9275	1939.1533	402.308	2215.6963	758.6948	2124.3716	16.90051	2154.458	2088.408	871.25	1000.0	935.5	1000.0	195999	146.57925	26.774042	187.25189	-65.01103	146.57909	26.772467	186.84863	-72.2699	0.33727533	1.7449917	27.09659	-11.515364	-147.227	6.1159697	4953.291848421097
50	1694.9711	494.26804	2002.0197	708.59296	2047.8838	8.4649315	2059.8032	2031.879	1971.4211	76.0986	2104.0154	1856.7657	2031.8577	12.119437	2048.5637	2005.208	873.2	1000.0	1000.0	1000.0	199999	147.35144	26.74961	187.17874	-49.226818	147.35172	26.749163	186.88213	-84.143326	0.38392413	1.7449237	20.310307	-11.404669	-148.01527	7.326315	5056.332674026489
51	1834.9961	106.27742	1942.634	1658.3387	2090.8247	10.6074	2112.008	2075.8354	2052.623	74.041176	2148.93	1915.2118	2089.606	11.603051	2108.8652	2074.5144	979.0	1000.0	1000.0	1000.0	203999	148.08105	26.802338	188.04639	-70.80396	148.08084	26.798683	187.6413	-42.343513	0.3607109	1.729588	25.326704	-13.316467	-148.72577	6.7603855	5161.838587999344
52	1932.8773	48.37894	2001.267	1883.4567	2042.3353	8.558435	2057.7004	2027.506	2053.9165	65.191956	2199.6912	1951.7439	2050.225	8.359013	2066.0476	2036.9766	1000.0	1000.0	1000.0	1000.0	207999	148.54521	27.102757	188.49359	-47.920612	148.54555	27.09968	188.2656	-48.418423	0.3494971	1.747533	25.97733	-12.6920395	-149.16972	7.3193445	5265.943674564362
53	1905.968	21.028658	1933.371	1874.4526	2043.7975	5.861816	2056.654	2035.1864	2003.988	47.855274	2066.4568	1921.4125	2046.0283	7.313789	2061.598	2037.4594	1000.0	1000.0	1000.0	1000.0	211999	149.21568	27.018242	187.95047	-40.23808	149.2154	27.016384	187.94292	-41.654938	0.3222444	1.7562627	27.906094	-14.0747795	-149.81085	6.4965105	5368.372186422348
54	1950.607	20.176113	1983.9867	1932.9386	2185.937	9.209356	2196.3582	2171.192	2103.065	66.18485	2221.5479	2006.7373	2167.4578	13.306734	2183.139	2141.9768	1000.0	1000.0	1000.0	1000.0	215999	150.05077	26.739746	188.6572	-58.017765	150.05	26.73745	188.91891	-110.49587	0.33916003	1.7555335	20.606768	-11.541752	-150.66174	6.431993	5472.478080272675
55	1945.5256	23.331886	1981.8214	1919.5978	2068.934	7.6064105	2083.502	2058.2861	2002.2806	59.4354	2113.1384	1891.5266	2079.389	5.6981235	2087.245	2069.9011	1000.0	1000.0	1000.0	1000.0	219999	150.71635	26.546772	189.00935	-52.756203	150.71657	26.548304	188.34273	-64.203636	0.37164208	1.7530068	30.388165	-11.626211	-151.29504	6.991015	5576.736932754517
56	2013.352	24.815945	2055.2012	1992.8855	2001.7369	5.440731	2010.057	1991.9098	2038.9998	96.435005	2153.8252	1848.0865	2007.5735	7.654595	2023.4557	1998.5331	1000.0	1000.0	1000.0	1000.0	223999	151.37177	26.605597	189.33057	-66.75208	151.3716	26.604393	189.84996	-90.834595	0.38478047	1.7346224	21.951174	-13.304279	-151.95047	6.849426	5683.846412420273
57	2004.1301	39.86623	2053.698	1944.3148	2104.004	6.465137	2111.6401	2091.0137	2110.786	58.023064	2198.467	2029.376	2099.808	13.907659	2120.943	2079.6333	1000.0	1000.0	1000.0	1000.0	227999	151.93956	26.704885	190.87465	-80.635925	151.93938	26.70424	190.17052	-68.79486	0.35811684	1.769283	24.4938	-13.753289	-152.51678	6.5747137	5784.862829208374
58	2038.0131	41.362392	2070.6257	1969.3174	2133.1697	4.5995717	2138.248	2123.1003	2147.465	81.03141	2277.9001	2013.1472	2143.49	8.423464	2155.406	2129.2336	1000.0	1000.0	1000.0	1000.0	231999	152.87692	26.21945	189.99196	-89.295105	152.87685	26.2173	190.38371	-71.00634	0.35903925	1.7527177	22.946854	-11.696442	-153.40294	6.1058536	5889.39434671402
59	2009.4043	21.286911	2045.3854	1989.9822	2129.058	5.162502	2135.0068	2121.0142	2123.7395	87.30185	2266.0417	1941.9089	2128.8386	12.811041	2142.8745	2093.8706	1000.0	1000.0	1000.0	1000.0	235999	153.20135	26.59573	191.31186	-56.174103	153.20068	26.598015	191.21072	-90.2808	0.3845816	1.7770588	21.70341	-11.520309	-153.71887	6.712529	5990.4640436172485
60	2001.8135	17.89883	2021.7172	1979.8066	2127.309	21.50916	2158.238	2091.3936	2093.718	93.66836	2246.9229	1925.8257	2130.4143	14.428739	2155.4363	2108.3064	1000.0	1000.0	1000.0	1000.0	239999	153.68614	26.615993	191.50839	-56.43853	153.68622	26.609869	190.74466	-47.15728	0.38074785	1.7688516	17.822767	-10.868406	-154.2181	6.2697988	6092.668556928635
61	1687.4036	630.99896	2050.7341	427.0808	2089.1965	6.6332364	2099.9973	2078.6829	2091.8994	56.818275	2164.6956	1990.757	2098.308	7.0595303	2110.1504	2085.3916	847.0	1000.0	1000.0	1000.0	243999	154.30542	26.59396	191.572	-39.375813	154.30508	26.596504	191.57874	-102.71704	0.39059946	1.7457227	18.401638	-12.736959	-154.80016	6.8603654	6194.935919523239
62	2027.7107	40.24559	2070.1975	1961.8431	2088.151	4.985577	2097.1082	2081.6475	2051.6265	75.42441	2158.4084	1937.3636	2086.965	8.971554	2104.8738	2073.7346	1000.0	1000.0	1000.0	1000.0	247999	155.0045	26.454945	193.58217	-84.46177	155.00417	26.453741	193.47043	-81.005844	0.3803123	1.760711	19.773506	-10.790844	-155.51942	5.978534	6297.7308847904205
63	2006.6948	43.680088	2076.6438	1969.5992	2082.1995	8.729539	2098.3223	2064.936	2031.1487	80.382774	2193.0054	1866.999	2076.897	6.7276225	2084.6301	2066.5593	1000.0	1000.0	1000.0	1000.0	251999	155.66512	26.365576	195.72432	-57.31827	155.66573	26.361319	194.99446	-51.39223	0.3968025	1.779178	19.69924	-11.503908	-156.15446	5.9136605	6403.783324956894
64	2036.6105	30.649208	2075.2405	2004.2773	2148.488	7.487419	2155.4084	2132.9365	2140.9336	80.37598	2305.4038	2044.171	2149.141	9.00391	2160.7527	2130.619	1000.0	1000.0	1000.0	1000.0	255999	156.07417	26.435682	196.59775	-70.38068	156.07394	26.433233	195.586	-63.030586	0.40665793	1.7583712	19.149473	-11.079288	-156.55682	6.276361	6509.442819595337
65	2004.9509	18.296556	2029.8335	1978.9834	2080.8716	4.4852033	2086.6306	2072.0723	2072.988	51.023273	2160.2253	1990.4182	2075.7285	8.597714	2091.4817	2063.6956	1000.0	1000.0	1000.0	1000.0	259999	156.63515	26.336744	196.47368	-67.38549	156.63414	26.336683	196.37842	-53.893448	0.39826486	1.7736855	32.206184	-12.284609	-157.10036	6.583212	6612.8919069767
66	2023.8365	51.818775	2096.62	1963.3497	2131.52	11.447386	2146.727	2111.9082	2145.9612	80.8884	2277.525	1991.2029	2124.9187	15.210139	2141.7961	2089.254	1000.0	1000.0	1000.0	1000.0	263999	157.1113	26.43798	196.58542	-87.63191	157.11159	26.435638	196.36076	-52.766888	0.37979183	1.7827076	23.320343	-11.619352	-157.57893	6.628832	6717.09743309021
67	2043.5936	25.261755	2085.6426	2022.0804	2106.1843	9.126369	2116.3367	2080.9656	2128.886	74.9858	2266.9246	2010.8911	2113.6812	7.8811064	2125.9548	2098.5051	1000.0	1000.0	1000.0	1000.0	267999	157.63779	26.153587	196.9336	-58.125896	157.63872	26.15137	199.4863	-80.44494	0.38609082	1.7600113	20.333454	-12.527781	-158.07602	6.7375712	6823.617213964462
68	1958.4142	191.84308	2072.949	1626.1566	2120.7495	10.487905	2139.2415	2107.4014	2103.0562	69.777565	2235.3352	2020.9055	2122.8079	13.564528	2144.2554	2098.153	947.5	1000.0	1000.0	1000.0	271999	158.24046	26.020031	197.17482	-51.040913	158.24	26.019142	196.61667	-87.3234	0.41797754	1.7852882	19.166494	-11.5135975	-158.67972	6.3273253	6928.328179597855
69	2094.6167	15.972346	2116.599	2076.299	2032.5668	6.0804725	2039.5767	2016.4174	2017.6305	108.2653	2221.3508	1842.119	2039.2646	12.491786	2056.276	2010.78	1000.0	1000.0	1000.0	1000.0	275999	158.89438	26.007906	199.27895	-89.10665	158.89487	26.008135	198.10081	-86.97129	0.42206782	1.748589	18.13113	-12.654547	-159.32802	6.0018134	7034.1793649196625
70	2061.1938	14.280043	2077.8489	2045.2004	2158.2522	5.5416145	2169.959	2149.3115	2163.121	99.69798	2317.491	2016.4686	2151.502	15.11322	2167.8208	2122.383	1000.0	1000.0	1000.0	1000.0	279999	159.27707	26.212769	199.12875	-90.197426	159.2775	26.213316	197.84322	-75.85993	0.4211367	1.7637762	49.29613	-10.717966	-159.70947	6.078041	7137.964198112488
71	2065.3594	32.72675	2089.8032	2009.0339	2264.9663	11.433763	2276.7732	2236.5735	2229.1504	50.809906	2318.3286	2128.833	2267.7422	6.3569183	2277.8015	2258.0127	1000.0	1000.0	1000.0	1000.0	283999	159.90941	26.047693	199.64113	-100.16869	159.90997	26.046728	198.4845	-60.854492	0.42249337	1.7671521	31.028257	-10.791437	-160.33441	6.773324	7240.01389837265
72	2099.94	28.963022	2127.3445	2052.7957	2100.6384	7.9942517	2109.6565	2079.2998	2058.6187	166.78807	2198.6953	1580.1396	2093.1394	11.04075	2109.0518	2069.9592	1000.0	1000.0	1000.0	1000.0	287999	160.48933	26.273024	202.4002	-58.248344	160.48997	26.2734	201.92714	-51.999165	0.419324	1.7757834	43.14972	-12.743214	-160.90327	5.930404	7345.727869749069
73	1866.3461	312.65237	2109.9746	1330.0216	2144.872	8.002696	2159.344	2131.3867	2065.4036	80.13774	2211.8372	1933.2172	2140.1028	7.399313	2153.2788	2128.342	914.75	1000.0	1000.0	1000.0	291999	161.01532	26.063408	202.11807	-68.159966	161.01581	26.063093	203.37505	-71.46446	0.41745272	1.7839628	29.717089	-11.592364	-161.4305	5.871457	7453.65265417099
74	2067.2551	29.501835	2100.9373	2034.586	2043.3424	9.35375	2058.6077	2025.4708	2014.223	142.59274	2245.039	1796.0638	2039.6926	15.385462	2064.859	2014.1763	1000.0	1000.0	1000.0	1000.0	295999	161.53444	26.053473	201.51175	-59.54735	161.53471	26.055107	201.80536	-64.94421	0.3905726	1.7705766	37.928123	-14.176036	-161.94052	6.649291	7556.913799524307
75	2055.001	24.260267	2090.2422	2023.3038	1924.7314	23.127602	1976.2084	1888.7954	1911.7537	153.39122	2164.0447	1637.2073	1938.0162	27.864332	1980.7456	1891.9587	1000.0	1000.0	1000.0	1000.0	299999	162.14026	25.80017	203.59578	-69.11525	162.13927	25.798458	203.32167	-79.96902	0.38214114	1.7568674	37.830055	-12.513404	-162.50656	5.4968257	7659.720404624939
76	2049.1724	10.973466	2059.9817	2031.1241	1930.6667	10.285114	1946.2352	1911.6129	1915.7783	110.84037	2083.264	1736.1382	1963.9929	15.354027	1978.4603	1930.6637	1000.0	1000.0	1000.0	1000.0	303999	162.58804	25.623175	202.86913	-79.43266	162.58812	25.621183	204.48607	-72.22483	0.4157598	1.7773001	43.084675	-10.395762	-162.97588	6.8680277	7761.3490335941315
77	2061.8804	75.727806	2114.0376	1931.073	2002.4092	6.838413	2011.444	1986.282	1999.5525	60.920147	2111.0422	1878.0154	2011.691	12.031652	2030.2849	1991.3192	1000.0	1000.0	1000.0	1000.0	307999	162.96774	25.544973	203.79955	-94.04767	162.9686	25.543612	204.55428	-133.9771	0.41101083	1.7437177	22.094389	-10.489295	-163.31204	6.599538	7866.413951158524
78	2025.8557	42.037617	2080.7175	1970.6609	2092.3513	12.561915	2106.498	2069.5417	2004.8395	111.86768	2211.865	1808.7871	2085.8672	14.37688	2115.6304	2062.6404	1000.0	1000.0	1000.0	1000.0	311999	163.42783	25.448704	205.68915	-68.57653	163.42767	25.452074	204.44011	-112.28442	0.39839906	1.7789737	28.568344	-11.534193	-163.78491	6.562499	7969.585458993912
79	2094.0776	49.62739	2125.8025	2008.1842	2163.7297	22.022482	2191.857	2105.449	1993.6299	241.12737	2201.4749	1516.8654	2165.3865	15.800462	2178.6506	2125.5876	1000.0	1000.0	1000.0	1000.0	315999	163.69276	25.452354	203.41718	-75.01281	163.69373	25.452925	204.1714	-97.06548	0.3798075	1.7395791	25.880785	-12.34836	-164.05771	6.671985	8074.1501343250275
80	2088.009	25.159908	2119.767	2050.35	1977.0033	10.912426	2005.4423	1963.6484	2016.638	127.27767	2246.4902	1857.696	1993.5017	19.170166	2023.4371	1957.0566	1000.0	1000.0	1000.0	1000.0	319999	163.98619	25.88003	203.62453	-66.30267	163.98679	25.878813	204.4713	-79.70302	0.42108122	1.7599146	26.296957	-11.662447	-164.33597	6.8217425	8179.337170600891
81	2097.1013	15.76973	2123.23	2083.9316	2132.2622	23.643215	2178.2854	2104.509	2080.87	83.55299	2188.68	1911.4968	2125.7002	16.884584	2156.2144	2105.8848	1000.0	1000.0	1000.0	1000.0	323999	164.54358	25.50089	203.77318	-127.553345	164.54454	25.500208	203.80168	-89.44039	0.40180162	1.772898	20.251173	-11.833412	-164.88106	6.580458	8284.910473585129
82	2052.229	49.893707	2094.514	1967.1868	2118.2769	7.020644	2131.4255	2109.6582	2100.0593	119.697	2286.7737	1915.9095	2126.5872	14.011739	2154.7166	2110.361	992.25	1000.0	1000.0	1000.0	327999	165.05939	25.388882	204.45483	-70.22125	165.05885	25.394472	203.44304	-125.406815	0.40936697	1.7853757	20.923069	-11.194258	-165.38441	6.469719	8390.896268367767
83	2119.148	5.373941	2124.7207	2110.7065	2237.7527	7.134101	2248.2417	2227.2373	2170.2214	90.69203	2337.2583	2056.4824	2224.534	9.955365	2242.0063	2202.3232	1000.0	1000.0	1000.0	1000.0	331999	165.41484	25.764761	205.40402	-48.540245	165.41563	25.767723	203.62277	-47.422253	0.4049516	1.7694767	19.29243	-12.28452	-165.7617	6.35392	8494.204022884369
84	1743.2002	785.4122	2161.7234	172.69162	2054.0474	17.084045	2076.1108	2014.0552	2003.6619	113.17753	2157.1372	1751.7369	2042.9791	19.241013	2075.6833	2014.7163	819.4	1000.0	1000.0	1000.0	335999	166.04332	25.741617	206.99068	-65.29266	166.0434	25.74173	205.40509	-78.310585	0.40496856	1.7840923	21.83202	-11.637827	-166.3829	6.901411	8595.093805551529
85	1773.5248	641.11896	2120.9658	492.22678	2238.3735	10.115021	2250.5378	2220.334	2104.2595	175.7352	2292.6968	1650.8551	2230.5588	11.665267	2259.2104	2218.1643	847.4	1000.0	971.9	1000.0	339999	166.38223	25.7836	205.36787	-68.56988	166.38289	25.783134	205.59164	-109.15026	0.3836613	1.7836751	32.287605	-11.163523	-166.7166	6.5233045	8700.07910990715
86	2111.4814	36.34688	2145.6775	2051.466	2251.4001	7.87023	2266.6638	2240.5261	2204.3792	79.39602	2322.9985	2090.1782	2232.2466	14.970175	2254.0278	2207.6829	1000.0	1000.0	1000.0	1000.0	343999	166.56165	25.795393	207.56851	-60.039303	166.56181	25.793982	206.32771	-80.72459	0.4093693	1.7800885	66.71634	-11.183638	-166.8671	6.8036513	8805.0891122818
87	1745.1345	794.3217	2177.385	158.43259	2150.3657	8.329769	2163.745	2138.0078	2167.327	83.42621	2299.7473	2019.0654	2151.9004	11.354214	2172.0679	2139.3904	818.2	1000.0	1000.0	1000.0	347999	166.88957	25.689953	207.26985	-76.25627	166.8908	25.69041	206.63873	-60.997494	0.40099987	1.7975843	22.043335	-12.993385	-167.18912	5.969015	8910.911581039429
88	2127.858	2.3494186	2131.3896	2124.9785	2083.627	10.65367	2102.636	2067.0042	2109.81	99.23431	2287.1802	1966.1173	2093.6392	17.356985	2118.0188	2063.9065	1000.0	1000.0	1000.0	1000.0	351999	167.17976	25.554909	207.46977	-81.45184	167.17957	25.553322	206.1004	-59.925865	0.4007414	1.7934573	20.625443	-10.122378	-167.48856	6.614582	9014.44248008728
