Epoch	AverageEpRet	StdEpRet	MaxEpRet	MinEpRet	AverageTestEpRet	StdTestEpRet	MaxTestEpRet	MinTestEpRet	AverageTransferEpRet	StdTransferEpRet	MaxTransferEpRet	MinTransferEpRet	AverageRandomEpRet	StdRandomEpRet	MaxRandomEpRet	MinRandomEpRet	AverageAdvEpRet	StdAdvEpRet	MaxAdvEpRet	MinAdvEpRet	EpLen	TestEpLen	TransferEpLen	RandomEpLen	AdvEpLen	TotalEnvInteracts	AverageQ1Vals	StdQ1Vals	MaxQ1Vals	MinQ1Vals	AverageQ2Vals	StdQ2Vals	MaxQ2Vals	MinQ2Vals	AverageLogPi	StdLogPi	MaxLogPi	MinLogPi	LossPi	LossQ	Time
1	-30.877567	7.4242783	-13.641941	-55.675083	1710.5514	61.24013	1793.6738	1588.6499	25.269674	5.2815866	32.16196	16.904654	1797.3127	93.23593	1889.6849	1590.828	1708.2517	39.89866	1790.5149	1685.7135	19.44878	1000.0	36.6	1000.0	1000.0	3999	6.9992156	6.3719115	28.843851	-12.47056	6.9991393	6.3729844	29.181177	-12.425809	-7.0642	3.195635	11.889833	-21.550642	-10.534015	1.3448482	99.7044198513031
2	-31.812382	7.2656717	-7.6036773	-53.249825	1711.7123	76.29653	1894.3905	1589.8563	-11.415083	4.4965873	-2.4941714	-17.96049	1739.6179	53.297356	1829.1571	1626.1356	1667.6934	76.04353	1784.1992	1579.0326	19.398058	1000.0	19.8	1000.0	1000.0	7999	26.118105	17.240128	80.59088	-36.025238	26.11889	17.239258	80.88104	-33.738003	-2.4109933	3.9282475	22.45932	-21.660654	-31.800762	3.2079585	211.81745767593384
3	-24.196756	15.885626	24.911268	-65.89478	1648.179	69.77963	1742.3958	1538.9586	-23.02785	6.2530537	-13.553518	-31.49072	1582.143	69.28893	1675.3324	1474.9082	1685.8392	64.172966	1829.5492	1633.3882	23.541666	1000.0	52.8	1000.0	1000.0	11999	62.357494	52.287155	230.68965	-43.344654	62.35783	52.287	229.84235	-44.954647	3.970018	6.314632	42.295803	-20.467422	-73.8108	22.902735	325.72129678726196
4	-10.813002	32.025387	41.84657	-133.87422	1784.7455	61.28487	1918.8193	1721.9716	-24.498363	22.936848	35.953392	-48.81043	1668.0508	66.76947	1721.4562	1514.8135	1769.6709	47.05812	1823.1837	1714.7021	55.424656	1000.0	46.6	1000.0	1000.0	15999	76.82998	53.633564	190.91466	-40.030594	76.831184	53.63446	188.82727	-41.81151	3.903581	5.8177285	42.57135	-20.731537	-85.0047	45.561157	437.55931329727173
5	-49.546814	310.12244	23.65572	-2971.108	1699.9426	84.394035	1856.2252	1548.0618	8.15434	18.43961	33.105797	-36.629818	1800.3489	48.41553	1854.3219	1747.8889	1673.9329	42.468826	1743.0192	1639.1748	44.622223	1000.0	66.4	1000.0	1000.0	19999	77.581955	111.55945	1954.5792	-92.68247	77.58748	111.55749	1924.1996	-125.43497	3.966298	7.181224	225.61293	-21.692421	-84.701256	182.9789	550.3788959980011
6	-38.705433	25.155518	24.280632	-115.23234	1660.4727	69.1146	1803.393	1582.7975	-55.377907	9.9821005	-39.73072	-67.56364	1646.9875	77.7209	1719.8346	1517.2927	1603.8854	80.40244	1712.4863	1467.6946	42.80645	1000.0	42.9	1000.0	1000.0	23999	88.83319	207.00616	4233.473	-107.6085	88.82876	207.01628	4234.926	-154.46916	6.9197063	9.046965	205.3757	-20.602762	-99.16121	342.74814	662.9544975757599
7	-49.141647	27.936401	6.719995	-145.56076	1663.8304	61.380337	1818.5188	1616.8435	-39.600563	9.284133	-30.108494	-65.76949	1583.9717	62.72797	1709.5605	1509.1245	1683.8337	82.81672	1831.6052	1609.7745	40.408165	1000.0	18.4	1000.0	1000.0	27999	117.19807	496.7769	11509.328	-169.03194	117.17323	496.74207	11517.418	-244.10313	12.002665	19.077984	466.1884	-21.829908	-132.34596	2064.752	775.3650460243225
8	-67.391716	25.004494	-18.990648	-136.12943	1658.1703	45.384666	1720.2701	1604.3188	-58.476326	15.569791	-43.011673	-93.04688	1634.2417	89.10238	1781.8007	1491.633	1627.6761	59.539185	1727.5387	1519.1204	34.31356	1000.0	62.8	1000.0	1000.0	31999	253.67212	1379.9803	34821.64	-160.95598	253.54608	1379.9706	34814.66	-175.70117	22.60802	25.373278	657.67523	-18.548866	-289.45816	16412.744	887.3451795578003
9	-111.15106	302.72787	2.359579	-2978.7534	1512.2639	41.973263	1577.8119	1469.7345	-96.82863	12.125436	-81.22936	-119.62331	1553.4174	73.66146	1676.2585	1472.9847	1532.0114	55.41506	1594.5597	1470.5667	43.336956	1000.0	32.6	1000.0	1000.0	35999	857.7293	3546.9238	53263.273	-528.7577	857.6333	3546.77	53180.746	-768.1072	42.37025	45.313972	886.313	-6.4728527	-952.58484	107316.445	997.6944828033447
10	-73.90877	32.90721	-2.8808668	-154.14906	1499.607	63.849136	1587.1096	1367.1328	-34.075867	24.116919	-3.823862	-77.21338	1566.188	99.21395	1722.7904	1394.0734	1489.1206	62.591797	1611.5842	1361.2131	44.78652	1000.0	50.3	1000.0	1000.0	39999	1847.0366	4808.116	75273.04	-1042.7943	1846.9624	4807.8457	75465.65	-1366.6931	68.56431	56.38516	1085.8651	0.21398163	-2045.5192	276744.47	1110.0337796211243
11	-109.40173	468.48126	-4.428133	-4022.7097	1509.576	65.15685	1657.3765	1448.7098	-62.370422	21.494295	-20.31735	-113.5944	1547.5916	80.04904	1693.7577	1476.8435	1481.3832	63.74415	1577.0005	1359.8173	55.957745	1000.0	64.2	1000.0	1000.0	43999	3926.0586	7593.794	86539.945	-4865.357	3925.8467	7593.444	85796.54	-4995.861	79.900894	62.372902	1026.5875	5.237464	-4242.657	516875.25	1221.2468461990356
12	-79.34595	38.58441	7.803374	-169.37303	1608.5471	80.04819	1771.2539	1482.5804	-68.45143	25.23054	-36.316006	-112.143486	1524.1156	94.52822	1688.7333	1376.1193	1629.7593	52.31104	1740.1155	1557.8698	50.525	1000.0	61.2	1000.0	1000.0	47999	5077.6514	8958.307	103531.805	-5404.3223	5077.537	8957.821	103399.945	-5145.462	78.022285	61.964474	1040.9856	4.6810155	-5395.655	683077.4	1333.5897538661957
13	-50.80175	307.35422	2463.4988	-191.37012	1629.7275	68.88433	1718.1935	1490.7838	-40.190998	26.257385	-11.364459	-101.06482	1565.9851	98.816444	1704.1343	1403.794	1549.0505	49.724674	1627.1367	1491.3801	58.072464	1000.0	62.8	1000.0	1000.0	51999	5810.678	11204.79	110718.01	-6147.526	5810.473	11204.208	111332.414	-5609.3286	77.17192	59.333096	947.0636	5.86098	-6118.623	1090859.1	1448.0538477897644
14	-143.62585	425.3753	20.406881	-3632.3062	1542.2295	73.090866	1649.0367	1386.263	-113.09249	20.109772	-77.96431	-146.83574	1551.5684	60.360382	1674.9207	1481.3605	1532.0599	30.108515	1602.7517	1501.0542	58.173912	1000.0	52.5	1000.0	1000.0	55999	6190.5327	11674.675	114338.04	-5362.3706	6190.475	11674.221	114891.99	-5424.707	82.852684	64.64356	1195.9889	5.5563936	-6510.031	1214545.0	1578.163757801056
15	-87.36236	38.263935	0.26362878	-215.0407	1515.5703	27.893467	1567.5532	1476.9844	-37.898796	17.79112	-13.531911	-78.22439	1483.9875	77.90765	1654.4398	1359.373	1544.2341	45.297974	1636.1456	1482.9807	60.469696	1000.0	45.5	1000.0	1000.0	59999	6682.469	12327.163	129027.31	-5857.252	6682.363	12326.645	129301.57	-5665.91	87.33886	69.5249	1268.2881	7.0196314	-7046.34	1437741.6	1691.0103328227997
16	-119.137	273.45972	-15.458456	-2369.9597	1548.485	104.7389	1718.4639	1367.2338	-106.70205	48.762028	-57.59695	-210.5695	1563.2	57.037785	1642.7518	1451.0715	1550.7131	67.888626	1656.6077	1400.5653	57.24286	1000.0	68.0	1000.0	1000.0	63999	7802.3105	14209.063	130546.62	-5766.1514	7802.379	14208.744	129911.9	-5708.824	91.87879	69.70767	1496.7969	9.3466	-8192.395	1590928.4	1804.2398056983948
17	-119.06973	46.603363	-1.9452106	-220.84512	1632.0365	74.36916	1772.2819	1553.3496	-52.208046	29.583477	17.699606	-87.55203	1567.9253	37.50627	1644.1768	1541.313	1626.7758	84.72462	1813.4701	1516.8059	47.57143	1000.0	61.2	1000.0	1000.0	67999	8010.9165	14877.451	128938.38	-4952.3076	8011.0024	14876.676	129358.79	-4911.578	91.80692	69.39533	1555.5573	3.3891792	-8387.828	1791509.4	1917.4374351501465
18	-112.99992	231.38345	-9.733266	-2084.2068	1625.5334	83.61735	1825.6516	1529.6875	-74.496864	28.35156	-19.982162	-126.74113	1536.695	79.80752	1687.5052	1472.6195	1671.5417	56.45702	1756.2058	1601.8184	53.34667	1000.0	63.0	1000.0	1000.0	71999	8346.785	16648.328	135186.14	-4978.561	8346.443	16647.785	135389.03	-5183.316	90.66795	67.64516	1470.2579	10.951963	-8735.415	2220275.8	2040.8934209346771
19	-139.44629	545.5211	18.405489	-4595.897	1630.5814	73.930084	1776.7289	1547.0804	-56.502674	35.70815	11.55482	-120.41852	1600.6174	62.380844	1674.5396	1476.399	1605.0713	47.638874	1687.055	1523.9843	58.514706	1000.0	67.2	1000.0	1000.0	75999	8852.855	17710.951	142636.95	-5380.438	8852.1875	17710.07	141088.12	-4973.3135	96.80007	72.3294	1411.9613	11.088367	-9314.477	3046532.0	2155.3462460041046
20	-248.80229	1392.9236	16.942806	-10669.818	1462.7853	79.81815	1602.9431	1304.3947	-69.36527	22.591135	-21.43574	-107.704704	1558.1863	62.526638	1643.7972	1441.7692	1424.2605	75.67568	1522.6906	1300.573	69.31579	1000.0	57.1	1000.0	1000.0	79999	9588.599	19355.992	142768.64	-5624.267	9588.174	19354.822	142406.23	-6098.557	92.70111	77.4055	1291.3728	12.442795	-10032.813	3203059.2	2269.242838859558
21	-83.77015	33.416683	-20.829023	-170.44196	1568.465	103.18505	1705.9073	1406.9036	-122.1534	31.13678	-69.161156	-184.46873	1507.3186	64.00029	1665.1204	1456.0992	1616.6794	119.32448	1784.541	1427.8798	53.31579	1000.0	42.6	1000.0	1000.0	83999	10088.92	20023.5	149486.97	-6636.2173	10088.211	20022.291	151183.77	-6786.418	90.95505	74.7871	1381.2145	12.472368	-10567.478	3015797.8	2383.8636252880096
22	-94.863	44.947334	0.32721686	-250.3967	1594.5793	54.34472	1684.073	1477.023	-66.051674	24.858732	-25.60695	-106.134315	1514.1906	82.653404	1666.3602	1438.3806	1619.9775	91.22939	1782.7505	1470.382	52.736843	1000.0	53.2	1000.0	1000.0	87999	10810.775	20910.693	157120.14	-7757.1035	10810.088	20909.555	156956.89	-7573.5283	98.33842	79.568436	1413.1223	16.748545	-11328.066	3597714.5	2497.49054312706
23	-64.96408	39.22035	20.369062	-276.18314	1633.1473	83.82089	1745.1233	1457.8401	-45.603497	24.168905	-17.474028	-99.747345	1484.4784	52.043163	1544.4401	1428.46	1632.3654	75.38203	1741.634	1511.0027	53.89189	1000.0	54.0	1000.0	1000.0	91999	11350.231	21856.295	173344.42	-8095.4365	11349.907	21855.29	171814.08	-8261.757	100.06986	82.03415	1481.4435	11.388169	-11895.119	3723384.2	2613.411641359329
24	-152.24644	584.7721	-20.191431	-5033.9766	1595.7322	63.87246	1675.2423	1463.7493	-83.653336	43.704422	18.808647	-143.68721	1470.4768	70.969406	1574.5068	1316.3434	1614.0068	60.905964	1705.2994	1538.4283	56.71831	1000.0	53.1	1000.0	1000.0	95999	11308.194	23471.193	181848.4	-7545.206	11307.869	23470.135	180054.34	-8005.5737	112.13827	97.335846	1426.2902	11.522627	-11787.531	4087242.8	2726.5071823596954
25	-108.06161	38.96832	36.513405	-240.79643	1493.3679	61.643505	1618.0734	1414.4442	-95.17891	18.055029	-61.959755	-119.001495	1503.4252	45.354454	1555.0035	1446.61	1453.885	68.42925	1537.3937	1312.8678	47.285713	1000.0	50.0	1000.0	1000.0	99999	10917.969	24397.957	199500.98	-6877.5635	10917.723	24397.307	199955.78	-7323.6113	116.68589	106.33267	1438.6525	11.663586	-11364.121	3868484.5	2854.612480401993
26	-95.50463	32.64962	-26.07259	-157.31973	1562.6835	79.50626	1711.8577	1408.0299	-96.38161	26.523563	-54.333942	-145.95183	1491.928	39.545086	1572.6104	1456.7247	1501.8971	53.464455	1601.8673	1409.1307	54.89041	1000.0	41.9	1000.0	1000.0	103999	10531.627	25986.932	221140.94	-7036.7495	10531.637	25985.951	221753.47	-6812.627	109.64289	102.76704	1381.3475	11.775174	-10966.054	3374707.0	2967.5858714580536
27	-117.72688	53.90409	-23.353598	-336.19516	1444.7205	64.69255	1566.8962	1349.6871	-74.43314	10.237316	-58.10173	-89.2803	1541.3069	59.657536	1638.9019	1413.783	1505.838	80.87629	1672.3733	1384.1754	48.144577	1000.0	45.0	1000.0	1000.0	107999	10643.397	28669.91	247177.61	-10201.331	10643.014	28668.836	247191.38	-12687.131	107.26639	103.99479	1671.4723	15.102379	-11103.236	5022976.0	3081.4578256607056
28	-59.355785	35.65003	22.961876	-145.70065	1593.6843	101.72667	1689.9456	1338.4529	-73.88417	25.308228	-31.863712	-113.53896	1508.2275	63.88304	1665.623	1455.1014	1639.8635	97.08657	1790.0198	1461.9291	59.791046	1000.0	56.4	1000.0	1000.0	111999	11419.713	31114.84	271336.8	-8668.53	11419.076	31113.646	270448.7	-10688.125	105.81134	100.56043	1522.5062	14.315786	-11929.909	5307041.5	3196.4434266090393
29	-173.07364	813.2268	21.120253	-6623.3257	1542.3809	46.3072	1638.387	1494.3555	-77.328995	20.803755	-56.396736	-113.06864	1472.566	63.655315	1566.5154	1343.1575	1530.748	59.21583	1619.8757	1399.6006	62.640625	1000.0	48.2	1000.0	1000.0	115999	12789.904	34493.957	283258.84	-9513.62	12789.272	34492.383	284521.78	-9925.296	110.09502	104.45446	1835.3597	14.633688	-13308.816	7440505.0	3310.966685295105
30	-159.23393	438.61774	-29.075464	-3911.1328	1472.5624	64.730034	1552.9757	1340.4039	-118.00724	17.73911	-89.7507	-149.75226	1614.4475	77.493324	1716.045	1479.5612	1472.8552	46.032463	1573.143	1427.6558	53.32	1000.0	48.6	1000.0	1000.0	119999	13057.726	35085.086	289766.5	-9575.371	13056.65	35084.523	289239.75	-8662.767	117.13553	117.29456	2138.6743	15.352774	-13571.05	7423770.5	3424.2482359409332
31	-122.990234	38.55358	-22.534895	-239.72597	1590.8086	45.83945	1657.6925	1530.7444	-108.350266	20.748287	-66.542244	-144.14964	1544.4454	75.06287	1715.2119	1470.9752	1550.5054	97.34164	1735.0574	1385.4816	52.605263	1000.0	48.8	1000.0	1000.0	123999	13258.22	35358.64	289201.22	-9094.711	13257.239	35356.39	288886.56	-7848.855	120.38377	118.36759	1929.7933	19.720734	-13788.263	9409484.0	3538.0926513671875
32	-84.24837	41.271828	-11.303981	-204.93253	1594.6053	61.90663	1684.3519	1493.0079	-51.924244	15.459492	-32.604843	-87.30039	1520.9547	68.20745	1671.2075	1458.7518	1613.6246	99.03428	1786.2263	1449.367	57.913044	1000.0	55.1	1000.0	1000.0	127999	13388.321	37145.496	308871.9	-7240.781	13389.475	37143.016	308341.9	-7432.864	121.61613	119.0382	1941.7408	18.170471	-13943.036	9743968.0	3651.296434879303
33	-74.073524	38.033745	19.642569	-180.09358	1554.553	79.58091	1681.1738	1395.1628	-78.1529	22.052973	-22.144285	-101.89599	1511.8176	88.56832	1639.7137	1355.1624	1499.0507	48.451904	1564.6165	1433.9249	60.984375	1000.0	58.2	1000.0	1000.0	131999	14050.962	40332.312	342772.78	-6286.4478	14050.575	40331.312	344029.12	-7507.292	117.62347	113.75783	1808.847	17.580605	-14630.41	10271622.0	3765.031233549118
34	-154.06996	529.8803	-7.62315	-4248.158	1621.3359	123.56914	1790.5967	1453.7198	-74.66652	14.892727	-51.801308	-94.9173	1530.8451	93.91181	1699.8827	1385.2297	1561.9896	74.78716	1673.3469	1448.4629	67.39344	1000.0	56.9	1000.0	1000.0	135999	14769.579	43914.195	363521.12	-10246.683	14771.004	43908.727	362056.2	-9596.3125	121.76913	116.32305	1932.8815	15.392785	-15376.36	16184583.0	3879.858083963394
35	-101.22114	42.276157	-19.270405	-199.86601	1554.9171	93.63591	1721.7052	1399.7712	-107.915016	17.56573	-91.448326	-154.27533	1437.8798	72.869675	1529.0924	1318.0887	1546.8123	44.67821	1655.2781	1506.3676	54.82192	1000.0	39.3	1000.0	1000.0	139999	15546.765	45258.137	378452.47	-8987.383	15546.95	45252.39	376503.3	-8352.476	125.02273	115.940414	1850.8853	19.267822	-16205.45	13188921.0	3997.267802476883
36	-114.78997	37.681553	28.204033	-240.38821	1460.6936	88.73523	1563.5077	1302.2592	-104.687584	36.058968	-52.524647	-183.12466	1443.6062	63.008034	1517.5656	1318.7052	1474.342	49.558247	1535.1913	1397.2501	44.516853	1000.0	62.3	1000.0	1000.0	143999	16003.521	46221.21	397312.66	-9310.907	16003.078	46218.594	398502.75	-8077.0547	121.46343	118.51091	2134.4756	15.73242	-16623.479	14070485.0	4112.345813751221
37	-97.95637	43.53459	-1.7207808	-209.22733	1474.3679	93.90694	1636.3519	1324.1515	-65.44031	12.673252	-49.02899	-88.46425	1416.3994	89.237404	1582.5632	1284.7998	1435.8618	83.38822	1636.7218	1294.7424	50.92405	1000.0	23.8	1000.0	1000.0	147999	16366.319	48931.05	416134.06	-13104.909	16365.153	48928.637	416703.94	-12142.785	119.90595	118.791855	2037.8314	17.125393	-17014.123	14613048.0	4227.517520904541
38	-107.41578	453.3071	3.781934	-3866.3667	1547.6816	46.97784	1619.859	1497.9562	-45.783096	20.22549	-10.865746	-69.78673	1475.7273	61.041534	1558.7881	1350.4878	1559.5691	59.603813	1678.3334	1496.1985	57.357143	1000.0	64.2	1000.0	1000.0	151999	18333.643	52692.094	438774.1	-13422.275	18333.176	52687.84	430321.72	-13066.682	135.21361	126.555626	2196.8706	20.791107	-19051.8	23303644.0	4343.325412273407
39	-141.8263	449.09235	0.95169145	-3808.5703	1502.1101	49.342327	1571.4076	1453.948	-100.710915	20.696026	-61.718952	-133.61678	1404.8785	73.95612	1524.5549	1305.146	1529.4948	79.02803	1666.3062	1391.7848	58.52941	1000.0	51.8	1000.0	1000.0	155999	19557.004	54745.52	438163.12	-14776.512	19556.701	54742.137	433672.5	-14287.586	131.60893	125.78894	1881.1168	15.425053	-20225.863	19487306.0	4458.4463613033295
40	-75.70028	191.79198	1711.6202	-238.69023	1402.0739	62.53055	1501.9391	1300.0574	-135.62515	22.508736	-102.52722	-176.22192	1437.4574	67.772934	1502.4943	1290.9435	1424.8301	108.43971	1622.4077	1296.9543	43.758244	1000.0	51.5	1000.0	1000.0	159999	19406.066	55439.35	452168.78	-15239.552	19405.805	55435.508	445170.7	-15067.377	143.5023	135.32504	1864.8815	20.081825	-20124.145	24635996.0	4574.225630760193
41	-115.01026	202.36816	1785.1608	-299.4474	1659.6218	77.30968	1785.4939	1550.2144	-145.14917	27.44681	-100.00194	-204.47688	1448.8025	80.328354	1515.3348	1308.1062	1596.043	31.302256	1674.8124	1556.2186	43.19355	1000.0	50.6	1000.0	1000.0	163999	19486.553	56146.83	460903.0	-13395.878	19486.033	56144.76	460891.88	-12022.708	150.11142	139.77782	2055.8794	19.869354	-20153.844	24603714.0	4694.851818084717
42	-147.52051	432.09662	-17.63958	-3773.5432	1518.4548	60.324047	1600.0319	1384.539	-110.65558	20.977192	-73.71674	-154.14209	1462.5825	77.33981	1611.4796	1327.994	1513.6238	71.18754	1610.1649	1362.4917	55.02778	1000.0	58.4	1000.0	1000.0	167999	19966.955	57299.375	463048.06	-11594.762	19966.861	57295.355	455488.3	-12036.958	148.82294	136.05714	1846.067	22.383549	-20672.113	28615806.0	4809.435733795166
43	-144.37614	498.56628	-24.870893	-4188.452	1510.822	106.280045	1615.3451	1274.2758	-84.84248	21.06316	-48.776276	-128.63376	1423.7028	90.229034	1525.349	1218.6731	1488.6812	65.051926	1609.1272	1368.4111	60.567165	1000.0	52.2	1000.0	1000.0	171999	20243.883	57750.656	463875.9	-13215.27	20244.016	57748.227	459704.25	-13107.096	149.16466	141.06493	1770.6691	22.477959	-20931.182	25052660.0	4924.197092533112
44	-137.75764	459.8061	-28.54551	-3661.901	1540.265	69.03728	1599.9071	1366.4949	-76.14415	30.728846	-11.800669	-130.53201	1417.1438	64.73521	1461.347	1248.5852	1486.7096	50.503883	1587.4432	1441.5504	66.03333	1000.0	71.9	1000.0	1000.0	175999	20389.385	57959.316	485231.9	-13959.665	20389.156	57955.344	474702.28	-12151.454	150.5283	142.82724	2066.4207	22.110203	-21098.428	31862374.0	5039.6618683338165
45	-116.83797	314.12503	-0.38455984	-2717.889	1644.2701	55.958126	1742.0155	1577.3646	-57.178436	12.045824	-37.42108	-73.51776	1457.1775	95.499664	1593.2083	1276.6436	1635.8547	96.69398	1807.649	1488.0073	57.642857	1000.0	44.0	1000.0	1000.0	179999	20924.15	58113.32	485364.0	-13211.334	20922.918	58110.902	476137.5	-12134.249	158.1752	147.576	1889.242	23.970522	-21672.02	31046312.0	5153.492566823959
46	-106.74698	91.1432	-7.631081	-767.1828	1535.2609	41.67884	1583.068	1457.7982	-90.68645	24.423283	-52.4114	-135.38179	1471.5502	48.434994	1545.2258	1420.8397	1508.8137	77.37403	1608.586	1350.2883	61.96875	1000.0	56.8	1000.0	1000.0	183999	21930.469	59022.137	480302.84	-13327.816	21930.742	59014.953	474799.9	-12359.435	158.16422	155.33214	2228.0454	24.768559	-22637.182	29920260.0	5268.434159755707
47	-40.44201	244.40833	1876.4407	-170.39317	1529.9014	66.62859	1616.5063	1384.2993	-62.966076	38.602615	15.963472	-107.90768	1484.422	78.85218	1633.68	1345.1375	1551.561	76.589645	1639.1869	1373.279	63.046875	1000.0	44.9	1000.0	1000.0	187999	22428.748	58306.754	481294.03	-15277.996	22429.463	58303.492	471981.7	-14566.144	157.3299	147.4106	1807.6667	26.018187	-23188.393	32573416.0	5383.922610044479
48	-125.076836	403.92007	-3.1658626	-3447.437	1516.3904	80.66423	1670.8464	1360.8374	-63.832634	20.461678	-29.71588	-88.687706	1463.1864	81.33478	1604.645	1285.1721	1505.0508	84.843025	1666.9379	1343.8282	57.869564	1000.0	44.8	1000.0	1000.0	191999	22990.443	57328.75	461110.6	-16469.105	22989.594	57323.477	455164.84	-15805.572	159.19539	148.92793	1720.306	23.51183	-23778.717	29836680.0	5498.680243253708
49	-125.484764	273.82797	-27.057339	-2434.8127	1677.7253	62.424553	1834.2323	1621.8369	-101.02194	32.33075	-31.948002	-147.20508	1576.6404	58.223663	1690.7366	1490.605	1674.7135	50.821068	1748.8275	1619.3448	54.356163	1000.0	47.3	1000.0	1000.0	195999	23156.49	56937.27	446019.75	-16125.142	23155.932	56936.242	449525.06	-14070.287	156.9146	151.76543	1856.712	23.69122	-23890.52	25979578.0	5612.755770921707
50	-105.725914	37.801147	-28.831343	-192.07146	1542.6462	95.43277	1703.4695	1392.6512	-98.289	27.795698	-65.439255	-156.07077	1395.8783	55.36543	1512.4963	1298.903	1494.6781	80.94482	1613.7052	1382.6503	53.573334	1000.0	52.4	1000.0	1000.0	199999	22869.09	55797.543	445951.44	-16249.6	22868.9	55793.18	449235.34	-14120.217	158.99484	158.41272	2015.1283	22.915234	-23609.84	26371068.0	5727.184727907181
51	-94.380905	34.182632	10.816895	-175.69635	1549.2229	47.28768	1602.0576	1474.2189	-55.79725	24.97758	-15.293399	-99.44023	1491.763	82.17469	1641.572	1350.2509	1486.3356	63.714928	1594.3796	1384.6602	57.594204	1000.0	59.5	1000.0	1000.0	203999	21991.322	54951.473	452127.94	-15249.669	21992.035	54948.14	443028.12	-13097.701	161.21895	159.67107	1850.3826	24.95377	-22706.217	28267032.0	5841.327235221863
52	-85.24751	33.971115	-30.74524	-225.3213	1579.8627	69.303955	1744.2484	1518.0635	-66.188614	18.68687	-42.264244	-109.79661	1488.4591	81.51953	1635.4109	1325.9944	1566.4344	46.82173	1645.4095	1523.8862	60.22388	1000.0	56.2	1000.0	1000.0	207999	21433.049	55970.832	449521.4	-16014.419	21433.033	55967.867	451736.1	-14582.482	156.1384	156.59991	1905.6449	21.364862	-22100.428	23020778.0	5956.588021039963
53	-93.34505	30.75891	-17.313307	-164.97185	1422.5178	49.48553	1489.7659	1376.0817	-113.32997	49.13253	-42.598217	-192.12996	1444.5962	62.55113	1515.8778	1319.311	1443.0061	94.13156	1591.4762	1276.4711	54.068493	1000.0	56.8	1000.0	1000.0	211999	21336.426	58020.68	462756.75	-15190.749	21336.146	58021.97	463101.9	-13543.631	160.3827	158.66307	2086.0562	24.233791	-22058.547	28160340.0	6072.198370456696
54	-97.222664	29.736702	-34.778496	-201.80864	1599.1252	46.583397	1657.5421	1536.938	-93.57503	26.58708	-48.804348	-137.5419	1414.1549	56.154198	1492.1431	1309.0098	1560.8173	63.037754	1687.9343	1500.1456	56.319443	1000.0	53.4	1000.0	1000.0	215999	21166.88	59427.652	491187.12	-14382.669	21166.887	59421.996	482589.4	-13158.4	158.52116	156.4301	1666.915	21.558273	-21849.836	27767100.0	6187.857378721237
55	-102.75011	39.532	-15.00415	-202.29251	1576.8137	44.52702	1625.208	1504.8513	-104.27777	33.741104	-57.879097	-169.2769	1422.1606	61.878223	1518.7603	1294.6936	1530.8264	56.094624	1617.0658	1426.9045	49.358025	1000.0	49.4	1000.0	1000.0	219999	20844.793	61435.438	517704.12	-13081.8125	20844.797	61431.754	497926.22	-11502.239	155.04428	156.81592	1889.5553	18.27758	-21492.754	24543122.0	6301.410776853561
56	-117.14824	40.74007	-37.21958	-248.9204	1693.89	95.748886	1842.4567	1537.1798	-96.97884	13.691624	-73.69836	-119.14229	1516.1115	47.66977	1582.936	1468.1315	1739.1316	69.83882	1888.3182	1661.9451	48.31325	1000.0	30.0	1000.0	1000.0	223999	20609.316	63742.188	525645.7	-13360.935	20608.592	63736.66	524695.8	-12145.331	153.35928	158.49779	2229.833	20.792583	-21246.86	30750664.0	6415.947346448898
57	-116.36003	37.80127	-34.98976	-221.95163	1474.9524	80.111115	1580.5988	1345.0745	-98.208374	46.200405	-37.69488	-172.85371	1471.4978	91.231895	1630.8396	1320.3444	1514.3497	48.458405	1581.817	1457.4589	47.91566	1000.0	53.5	1000.0	1000.0	227999	20870.459	66369.27	571320.5	-13029.51	20870.33	66365.2	562996.5	-12452.94	152.48363	159.9624	2454.993	17.88229	-21526.451	26587188.0	6531.065007686615
58	-76.59012	120.19383	872.9169	-159.16377	1372.0345	46.68658	1415.1436	1280.857	-98.21897	26.6706	-57.434032	-164.30855	1440.9474	80.08033	1595.1477	1386.2153	1388.8684	26.105835	1418.6606	1320.0868	57.666668	1000.0	54.3	1000.0	1000.0	231999	22347.705	70813.06	587911.2	-12639.025	22347.469	70808.58	587769.25	-12138.847	156.48338	159.61072	2308.4443	23.141537	-23059.38	36521250.0	6646.656748056412
59	-80.811745	26.931744	-25.89594	-157.52736	1443.0724	85.55717	1618.4027	1289.8374	-57.22049	13.19112	-28.722654	-74.72512	1471.7454	49.23376	1535.1653	1418.8373	1435.8025	49.81847	1528.817	1394.0111	57.695652	1000.0	48.7	1000.0	1000.0	235999	22956.207	72347.61	643865.94	-13442.422	22955.705	72345.75	634593.9	-13634.839	153.73743	153.38292	2229.4475	22.506016	-23673.146	38026060.0	6761.037829399109
60	-99.8327	39.17105	-38.90593	-269.6108	1462.324	94.863655	1559.359	1248.2501	-86.28995	35.171585	-54.174934	-181.05292	1445.348	48.591583	1497.3617	1391.1188	1504.7026	67.485435	1659.5027	1435.5297	56.71831	1000.0	59.5	1000.0	1000.0	239999	23266.908	75795.06	655344.0	-15012.084	23267.842	75792.43	656923.3	-13308.718	158.47768	158.54544	2078.8652	20.800701	-23983.338	34640704.0	6875.541108131409
61	-124.47899	365.68216	8.87893	-3037.3513	1455.5393	74.96071	1627.9999	1339.3558	-70.89851	24.677143	-35.245632	-129.96613	1475.0748	82.978424	1599.566	1312.5552	1534.1046	93.93247	1655.1547	1323.8069	61.476925	1000.0	58.0	1000.0	1000.0	243999	23915.408	78594.31	683512.75	-12241.188	23915.111	78593.69	676026.4	-11700.668	161.7306	159.53001	2093.5376	24.705288	-24631.307	38540230.0	6990.372196674347
62	-160.7829	599.9974	-26.162498	-5062.549	1550.4111	53.711422	1645.8131	1459.1898	-90.89317	40.626312	-26.24397	-181.26222	1489.2566	94.187325	1645.8657	1332.4258	1517.3083	70.59256	1621.3975	1416.3055	59.17647	1000.0	67.1	1000.0	1000.0	247999	24712.049	81972.7	680046.94	-12531.862	24710.639	81968.805	678938.44	-12854.772	164.63023	165.76285	2394.9077	19.606743	-25425.488	38909780.0	7106.015612125397
63	-129.529	40.06585	-65.41894	-254.66595	1640.4475	93.16413	1839.0223	1505.487	-119.879555	35.734684	-85.05606	-214.20676	1482.5898	58.14391	1574.4921	1378.9717	1665.0406	90.321335	1850.6066	1583.6965	45.16854	1000.0	43.7	1000.0	1000.0	251999	24852.941	83887.76	703282.44	-14155.911	24851.945	83881.305	701150.75	-13308.841	169.02652	166.22575	2385.3276	23.767445	-25576.912	40294370.0	7220.142655849457
64	-122.40471	36.417595	-48.013523	-269.19604	1496.1434	67.977264	1666.3414	1450.9902	-100.2501	17.591711	-68.8695	-137.85922	1479.0095	65.033966	1618.2244	1416.1709	1518.0804	46.1802	1578.7369	1452.8818	50.833332	1000.0	59.3	1000.0	1000.0	255999	24730.77	85578.76	712864.6	-17188.54	24729.428	85575.12	717918.1	-16489.105	164.83505	163.98613	1861.6425	23.376446	-25453.732	44190050.0	7334.802966117859
65	-122.75724	354.58682	-3.8446913	-2989.5657	1598.7032	91.227844	1741.8873	1528.6688	-62.139374	19.13321	-43.551437	-97.81978	1455.5736	81.444374	1600.61	1291.4128	1592.1301	61.990585	1738.9015	1526.7985	59.97015	1000.0	58.8	1000.0	1000.0	259999	26092.5	88980.83	742528.9	-16082.795	26091.494	88974.04	740306.2	-15731.924	164.25731	163.35764	1972.3005	22.66119	-26833.768	51502188.0	7450.354833602905
66	-47.001022	217.23087	1661.4951	-186.93846	1603.2468	47.71808	1657.6798	1506.8582	-78.46981	15.303089	-59.356453	-105.710304	1470.5574	91.823235	1638.4205	1334.0094	1558.0745	97.8049	1758.5836	1426.7092	60.923077	1000.0	59.4	1000.0	1000.0	263999	26417.494	89796.125	757686.44	-18690.84	26416.65	89798.76	763855.44	-20438.984	169.31284	168.08925	2059.1143	24.479097	-27166.5	56681604.0	7565.514906644821
67	-91.2555	28.413439	-13.418947	-150.87172	1665.0146	53.223457	1734.0929	1596.8904	-78.243774	10.638116	-62.254734	-97.50574	1443.7373	51.562912	1513.916	1393.4989	1661.7621	69.49951	1734.99	1521.1311	54.594593	1000.0	57.2	1000.0	1000.0	267999	27302.986	93834.125	798195.06	-18386.94	27301.283	93827.79	792933.9	-20284.725	170.07079	164.84123	2339.984	24.16869	-28103.941	61341284.0	7680.527023792267
68	-155.01988	502.07822	-25.36105	-4162.1973	1484.8271	63.255413	1587.1735	1347.9857	-80.82567	7.3398857	-67.81206	-95.56533	1435.7281	43.534695	1528.4663	1395.3687	1534.7415	51.92952	1610.4292	1464.7699	61.8	1000.0	47.7	1000.0	1000.0	271999	28587.459	97517.445	823024.7	-18365.363	28587.303	97518.09	825055.2	-19255.307	173.88446	164.9434	2268.0938	27.62558	-29391.547	71675544.0	7794.660729885101
69	-123.36884	358.8351	-32.480553	-2986.449	1608.0358	64.72615	1726.5039	1524.2838	-92.47349	19.22802	-71.03479	-133.30869	1407.2819	47.59162	1512.9198	1300.4109	1571.8923	79.71174	1726.7026	1432.4772	61.369232	1000.0	49.1	1000.0	1000.0	275999	29950.27	99647.18	820219.9	-16127.556	29949.502	99640.83	828593.6	-20477.178	174.91122	163.50371	2388.9277	26.87181	-30811.268	64139990.0	7912.040675878525
70	-98.86966	36.982166	-31.893541	-220.68416	1599.2961	90.4899	1784.3107	1478.1344	-85.131615	30.731855	-32.6918	-131.95941	1485.1531	47.61969	1527.5157	1419.5748	1582.0819	72.47438	1735.6555	1496.4224	58.617645	1000.0	68.9	1000.0	1000.0	279999	30040.615	102885.625	834136.2	-16222.864	30038.922	102884.93	837052.1	-21335.062	169.29407	164.08989	2243.5078	26.321747	-30850.473	51996820.0	8030.567188501358
71	-140.54688	385.50552	-21.231165	-3306.0073	1642.5212	98.63682	1796.7595	1450.0494	-136.33061	53.281715	-47.9309	-241.4829	1420.2438	26.617125	1498.2749	1401.7223	1637.403	65.795715	1763.4075	1581.053	58.014492	1000.0	56.0	1000.0	1000.0	283999	30015.936	105162.484	844294.8	-16664.064	30014.02	105156.805	850227.2	-22381.145	169.93164	166.32286	2233.5825	25.210827	-30820.783	67580824.0	8148.4304304122925
72	-97.61708	44.728527	2.6359806	-283.08157	1616.9963	91.85886	1767.8595	1435.3422	-77.66297	45.626404	-31.400337	-178.85847	1462.8025	69.324005	1632.5497	1414.0352	1606.1506	66.49175	1721.5957	1546.4731	57.45714	1000.0	52.6	1000.0	1000.0	287999	30026.281	105772.05	852524.44	-16677.98	30023.53	105766.23	858901.7	-22685.21	170.21893	167.67162	2350.828	25.502743	-30839.393	60789710.0	8264.680137634277
73	-116.690384	278.38727	-4.8298106	-2257.7874	1661.1309	93.62842	1780.7428	1548.0342	-74.7022	28.352978	-12.96022	-126.03287	1449.9962	44.282837	1525.9058	1408.3447	1640.5892	67.16866	1761.9532	1537.553	65.42623	1000.0	53.4	1000.0	1000.0	291999	31332.105	107609.6	863459.8	-18853.145	31330.58	107601.56	861182.5	-22636.264	180.5795	169.4428	2259.7827	28.166592	-32200.7	83317410.0	8380.830995559692
74	-83.494576	38.858765	-10.661654	-276.1337	1611.919	81.20048	1770.7996	1458.3741	-89.78914	30.6518	-54.022545	-150.29884	1509.9674	88.95407	1646.7776	1358.1215	1630.1191	41.040928	1700.0687	1585.9639	55.15278	1000.0	53.3	1000.0	1000.0	295999	31926.742	107665.28	868020.44	-16182.796	31923.986	107655.69	870978.2	-26570.729	180.46095	166.12067	2228.109	26.913536	-32812.387	79489630.0	8497.33209848404
75	-84.77584	35.47299	-3.2232113	-171.35355	1615.0201	92.74727	1793.486	1445.204	-93.754486	27.071396	-51.737293	-130.25682	1457.425	79.835556	1618.9834	1313.9854	1610.5791	75.1695	1708.6783	1489.3024	56.704224	1000.0	54.5	1000.0	1000.0	299999	33415.105	107604.66	890816.5	-17888.508	33412.1	107602.734	870231.5	-22973.412	186.77408	166.30713	2164.4658	26.9912	-34376.688	85591720.0	8614.951753616333
76	-105.2793	39.498642	-4.180654	-261.4966	1422.5168	34.213066	1520.5328	1389.3085	-120.08366	33.582302	-89.20149	-192.85333	1421.6047	67.88417	1526.4066	1303.9379	1427.3029	68.48532	1525.5056	1301.1754	46.47059	1000.0	43.4	1000.0	1000.0	303999	34368.383	108789.7	887796.1	-18322.338	34366.496	108783.06	880438.7	-22583.945	183.10973	164.99992	2324.0938	27.781338	-35349.49	70975770.0	8730.383217573166
77	-98.78661	54.630066	-3.1677136	-429.77112	1520.2654	93.188965	1687.6221	1367.5424	-73.21321	35.61718	-28.833963	-123.8021	1386.3959	43.067924	1481.7628	1289.4194	1531.6854	76.91027	1705.0815	1451.5084	64.90323	1000.0	78.5	1000.0	1000.0	307999	33895.305	110251.57	926437.3	-20081.94	33894.625	110248.31	912604.6	-26222.992	182.96948	171.91261	2421.2964	25.601349	-34800.625	65697612.0	8844.702228546143
78	-167.51884	664.3274	-17.663828	-5349.7285	1424.156	28.809183	1506.2158	1401.086	-48.604465	26.173119	-13.028117	-85.803406	1448.8068	66.83959	1610.6091	1405.8285	1499.1564	61.722477	1619.7156	1418.6201	64.40323	1000.0	73.5	1000.0	1000.0	311999	34200.27	113927.266	938570.94	-22086.732	34197.56	113923.87	929014.75	-27453.463	189.91144	178.89783	2714.282	29.41167	-35085.777	83502104.0	8963.113673686981
79	-168.23337	549.1884	5.609381	-4516.6035	1494.443	112.39065	1648.825	1231.5426	-114.248375	31.4163	-68.412834	-167.331	1421.0007	65.07781	1592.6443	1387.1182	1472.7867	45.355335	1549.7737	1417.9784	63.078125	1000.0	53.6	1000.0	1000.0	315999	34066.305	115839.57	931238.1	-22096.32	34066.863	115832.76	928432.4	-27284.408	189.6901	181.86235	2278.6628	22.603045	-34911.695	76068100.0	9078.653282403946
80	-95.27231	210.6007	1694.9702	-215.91104	1421.1016	69.14418	1545.3546	1302.9714	-124.818665	28.795801	-76.96001	-160.25876	1407.884	64.98097	1512.6603	1301.3818	1497.6311	77.55246	1628.9447	1397.377	53.053333	1000.0	43.5	1000.0	1000.0	319999	33559.066	114884.61	961044.5	-25234.705	33557.64	114882.92	954010.6	-30960.459	193.1372	182.46886	2567.3706	24.93069	-34396.273	78063420.0	9193.325849294662
81	-118.39823	48.35628	-54.631107	-288.26007	1646.6396	86.3851	1805.0929	1482.347	-83.0367	31.242708	-37.858204	-143.98035	1419.2716	57.697266	1498.1718	1304.6891	1602.0686	75.70541	1710.2645	1480.1857	60.179104	1000.0	49.6	1000.0	1000.0	323999	33536.32	115745.31	976249.4	-23097.908	33536.83	115742.6	971776.8	-26046.936	195.4072	186.17596	2523.9148	25.877197	-34396.062	83604210.0	9307.273479938507
82	-71.915855	39.837696	57.744358	-200.83142	1532.0133	62.857872	1607.2249	1404.511	-35.315727	29.464916	11.379233	-106.35352	1462.2001	97.99499	1565.8904	1313.4316	1544.9387	68.61475	1686.8248	1474.4923	55.430557	1000.0	64.8	1000.0	1000.0	327999	33448.664	117725.555	978548.06	-21130.072	33449.793	117723.055	977515.6	-27773.707	192.62051	187.01758	2674.942	24.401302	-34272.984	72683210.0	9423.219265699387
83	-89.9636	34.38209	-16.40747	-230.3723	1591.214	97.01351	1772.2153	1412.1418	-61.95822	27.329247	-28.03378	-114.39151	1450.8484	84.68347	1620.2361	1331.7017	1586.2327	93.14207	1730.1007	1416.7849	54.094593	1000.0	63.6	1000.0	1000.0	331999	32868.027	117713.36	1010068.8	-21785.828	32870.133	117709.52	985281.06	-35552.164	188.74312	183.27177	3375.3657	26.297218	-33706.664	73425420.0	9537.605879306793
84	-83.49047	40.370792	-15.025367	-229.42096	1467.0281	87.55483	1639.2766	1316.0035	-68.2527	32.563732	-32.79712	-137.1062	1479.7478	82.25059	1625.4087	1411.3489	1487.3965	58.98659	1573.1428	1400.0328	55.915493	1000.0	55.3	1000.0	1000.0	335999	33299.344	121314.34	1032583.3	-25942.45	33299.453	121309.75	1043640.4	-33822.504	189.88753	186.1754	2925.367	26.951752	-34178.86	80806264.0	9652.570137739182
85	-135.09068	419.995	-5.337648	-3508.659	1431.9043	60.207745	1531.1813	1336.8475	-75.51677	34.43121	-27.278992	-135.32016	1474.9443	68.35668	1531.592	1319.3729	1415.6438	15.414612	1440.7784	1393.8868	60.666668	1000.0	50.3	1000.0	1000.0	339999	35010.9	127271.945	1086570.9	-22590.77	35009.547	127268.5	1111585.2	-28625.262	185.8555	180.47426	2542.3306	25.316393	-35911.85	89279100.0	9765.851768016815
86	-134.88853	444.185	-26.502546	-3868.9792	1659.7383	85.328064	1816.96	1506.4386	-80.145	29.899912	-31.88668	-137.25548	1420.8063	83.43642	1591.5238	1300.7363	1685.9758	69.34275	1833.1046	1603.9594	55.916668	1000.0	44.7	1000.0	1000.0	343999	36907.066	131392.55	1103856.6	-20678.883	36906.086	131389.08	1124322.0	-26900.547	194.9152	186.92758	2507.209	28.437546	-37877.867	106196664.0	9878.93142580986
87	-120.49498	59.595318	-50.988045	-489.7007	1533.7537	53.692123	1600.7335	1458.389	-126.95416	19.385447	-101.105644	-157.76025	1487.1086	76.60376	1620.1001	1423.8563	1504.6583	40.09951	1586.416	1465.0204	50.177216	1000.0	46.0	1000.0	1000.0	347999	37249.562	131303.81	1136012.9	-24447.955	37249.668	131297.8	1146780.8	-35738.7	197.66362	180.6747	2648.7114	30.386765	-38226.06	99729210.0	9992.556443452835
88	-122.46061	42.98717	-48.31347	-283.36703	1560.585	92.403786	1716.5106	1423.0677	-113.73761	27.72559	-87.502235	-175.28036	1419.121	90.256676	1617.8779	1294.4414	1503.9271	66.453094	1625.9517	1395.5667	47.904762	1000.0	45.4	1000.0	1000.0	351999	37534.473	133453.42	1150903.1	-22737.129	37534.04	133447.17	1160740.1	-32797.51	208.70045	190.33017	3173.8213	30.179047	-38524.133	107451690.0	10105.162231683731
89	-116.369415	210.45654	-25.42416	-1828.9016	1422.9877	67.68892	1501.0336	1283.4696	-136.89519	44.049	-72.1007	-210.22778	1461.4302	44.417263	1557.1124	1427.3312	1397.1809	50.997124	1487.8844	1296.575	57.47826	1000.0	51.7	1000.0	1000.0	355999	38502.29	136726.02	1181094.8	-25632.865	38504.06	136727.02	1183089.2	-35760.19	211.87906	192.60954	2481.8193	31.16579	-39489.39	119434920.0	10218.158987283707
90	-85.77519	43.252132	-3.3068376	-211.32648	1485.1799	98.34764	1666.0486	1348.847	-71.63759	25.017637	-27.505146	-103.071236	1516.4523	74.85153	1647.8536	1372.5708	1514.1705	83.57945	1671.6049	1347.8254	60.848484	1000.0	57.0	1000.0	1000.0	359999	39042.312	138787.44	1222083.4	-24393.611	39042.03	138778.36	1214453.9	-38659.27	206.78792	188.84297	3005.4792	28.313053	-40089.957	111745050.0	10333.25047659874
91	-68.36831	80.007034	470.72415	-154.97028	1567.9835	57.425934	1650.4148	1435.8239	-105.30623	47.573982	-50.80371	-231.68417	1457.134	47.347313	1529.8214	1417.4475	1642.2565	68.70553	1749.4935	1544.9258	70.070175	1000.0	62.4	1000.0	1000.0	363999	40774.39	143644.61	1239070.4	-31148.857	40774.387	143636.44	1251473.8	-33934.42	204.39224	187.27257	2501.2964	28.311768	-41808.707	108511890.0	10447.663900852203
92	-98.179344	31.93263	-48.097862	-252.60344	1531.656	46.741917	1617.8134	1483.6217	-97.08455	20.139505	-67.366745	-121.23911	1431.0154	59.156013	1528.4104	1306.6447	1573.0332	80.71177	1703.9883	1471.8925	52.20779	1000.0	55.0	1000.0	1000.0	367999	40991.14	147687.55	1283641.8	-25514.01	40994.676	147682.12	1292199.1	-31505.96	210.2163	191.42772	2722.1475	24.957243	-42063.664	104749530.0	10561.347686290741
93	-119.34254	42.884575	-35.238155	-353.42807	1561.6167	62.268394	1711.5504	1492.8765	-105.62614	27.665453	-47.835445	-149.03577	1426.8021	42.58458	1540.5059	1391.622	1541.4127	45.065456	1627.283	1489.8833	51.51282	1000.0	49.0	1000.0	1000.0	371999	41782.406	154382.2	1333821.9	-30447.441	41783.215	154383.33	1353953.9	-38017.824	214.39626	197.34276	3095.1348	22.747917	-42875.19	118606104.0	10675.163973808289
94	-96.909935	29.158482	-27.454048	-162.33827	1445.7189	48.22253	1543.0886	1405.702	-126.42159	15.162323	-108.58748	-167.2969	1478.1672	44.0743	1552.8282	1435.0309	1449.6461	44.836224	1538.8926	1413.5812	50.73077	1000.0	53.7	1000.0	1000.0	375999	43241.008	160999.0	1404272.6	-35114.24	43242.895	160993.17	1412259.4	-42349.766	221.0504	199.45714	3285.221	23.768005	-44322.07	143222200.0	10788.407582521439
95	-106.65048	40.273846	-39.41297	-218.76297	1515.7875	66.01985	1655.3705	1438.0513	-96.85843	27.460676	-62.133877	-138.61848	1456.1105	92.96314	1641.7363	1320.7401	1522.4447	64.08075	1663.5763	1450.2925	48.55422	1000.0	37.0	1000.0	1000.0	379999	44090.594	165832.75	1486221.0	-39071.043	44091.918	165825.33	1479721.9	-47031.926	223.70724	197.59535	3536.0195	26.166641	-45209.816	132084320.0	10900.672412395477
96	-124.07295	42.115746	-54.24157	-269.05872	1442.2421	79.42115	1592.3292	1295.9478	-127.36161	34.41108	-82.229904	-182.12563	1497.7566	55.21785	1549.9701	1421.3552	1416.3717	59.97574	1501.3666	1295.9333	42.351063	1000.0	49.5	1000.0	1000.0	383999	45161.21	173272.69	1536908.9	-35388.12	45160.13	173261.34	1545890.0	-47344.598	223.97504	198.68459	3187.2944	31.412994	-46309.14	201164290.0	11014.204149246216
97	-104.912186	39.918995	-32.359913	-291.17053	1504.3938	140.2748	1727.1824	1265.1299	-102.77212	29.476435	-53.338737	-162.06172	1505.675	63.564037	1621.7782	1427.0491	1517.9631	39.6826	1598.7594	1474.6696	53.092106	1000.0	44.8	1000.0	1000.0	387999	46176.67	179609.62	1589483.0	-34935.3	46172.484	179596.73	1607734.6	-39790.754	227.46877	196.52394	3096.7603	32.673706	-47331.39	191862900.0	11128.980781316757
98	-119.457085	44.193085	46.96991	-222.53952	1449.3906	64.872826	1555.6007	1342.7151	-103.95441	25.106113	-60.040375	-134.35579	1548.3711	82.77471	1690.2798	1385.8021	1482.8762	65.87286	1547.8239	1342.7402	51.766235	1000.0	49.7	1000.0	1000.0	391999	48166.9	189171.81	1658606.9	-35203.65	48166.586	189164.72	1661428.1	-43509.65	236.31366	203.75305	3100.8682	30.834967	-49373.44	179240430.0	11241.645644903183
99	-160.21928	475.30814	-40.180622	-4009.6343	1589.4426	83.95158	1751.4583	1442.4209	-110.56277	38.78442	-37.7059	-175.96848	1449.8093	62.373188	1524.6199	1321.6699	1596.2305	72.2982	1744.5905	1520.6846	59.46269	1000.0	49.3	1000.0	1000.0	395999	50282.062	197571.66	1721452.2	-41134.41	50282.707	197566.38	1726036.0	-49455.953	242.76852	200.14642	3749.4668	33.5152	-51464.1	220649890.0	11356.334228992462
100	-109.71678	40.72914	-45.955837	-300.08408	1484.4329	74.202324	1586.5398	1356.1578	-101.93443	32.751442	-60.55074	-161.4545	1425.4701	39.515884	1512.6254	1397.2491	1538.7881	65.49178	1663.3749	1446.7365	53.093334	1000.0	58.4	1000.0	1000.0	399999	50855.086	200828.45	1823212.8	-47609.402	50855.26	200825.6	1809050.9	-51425.668	244.09976	201.23875	3516.6553	35.17431	-52079.125	236109660.0	11469.428836107254
