Epoch	AverageEpRet	StdEpRet	MaxEpRet	MinEpRet	AverageTestEpRet	StdTestEpRet	MaxTestEpRet	MinTestEpRet	AverageTransferEpRet	StdTransferEpRet	MaxTransferEpRet	MinTransferEpRet	AverageRandomEpRet	StdRandomEpRet	MaxRandomEpRet	MinRandomEpRet	EpLen	TestEpLen	TransferEpLen	RandomEpLen	TotalEnvInteracts	AverageQ1Vals	StdQ1Vals	MaxQ1Vals	MinQ1Vals	AverageQ2Vals	StdQ2Vals	MaxQ2Vals	MinQ2Vals	AverageLogPi	StdLogPi	MaxLogPi	MinLogPi	LossPi	LossQ	Time
1	2.8476412	3.224981	12.811079	-6.112469	13.805521	2.2420032	19.220375	11.080757	12.061326	3.2709188	17.802986	7.2042427	14.560411	2.7059612	18.488106	7.750009	17.334784	20.8	19.0	20.8	3999	5.9516187	4.939981	23.567165	-5.6600914	5.9513974	4.9408283	23.989964	-5.332689	-2.3482368	1.7525682	7.792743	-13.902678	-7.193004	0.46212426	47.556814432144165
2	3.0005891	3.4078672	12.96195	-11.052136	11.87586	0.9123752	13.042267	10.40109	11.227524	1.5301279	13.617619	9.217405	11.6262865	0.799768	12.919885	10.462358	16.932203	23.1	22.7	23.3	7999	16.932875	14.786444	65.30573	-9.817707	16.933006	14.787275	64.91441	-7.526094	0.46242648	2.748565	11.655723	-12.563137	-20.002903	1.611672	105.81219267845154
3	9.94906	32.662403	211.97522	-11.777748	4.2328553	1.1311791	5.903615	2.4523926	77.11272	146.33142	402.09763	3.1012793	35.709732	95.414665	321.94244	2.3437808	30.149607	27.1	139.0	74.7	11999	31.53701	33.63767	138.34178	-10.517336	31.538145	33.63791	132.94218	-10.935147	1.7679483	3.8854895	23.048588	-15.696568	-37.502827	7.3144484	170.88494563102722
4	185.0503	172.99193	500.82196	20.778854	516.6005	257.61035	653.4302	-0.06597962	513.15906	251.88171	651.50055	2.6440997	391.4598	307.73856	652.0814	0.20410976	318.5	808.8	811.4	625.6	15999	48.630196	43.270638	138.93893	-10.173006	48.630386	43.27172	130.28665	-8.582866	1.7295306	3.7091756	20.021358	-16.286243	-53.242283	15.137561	260.2252721786499
5	276.90042	247.05095	644.8786	-7.9125624	411.3659	182.89397	580.5367	117.33972	411.861	138.13934	675.5993	239.79329	425.82544	121.74592	670.7072	331.16168	467.44446	677.3	635.6	657.1	19999	56.02138	42.55164	125.950516	-14.1593685	56.021515	42.551506	126.40477	-15.27465	1.7037319	3.4925768	24.716309	-13.947248	-59.55863	11.363269	351.00629901885986
6	586.3062	3.999155	590.97925	580.206	463.127	84.97624	673.57007	309.71457	474.67172	115.0766	664.4412	276.0243	438.90146	120.67083	687.0327	248.85959	1000.0	680.7	706.6	645.8	23999	60.157555	39.491203	122.53438	-9.205557	60.15687	39.491875	121.38159	-8.927383	0.9565294	3.3303096	20.316872	-13.811262	-62.79789	7.2133164	439.8065974712372
7	527.01355	93.790665	599.35236	366.78802	302.19174	112.59715	568.8599	107.67152	358.74524	170.1982	575.5712	70.05786	306.5245	189.27892	570.8517	81.081024	908.25	582.4	686.6	576.2	27999	62.482086	35.921932	114.97807	-8.257318	62.48179	35.923016	114.06861	-7.433794	0.37625933	3.1764865	19.72141	-13.831835	-64.595634	5.7237883	527.5677647590637
8	588.8384	19.575724	616.546	563.2762	226.10649	94.73312	372.26547	99.23371	294.3159	175.92778	587.31665	70.6624	268.36957	91.79613	377.9849	127.70266	1000.0	402.9	513.1	468.6	31999	64.26769	33.24443	107.789986	-7.984331	64.26741	33.24487	107.31436	-7.3688226	-0.099181086	2.9754667	18.984692	-13.5660715	-66.061844	4.532916	606.2769296169281
9	459.97754	203.86069	628.04895	178.94429	255.45244	36.593864	312.5993	208.35826	267.08954	74.24535	426.6963	171.2954	241.26587	42.696953	311.0821	198.13977	747.8	427.1	477.7	405.5	35999	66.5234	31.489468	102.23737	-7.466833	66.523346	31.489193	101.751434	-6.8972464	-0.38260418	2.9324594	19.730259	-14.048171	-68.121284	4.2233562	683.4861907958984
10	577.83685	92.14464	650.72	396.39075	241.90042	85.7073	351.11505	30.655865	325.1334	101.3995	588.3213	210.56726	256.19855	95.83092	380.8336	85.92223	942.6	440.5	587.7	466.2	39999	68.46599	30.367756	99.19055	-7.6669517	68.46568	30.36775	98.68194	-6.892917	-0.63080865	2.8282888	17.314116	-12.9670725	-69.91633	3.7964268	764.9694652557373
11	546.8634	129.77344	639.7993	324.88763	445.45184	64.413765	590.12286	388.04172	581.40875	44.09642	685.1169	503.3435	525.2528	72.78528	599.6668	386.49054	905.75	765.9	989.2	917.0	43999	70.82015	29.672987	98.48747	-7.6625257	70.82044	29.671885	98.97249	-8.3181715	-0.8148036	2.7981076	17.84055	-14.399335	-72.190186	4.102575	863.0821912288666
12	629.6066	20.513906	646.9158	594.6525	492.55673	111.87112	627.9874	279.6089	412.0206	164.84285	694.0621	239.83345	460.95294	167.70537	616.49414	190.20831	1000.0	854.5	665.9	764.9	47999	73.75827	28.89803	99.43626	-9.696218	73.758354	28.896852	99.56638	-10.582522	-1.0370641	2.746601	17.03744	-13.204135	-75.074745	3.6055672	955.7883937358856
13	626.0584	22.160316	645.2234	588.32623	548.5951	129.0941	696.25726	198.20943	551.9281	110.82844	694.9925	263.85327	529.46277	121.95774	692.9977	187.30214	1000.0	931.1	943.3	929.6	51999	76.71803	28.620806	101.38575	-19.52155	76.71809	28.61962	101.58197	-29.50944	-1.1969472	2.7280154	20.795835	-15.280012	-77.994736	3.3576615	1051.9981846809387
14	648.5237	14.09809	664.5873	630.0057	410.0152	224.23618	695.319	136.11214	365.30466	194.57521	694.90247	154.86464	428.48413	181.6836	692.6307	210.4394	1000.0	635.5	604.9	641.3	55999	79.97922	28.298456	104.72334	-9.887263	79.97932	28.296856	104.427795	-15.155251	-1.3708097	2.6753674	20.363241	-13.429995	-81.24392	3.6550634	1136.1397829055786
15	618.56024	16.660099	646.70184	603.2673	408.82635	144.97615	685.491	208.67126	451.14642	189.9281	692.80347	171.58487	361.31564	148.42485	596.1858	179.98216	1000.0	586.7	696.3	549.2	59999	83.07868	28.125921	107.62173	-19.006727	83.07885	28.12486	106.995834	-19.245075	-1.3784415	2.639636	22.370703	-14.13829	-84.322876	3.6284618	1220.9060525894165
16	630.6514	14.7613945	644.2339	608.7067	234.09482	52.47854	304.239	142.86452	362.8931	182.44424	635.6181	118.36787	258.21576	124.181786	567.938	137.82312	1000.0	353.8	562.5	384.5	63999	85.83732	28.053556	109.766266	-13.662764	85.83719	28.053007	109.39873	-20.010035	-1.4406207	2.6238673	22.535595	-13.14282	-87.065254	3.3891716	1300.7022676467896
17	532.3801	181.40428	633.4944	169.89398	147.37502	68.87658	253.673	85.89628	267.03876	189.8256	608.9998	89.318756	162.89685	77.08003	290.19385	77.24087	843.6	216.5	407.0	240.9	67999	88.1351	27.972025	111.09139	-23.297062	88.13492	27.970947	110.76282	-19.166773	-1.5231397	2.602123	21.821846	-14.466644	-89.32966	3.2947779	1374.47603058815
18	632.14935	20.62981	653.0115	611.2107	340.03387	144.63995	602.26447	192.84572	344.27655	151.05136	578.69525	168.54414	369.93152	136.52116	647.83624	212.92047	1000.0	533.0	576.7	575.9	71999	90.10558	27.903013	113.61262	-19.845873	90.10557	27.90292	112.705925	-14.636295	-1.5725111	2.6102588	23.365646	-14.140057	-91.272125	3.2519968	1457.3727614879608
19	558.76154	138.49722	652.05414	319.6229	272.63077	176.76228	693.67725	110.020645	344.56494	201.37315	695.35767	112.891304	256.37994	105.4052	471.9578	124.57245	891.5	385.6	491.9	369.1	75999	91.97272	27.700834	115.10339	-54.104424	91.97285	27.698883	114.14429	-48.441982	-1.5828569	2.6055472	21.126139	-13.45928	-93.11255	3.3862085	1536.1762056350708
20	634.509	15.824114	652.2483	612.6574	223.47417	83.5321	412.16022	142.25812	386.21713	183.57301	633.16003	118.1303	300.04266	143.01073	673.83813	134.45238	1000.0	324.4	617.8	434.5	79999	93.89272	27.115828	117.18454	-27.299572	93.89311	27.11411	117.36524	-29.269512	-1.6475253	2.6300614	24.353165	-13.727882	-95.02181	2.9827929	1616.666835784912
21	629.7536	3.8497822	635.92126	625.5362	267.119	150.88478	593.14246	158.64503	500.40472	132.6016	632.11	200.09592	316.35342	155.73184	592.2079	171.74869	1000.0	416.7	843.8	525.0	83999	95.52192	26.786446	118.90973	-34.06385	95.52202	26.784767	119.21803	-45.99682	-1.7121228	2.5897872	23.717201	-15.1188	-96.63645	3.026581	1700.9493191242218
22	632.71814	10.95838	649.0761	620.63495	378.7232	207.77739	696.23865	221.09743	386.74338	194.03397	640.6754	112.6833	325.81256	193.92358	695.16705	117.039185	1000.0	577.4	619.7	525.4	87999	97.43179	26.192398	119.005455	-44.798805	97.4323	26.190472	118.47843	-67.70366	-1.7897	2.5844457	27.38676	-12.3175125	-98.53639	2.7219894	1784.8941247463226
23	527.865	228.97499	656.31836	70.28428	233.85515	126.0136	587.1105	162.86765	285.89633	135.80101	593.71216	79.665016	356.11325	138.50996	570.5996	151.75348	823.0	396.0	478.9	634.1	91999	98.91222	25.946918	120.80333	-56.11661	98.91204	25.94649	120.52073	-47.106495	-1.865779	2.5364053	25.065496	-17.236904	-99.99778	2.7879965	1867.878707408905
24	669.7272	10.454901	681.69775	653.77795	167.91531	43.643955	233.52788	119.67093	205.9971	53.980057	267.586	114.9966	191.3013	57.969635	275.2528	116.74895	1000.0	277.1	332.4	318.1	95999	100.46491	25.380676	120.52856	-83.593994	100.46528	25.378569	120.17311	-79.135124	-1.9001458	2.51409	23.866524	-13.743956	-101.52721	3.1090353	1942.0756397247314
25	646.5033	11.856493	661.34644	628.99805	347.92282	157.37297	575.4859	175.65573	307.22705	132.24014	582.0722	181.2243	338.40582	185.28838	689.35626	179.30862	1000.0	560.1	463.7	520.1	99999	101.84429	24.756433	121.110054	-30.150913	101.84433	24.754772	120.81219	-54.116257	-1.9087692	2.5094187	21.113243	-12.200729	-102.8971	2.9171538	2022.1385860443115
26	664.66583	8.482707	674.8317	653.4987	243.76083	80.90262	351.6943	117.82555	359.5658	184.39781	699.8723	165.33113	237.4565	81.19378	339.95514	111.5122	1000.0	352.1	524.5	347.8	103999	103.22429	23.643877	121.48789	-49.308388	103.22475	23.642294	121.11557	-66.5749	-1.9880219	2.5519528	27.84553	-15.146067	-104.27043	3.2948213	2099.951607942581
27	588.2875	112.931915	664.6219	393.24664	179.93105	56.158543	321.62488	129.58331	205.57693	56.19332	294.98532	137.77722	200.72327	47.645947	295.45325	131.85576	900.25	283.2	325.7	309.8	107999	104.37704	23.085604	122.25113	-55.043076	104.37742	23.083628	123.77386	-49.420914	-1.9892446	2.5360892	22.490116	-12.638527	-105.405594	3.317564	2175.3401782512665
28	632.9295	49.204994	664.68665	534.8795	307.00897	81.48768	495.88678	161.7217	405.50653	230.45541	698.01697	123.72736	252.06465	90.85685	392.11203	106.14059	964.4	449.5	614.7	358.7	111999	105.34468	22.783697	128.0545	-83.29961	105.34557	22.778822	131.05717	-61.92185	-1.9950776	2.530949	23.8688	-12.560805	-106.35003	3.3882422	2253.976223707199
29	636.7505	23.622808	666.55695	608.6119	210.54964	75.225555	395.89087	153.59076	314.85547	160.26805	632.77295	140.37543	303.29507	158.50526	693.72766	159.80067	1000.0	340.2	514.1	470.6	115999	106.21214	22.623178	133.99826	-36.431324	106.21213	22.621178	136.41685	-45.697647	-2.048588	2.5142148	23.284021	-13.662258	-107.22446	3.1724787	2332.433676958084
30	642.6472	7.9662585	655.3585	633.374	269.8792	183.659	795.0156	129.31369	375.164	215.5564	636.74756	153.63971	242.91904	109.00694	479.4433	127.61985	1000.0	373.5	568.6	363.5	119999	106.99242	22.421566	123.29105	-42.383858	106.99312	22.417864	123.97617	-58.005302	-2.0526412	2.5093355	25.365456	-12.975432	-107.98387	2.9137611	2414.4820833206177
31	326.2373	285.0226	668.618	22.372318	296.9581	33.5099	358.85983	253.11974	324.83194	138.36102	701.19653	177.39851	291.66504	72.34765	416.6545	157.61069	497.0	453.2	497.0	433.6	123999	107.39499	23.2526	124.31852	-115.686966	107.39519	23.251997	124.46558	-105.35687	-2.0856574	2.4067674	24.526129	-12.862359	-108.35232	2.7114139	2495.1340687274933
32	646.5122	19.763182	675.80566	627.18524	407.03345	111.67171	533.8319	217.71774	422.0158	170.94217	699.17114	215.04959	399.72763	119.90044	543.29724	218.66473	1000.0	691.4	699.0	682.7	127999	107.66163	23.928585	124.6697	-66.799866	107.66178	23.927628	124.06048	-55.102837	-2.1276088	2.3954928	24.700525	-12.896545	-108.62483	2.621702	2585.4163570404053
33	675.1037	12.550882	687.2051	658.2778	595.10144	161.13838	699.4092	280.23993	441.67462	179.54733	699.2323	250.54332	464.68304	184.23183	697.54224	284.16565	1000.0	900.5	723.3	754.2	131999	108.06396	23.960966	125.05406	-34.81505	108.06366	23.96171	123.77146	-28.975054	-2.2372928	2.4064534	24.064484	-13.512519	-109.01658	2.583559	2681.9414398670197
34	656.38336	11.259202	669.8394	644.10547	598.87317	171.06049	797.42786	311.94302	566.0126	206.46886	797.36896	289.7367	526.03125	169.82326	794.17053	306.14444	1000.0	899.5	831.8	809.5	135999	108.85501	23.511293	124.40596	-61.810444	108.8551	23.510944	123.776115	-38.600517	-2.2773376	2.4200492	23.24379	-12.926102	-109.80538	2.5109873	2776.7047350406647
35	652.0299	11.420603	668.38367	636.7202	476.29645	182.38795	798.95886	290.93582	482.08926	174.9271	797.2385	273.21368	546.6367	215.37802	792.2959	295.35614	1000.0	726.8	774.3	766.3	139999	109.6466	23.325901	125.81183	-38.47792	109.6465	23.327412	124.597046	-47.45886	-2.3456953	2.360289	24.959116	-14.498447	-110.61989	2.1999083	2869.542377948761
36	558.8679	185.82626	670.61395	188.12775	689.82056	13.912536	705.9323	662.3143	665.68567	35.42654	703.27356	602.0186	662.6419	24.34156	686.597	608.3712	856.0	1000.0	1000.0	1000.0	143999	110.51668	23.070736	126.02521	-37.52792	110.51681	23.072136	125.71678	-72.39162	-2.4013553	2.3064232	24.51235	-12.489493	-111.462135	2.3949404	2974.0254814624786
37	676.0792	12.98105	694.2077	659.0223	519.73737	67.13085	566.5732	322.86038	622.8238	98.362366	777.58594	504.83786	619.5915	51.094143	754.1471	547.6744	1000.0	847.7	918.8	945.4	147999	111.47907	22.992378	126.93666	-55.463886	111.47911	22.991678	126.81116	-47.960144	-2.396886	2.3048913	24.8324	-14.069622	-112.430756	2.4076357	3074.717714548111
38	662.11926	5.5273037	671.4099	657.47235	548.7483	141.01411	734.1611	380.82193	527.8319	126.86037	718.45264	353.8249	528.6708	104.96151	737.22736	411.7817	1000.0	813.7	792.4	803.9	151999	112.33094	22.564337	127.67103	-77.6869	112.33114	22.562386	127.50421	-28.986353	-2.3953543	2.317483	23.19146	-14.405992	-113.27699	2.109327	3169.2696373462677
39	665.05383	7.2631674	675.6462	656.50366	601.1177	123.296555	708.85266	330.94183	543.0526	153.22835	708.06616	291.80255	501.507	170.23045	758.2235	321.61423	1000.0	884.6	807.8	729.9	155999	112.96154	22.48166	128.51141	-59.511288	112.96173	22.481817	127.786095	-63.129086	-2.461043	2.245298	22.975388	-13.340894	-113.89392	2.1801925	3274.4537961483
40	661.3419	2.874557	664.2219	657.21875	440.73785	183.95392	701.9602	260.59747	539.3448	153.87709	702.129	260.3196	481.62555	72.77492	699.40137	446.76987	1000.0	651.3	811.7	746.2	159999	113.47848	22.329699	128.7533	-27.363218	113.47866	22.329166	128.4977	-32.329388	-2.4774432	2.2338998	29.252409	-13.81229	-114.40727	1.958899	3369.615725040436
41	671.8077	17.238476	699.2555	653.7143	553.0256	115.50117	704.2628	262.19653	486.4047	164.03326	704.7179	239.08464	576.8073	67.69505	702.5958	509.28687	1000.0	880.4	759.0	923.3	163999	113.92564	22.121334	129.31868	-38.308598	113.92558	22.121904	128.25299	-50.973957	-2.4996052	2.1951025	28.960732	-12.881623	-114.83673	2.0333736	3463.137688398361
42	686.079	20.233976	704.281	654.1653	624.7868	65.376274	705.53687	564.9962	520.41907	146.70883	704.40967	230.62659	600.8576	53.4216	709.7865	569.18964	1000.0	1000.0	865.6	1000.0	167999	114.47836	21.812595	128.96246	-39.27808	114.47868	21.81083	129.22757	-38.71696	-2.5537484	2.206061	25.529173	-14.715499	-115.406075	2.1177006	3563.1073517799377
43	675.5462	18.777775	706.14014	655.0353	497.83417	229.48465	705.8708	40.84973	556.5835	138.02719	708.7658	185.66144	483.10956	181.40982	722.46246	67.41414	1000.0	792.5	923.3	782.3	171999	114.90525	21.560936	129.85968	-98.09619	114.9056	21.558163	129.33774	-68.77213	-2.5819752	2.1939	26.467033	-14.341956	-115.809685	2.1396387	3659.8656907081604
44	666.7009	12.215956	683.15137	652.73517	579.8263	105.88178	703.9084	404.02777	572.08514	92.04848	702.88727	461.894	592.24805	108.812294	705.3589	329.38297	1000.0	901.3	906.8	915.6	175999	115.30659	21.422285	129.46815	-48.523132	115.30695	21.420246	128.46628	-41.45062	-2.5766013	2.180222	25.465183	-13.180261	-116.20488	2.0028236	3758.8814239501953
45	673.17957	13.146571	685.3026	651.0112	594.27606	113.09164	704.8475	323.8512	534.45764	141.17128	705.1627	321.6652	644.934	71.62884	704.1957	547.13824	1000.0	930.8	833.6	981.6	179999	115.81174	21.068508	129.6704	-60.160423	115.81173	21.067125	129.59033	-66.29229	-2.5588388	2.2064183	30.136734	-11.924238	-116.705284	2.0229557	3858.06014084816
46	666.7356	10.728938	681.3851	654.8393	475.7818	99.70084	603.89154	291.45944	498.98828	83.068504	611.81305	299.02005	460.18774	165.76306	737.4994	256.66742	1000.0	846.8	894.3	749.7	183999	116.329	20.902592	130.50612	-42.614647	116.3291	20.901052	129.72672	-31.219372	-2.5860856	2.2122014	24.102537	-13.345703	-117.23947	1.9198626	3953.215829372406
47	662.9739	26.449562	706.5518	635.167	655.7317	55.196835	701.023	571.9903	617.4164	60.774353	700.52234	530.0295	598.1051	32.93069	664.7587	567.57166	1000.0	1000.0	988.1	1000.0	187999	116.84244	20.568165	132.55385	-68.593185	116.84222	20.567886	131.28275	-65.94303	-2.5762384	2.2256274	31.315968	-12.206715	-117.74485	2.1279938	4054.35679602623
48	667.2095	8.809278	677.2931	653.0903	622.4845	79.60866	704.80164	402.65927	654.128	34.33042	704.26465	607.0569	631.6892	133.31781	702.94977	237.59946	1000.0	960.8	1000.0	935.0	191999	117.23507	20.455984	131.8685	-33.591312	117.23504	20.455973	130.68803	-53.219563	-2.5878553	2.2104046	24.692167	-12.672569	-118.13609	1.935789	4160.732398748398
49	546.55066	249.20102	697.76416	49.758724	478.53546	134.47133	663.8177	270.0971	459.7207	164.60556	667.60693	231.3465	546.8451	145.94545	679.92554	282.0299	812.0	773.7	726.4	850.4	195999	117.83395	19.733637	132.61627	-61.160957	117.83395	19.732462	132.41573	-35.437828	-2.5551882	2.2713552	30.999727	-12.899246	-118.73038	2.2681851	4262.096303939819
50	352.3554	331.80664	704.07916	12.10134	306.65253	86.45903	479.27225	220.46227	404.9481	164.82378	698.28076	220.74318	359.8583	174.81203	695.935	241.00116	514.125	487.2	603.4	548.9	199999	118.10899	19.8813	136.9114	-39.187084	118.10889	19.880966	138.96701	-50.273422	-2.4983563	2.2919269	30.693434	-14.569535	-118.99986	2.3080883	4355.962705850601
51	671.62036	4.1852674	675.90704	665.0608	606.181	105.4755	702.5193	347.92242	644.5688	51.625626	702.85034	538.2987	681.2401	39.604412	703.1358	584.92114	1000.0	949.5	1000.0	1000.0	203999	118.07535	20.438135	132.52979	-80.615524	118.07518	20.44	132.48743	-96.63296	-2.5608745	2.1502695	22.425083	-12.601725	-118.942795	2.141123	4456.867383718491
52	663.6126	2.8537166	665.5645	658.71326	485.72958	167.99844	694.3446	201.15413	508.12573	155.90074	703.8966	273.14203	559.7023	85.07258	689.37573	389.87375	1000.0	816.1	851.6	982.0	207999	118.4662	20.033386	133.44014	-43.904613	118.46655	20.031128	133.15033	-45.92887	-2.566096	2.1835651	25.007137	-13.012126	-119.332954	1.9484216	4558.232894897461
53	670.45105	9.335849	681.0996	660.26483	609.7926	75.52522	800.814	564.7117	727.6942	105.65049	800.4239	555.6836	683.215	101.86111	796.7229	568.712	1000.0	1000.0	1000.0	1000.0	211999	118.85246	19.540941	133.272	-28.505312	118.85232	19.540743	132.5249	-26.027864	-2.5782087	2.1507459	23.003475	-15.389087	-119.71918	1.9223813	4663.378207921982
54	664.70056	5.499272	673.15424	657.75226	640.6277	84.87206	705.23975	494.18777	555.5553	131.73543	705.8562	221.85199	616.79083	96.51509	718.69714	490.93512	1000.0	1000.0	938.2	1000.0	215999	119.13116	19.185755	133.44359	-54.438053	119.13137	19.187103	132.60956	-47.47975	-2.5650754	2.1493611	22.198689	-13.412091	-119.97632	1.9758098	4761.891859292984
55	655.7677	10.212093	672.60547	645.1646	627.1679	186.1163	794.54816	202.17917	633.0537	151.57101	796.65967	347.53677	690.404	141.40413	782.6544	325.55838	1000.0	925.5	922.5	946.8	219999	119.34834	19.437458	133.48985	-121.894905	119.34838	19.438795	132.88812	-109.9527	-2.5524566	2.1723526	30.512716	-11.961065	-120.206566	2.048092	4859.054212331772
56	663.6228	16.004957	687.36566	647.5478	679.0268	20.608435	704.14075	655.5613	652.9995	96.35276	704.0717	369.1236	684.5062	21.05336	711.7856	657.0754	1000.0	1000.0	960.4	1000.0	223999	119.78709	18.98602	134.0008	-30.96153	119.78704	18.98658	133.25754	-40.138016	-2.5991857	2.1710289	24.34242	-13.494741	-120.648796	1.9499761	4958.718716144562
57	665.59204	7.5254645	673.99164	653.4044	681.56256	26.433605	702.1816	604.27277	568.7462	178.23665	704.5429	242.30887	662.63806	46.99768	703.99084	577.1997	1000.0	1000.0	843.5	991.6	227999	120.17034	18.805758	141.07368	-44.714977	120.16964	18.810633	141.81088	-63.984314	-2.6077468	2.1319613	24.166378	-14.130623	-121.020676	1.9011962	5058.377628087997
58	651.9896	14.600337	672.7472	632.7995	645.4327	56.762157	704.1246	524.5928	588.35175	76.31801	704.8446	473.4725	632.4225	76.57937	701.23755	496.6132	1000.0	991.9	973.9	986.6	231999	120.4525	18.54104	149.42285	-78.19708	120.45218	18.538528	153.00015	-51.174145	-2.5992634	2.136867	29.29995	-13.798233	-121.2963	2.285538	5160.375875711441
59	659.6002	11.923825	678.2998	648.86084	494.15015	169.85507	704.56464	256.87286	546.96027	193.10095	706.3633	174.98354	397.10117	199.71362	707.5739	184.5774	1000.0	770.3	827.9	623.8	235999	120.57878	18.277988	148.82965	-82.61965	120.57885	18.274698	147.8684	-58.637676	-2.5764804	2.150797	34.988495	-13.202656	-121.40597	2.1542413	5252.625751018524
60	658.4746	12.962902	673.13904	638.33826	629.547	112.98345	708.10065	318.19983	652.0739	119.91403	708.8709	309.6457	617.579	160.96956	727.90247	281.23993	1000.0	947.4	945.5	890.5	239999	120.49157	18.444735	136.73764	-25.957638	120.49108	18.445063	137.9668	-32.41174	-2.6267753	2.1214886	26.326328	-13.581987	-121.324646	1.827667	5352.592125415802
61	661.7921	7.322109	672.38324	653.2542	492.69623	213.5513	702.0551	196.76501	531.3012	190.8438	704.1181	195.60724	328.67087	138.8764	697.757	185.89026	1000.0	712.2	780.4	471.1	243999	120.68658	18.102215	134.99431	-57.7107	120.68668	18.102455	134.40509	-56.520813	-2.641352	2.1321645	27.552116	-14.418231	-121.51525	1.9883374	5440.698001384735
62	684.37646	7.326266	692.66144	674.9037	641.9517	84.72514	705.79224	403.1268	628.0453	116.61125	705.29614	291.9747	645.26385	74.07626	702.62823	439.98892	1000.0	954.7	941.8	960.5	247999	120.79401	17.955198	134.20454	-49.2334	120.79435	17.9549	133.90898	-59.927002	-2.697849	2.0751839	24.063955	-12.5573845	-121.6178	1.9686633	5540.661772727966
63	657.9956	9.218034	671.39624	646.2997	413.88666	152.5264	701.99744	240.28828	528.8961	152.23874	704.631	229.56125	484.4904	131.0629	709.8852	269.19626	1000.0	646.5	846.3	786.4	251999	120.92626	18.03498	134.18887	-80.279884	120.92622	18.032644	134.02362	-67.93478	-2.7265627	2.068821	25.754848	-12.748867	-121.75645	1.6757411	5644.732721567154
64	671.5288	20.37589	696.54913	640.3204	653.13904	64.36625	705.50256	546.8324	629.1593	51.505917	706.0982	572.6428	654.51697	66.29799	731.45215	581.2987	1000.0	1000.0	1000.0	1000.0	255999	121.07655	17.974926	134.65152	-57.98983	121.0762	17.972935	134.16737	-45.146503	-2.7091224	2.0259988	23.89978	-12.778384	-121.89252	1.9410969	5752.337472200394
65	667.8675	10.70247	684.20197	654.44977	638.8322	50.69784	704.8213	580.39575	631.08844	52.860374	704.747	563.77167	641.8446	46.63977	715.9186	600.749	1000.0	1000.0	980.6	1000.0	259999	121.15547	18.363712	134.70175	-52.58976	121.1555	18.361765	134.3864	-30.81238	-2.7542572	1.9992651	26.34767	-11.838997	-121.976845	1.646453	5854.001271247864
66	676.73865	17.827738	705.1888	656.9781	564.8695	61.245285	699.36926	498.35422	605.27606	86.09521	706.7226	490.82083	569.81726	70.30892	704.0039	455.60724	1000.0	1000.0	1000.0	999.2	263999	121.44763	17.769918	134.89355	-113.06748	121.44725	17.771183	134.15504	-97.51223	-2.7305655	2.0502942	24.72876	-11.954168	-122.27434	1.8789771	5957.045839548111
67	673.03125	10.789941	684.3573	662.1774	631.631	88.643585	704.6811	370.9308	589.7289	147.22081	704.1789	263.63022	591.0839	126.58505	702.65515	320.7416	1000.0	952.1	883.3	895.3	267999	121.65242	17.315542	138.1507	-71.1214	121.65219	17.314543	137.88797	-70.9727	-2.735565	2.0318494	22.250542	-13.814234	-122.45893	1.6183108	6054.200248718262
68	670.96515	18.127382	699.0675	649.44165	600.9293	111.25428	704.99146	283.62726	626.19385	123.365875	704.72314	272.83426	628.96405	96.91863	701.08154	356.4598	1000.0	940.4	938.5	953.0	271999	121.71557	17.510952	144.24734	-37.792606	121.71609	17.509289	143.2317	-54.256474	-2.6878147	2.0653577	25.968931	-12.593061	-122.52386	1.6094242	6151.362989425659
69	678.53326	6.982209	686.229	668.5718	400.73306	163.80887	753.8705	246.82639	535.7614	162.46007	723.35364	244.844	491.52164	192.01764	733.2396	297.8637	1000.0	591.3	832.4	699.4	275999	121.94865	17.043474	140.58203	-74.699326	121.94857	17.040335	138.42267	-47.404243	-2.7486193	2.0418327	22.509775	-15.3258	-122.75731	1.5195286	6239.994664430618
70	671.4753	5.764821	678.5216	663.72845	633.41675	34.11503	702.08636	606.21405	650.23926	36.54357	704.86975	611.05865	685.34265	73.054085	771.7892	593.0005	1000.0	1000.0	1000.0	1000.0	279999	122.06884	16.833443	134.81584	-65.94766	122.06891	16.831102	134.46642	-44.671513	-2.73249	2.0646422	24.932192	-12.855072	-122.877655	1.6162266	6341.126181125641
71	672.2016	9.381647	680.78595	657.9999	647.9589	73.53369	706.2659	539.3878	629.20544	74.82016	705.8544	542.10065	619.31995	83.97434	725.1795	537.4963	1000.0	1000.0	1000.0	1000.0	283999	122.21894	16.966866	135.53372	-43.210274	122.21947	16.96057	138.45683	-39.80313	-2.7101057	2.0475423	31.454895	-13.289494	-123.0116	1.7580366	6442.800262928009
72	682.9279	8.849402	690.52826	667.8731	635.5184	94.6898	707.1501	366.4981	644.3693	25.422049	699.21576	613.2682	584.8561	99.871376	654.8922	378.28214	1000.0	953.5	1000.0	910.1	287999	122.41531	16.825615	136.13925	-49.777557	122.41513	16.824535	135.5829	-48.340126	-2.7309928	2.026663	26.803192	-13.894836	-123.19834	1.8315691	6551.787211418152
73	690.23413	10.036036	701.40137	675.6365	648.3868	37.72433	708.1689	602.13776	648.59534	122.93716	708.5851	287.90933	635.356	97.962555	731.3536	368.61633	1000.0	1000.0	942.0	947.7	291999	122.37936	16.846603	135.57962	-49.16662	122.37931	16.845339	134.7858	-45.561047	-2.7555156	2.058291	28.601479	-15.033844	-123.17459	1.7475785	6670.103466033936
74	684.5111	11.687285	697.4653	668.1432	586.16254	144.58041	704.8013	310.17618	575.36127	84.9109	705.4542	422.9792	601.85144	106.890434	723.5346	365.04636	1000.0	905.7	960.7	954.2	295999	122.65401	16.378717	135.09984	-40.832253	122.65377	16.382484	135.05261	-70.82778	-2.7603528	2.052692	32.60233	-13.03243	-123.455925	1.7611489	6771.524929046631
75	678.3794	14.310767	702.3055	664.77563	672.2398	29.455357	707.3267	639.0683	607.72943	142.26305	706.104	202.49028	674.5337	43.255085	775.88763	629.29034	1000.0	1000.0	926.8	1000.0	299999	122.82961	16.42812	135.6388	-36.537426	122.82959	16.429876	135.81033	-33.871113	-2.808332	1.9931426	29.64723	-12.454263	-123.61759	1.5085303	6873.3640813827515
76	693.6958	12.800674	715.58875	684.42126	524.6437	142.65544	706.9953	258.37488	615.12146	77.601555	704.36383	471.91406	565.8514	104.53182	708.19995	319.00186	1000.0	852.7	945.0	896.2	303999	122.97331	16.586838	139.28673	-45.261997	122.97322	16.589571	139.91145	-59.835754	-2.770739	2.0073695	29.434841	-13.855267	-123.76019	1.7080921	6972.9989647865295
77	542.73596	272.0023	689.13617	-1.1233326	409.30347	174.73915	705.1527	214.76187	466.60187	231.54745	797.3904	200.96115	404.82196	156.16096	730.9404	215.11644	803.4	593.6	673.4	600.0	307999	123.21257	16.119547	149.56435	-98.526245	123.21203	16.123907	157.19044	-92.42124	-2.8004694	2.0253172	39.064472	-11.868091	-123.993835	1.9994761	7059.792662143707
78	692.8042	13.256524	703.01373	670.09375	526.07056	110.281044	701.97375	358.4898	569.1962	133.2461	699.7405	232.57649	523.78925	116.38843	617.6456	285.34146	1000.0	843.2	902.9	869.9	311999	123.07301	16.364094	136.00761	-27.16791	123.07246	16.365479	135.39801	-35.805923	-2.8363934	1.9480758	27.688347	-11.949913	-123.85383	1.8055357	7174.920832157135
79	684.4387	4.7137394	692.0206	679.23975	630.9631	74.59242	703.9838	516.5968	557.5128	160.69673	706.3245	229.09589	646.8375	57.27186	705.04224	579.41296	1000.0	961.7	874.6	998.7	315999	123.18575	16.505661	136.12068	-40.607014	123.18526	16.506289	136.05196	-73.7014	-2.809065	1.9674214	29.742462	-14.261987	-123.97116	1.6476648	7279.469855546951
80	688.8284	6.568076	696.23236	680.4403	662.8604	39.77621	705.1943	600.0077	529.90985	170.18016	692.9671	228.60025	655.35345	41.270035	701.931	606.1739	1000.0	1000.0	806.0	1000.0	319999	123.26344	16.69435	136.43228	-55.751144	123.26298	16.695787	135.84407	-50.103683	-2.839842	1.9121957	26.27797	-13.851191	-124.03667	1.5143653	7390.351233959198
81	670.24164	1.6523196	672.8437	668.2748	624.56537	122.78284	701.47797	274.3887	607.89954	87.3731	700.62305	423.17368	667.98193	56.896053	717.8087	550.4423	1000.0	929.2	938.8	974.4	323999	123.3771	16.580975	136.13805	-61.642754	123.3768	16.582216	136.35931	-105.68038	-2.8679862	1.8823577	24.337803	-12.998904	-124.15578	1.6462349	7490.552871227264
82	685.28467	9.68527	693.1848	669.3648	492.91138	138.71051	703.4335	272.02814	468.76767	148.41586	706.7898	212.38512	532.45404	100.41969	647.5792	330.57907	1000.0	851.7	785.7	904.3	327999	123.44078	16.269043	136.25096	-58.43541	123.44074	16.267979	136.27733	-50.251972	-2.8373556	1.8851469	23.066622	-13.774622	-124.21167	1.6429471	7588.071903705597
83	680.6322	8.248815	693.6976	671.75073	628.7743	36.180706	704.6597	588.0071	634.092	45.739536	703.2649	580.34106	641.62415	43.196896	707.7231	590.40356	1000.0	1000.0	1000.0	1000.0	331999	123.59451	16.228846	136.49155	-79.255196	123.59418	16.228865	136.09166	-98.64502	-2.8561215	1.8961421	27.67911	-12.508679	-124.371826	1.5281575	7690.045037746429
84	679.8635	11.153162	692.1373	662.1753	592.2367	41.19009	699.59235	556.15265	559.40076	130.60649	699.685	202.62015	586.3183	47.659874	686.8553	543.07666	1000.0	1000.0	933.1	1000.0	335999	123.77578	16.007702	136.3793	-57.75363	123.77529	16.00956	135.75366	-44.833313	-2.851953	1.8819811	23.89036	-12.481744	-124.544235	1.4627656	7789.2337474823
85	679.29584	6.331869	689.24603	671.6458	649.2781	55.59533	703.70746	571.915	614.3039	77.17182	704.2966	481.03464	597.82697	75.1034	705.09845	431.87167	1000.0	1000.0	972.6	964.3	339999	123.83848	16.095938	136.22646	-61.08842	123.83807	16.096478	136.23763	-40.187828	-2.877389	1.8569447	28.280163	-11.988145	-124.61648	1.4088529	7890.923762559891
86	671.2711	26.569021	698.96796	627.6064	650.94434	80.26698	705.823	520.96356	558.89716	162.56242	706.4867	243.8567	648.7136	125.191795	720.1161	304.1578	1000.0	1000.0	856.0	944.6	343999	123.86911	16.174364	136.65056	-51.081432	123.86916	16.17564	136.1789	-90.34312	-2.8903766	1.8772341	28.255484	-13.628686	-124.638794	1.3814442	7996.081343173981
87	690.2808	8.054276	701.5628	682.0764	600.916	58.372017	703.39984	532.7464	597.46265	47.411804	705.69806	524.4884	598.2213	53.993767	701.4306	536.34644	1000.0	1000.0	1000.0	1000.0	347999	124.07861	15.919237	137.53314	-77.225075	124.07863	15.917283	136.37268	-39.085545	-2.898498	1.8679589	30.656803	-12.852641	-124.85773	1.3950465	8099.6640503406525
88	700.2482	24.509684	735.499	666.2563	607.5921	144.25967	703.2287	230.91061	637.8636	77.4322	702.18066	521.48535	623.92145	76.82859	702.49255	541.6377	1000.0	938.2	1000.0	1000.0	351999	124.23319	15.675422	136.46802	-52.06654	124.23315	15.675288	136.58444	-60.128273	-2.9295466	1.8475119	29.242832	-12.204541	-124.99858	1.351012	8201.51353430748
89	697.14154	11.282704	707.8474	681.11945	637.98846	100.60112	703.91754	372.08185	625.7787	85.75865	756.94507	448.55377	634.5405	136.24849	702.2295	243.90486	1000.0	951.3	963.5	933.6	355999	124.25843	15.699994	137.19075	-62.66817	124.25795	15.701144	137.25256	-81.63778	-2.9128578	1.8621856	26.912584	-13.706318	-125.011154	1.3403735	8302.228317022324
90	704.88324	9.2627735	714.16187	695.5593	626.3033	124.707214	701.7759	318.6288	535.7744	107.19552	700.0096	297.65756	614.28613	89.89315	710.88434	510.4407	1000.0	944.1	941.5	1000.0	359999	124.43856	15.467236	137.11664	-73.67667	124.43871	15.465737	136.79976	-52.166477	-2.9112546	1.8852257	29.596512	-12.789465	-125.21145	1.5899521	8399.828081846237
91	693.2633	21.123924	715.0608	661.4472	636.2682	145.31488	707.8882	231.69092	625.79486	100.37786	798.47015	493.94308	679.6112	86.02676	755.3934	514.16156	1000.0	935.8	976.6	971.8	363999	124.50052	15.442883	136.90723	-104.163155	124.50028	15.441484	136.97047	-62.85753	-2.8940215	1.8867989	29.387115	-12.390261	-125.261475	1.4090985	8522.154715538025
92	689.4855	14.94224	702.6642	664.8548	708.45917	1.7396834	710.3331	703.7083	717.79767	27.589117	800.2331	702.2971	725.298	14.705802	755.90424	705.35345	1000.0	1000.0	1000.0	1000.0	367999	124.61958	15.261012	137.6003	-62.444344	124.61922	15.261194	136.46964	-67.65004	-2.9309788	1.8773941	29.831587	-13.264799	-125.39021	1.3849695	8631.5456097126
93	687.79736	12.655741	709.4054	678.3453	594.4759	89.47307	705.42377	511.65036	641.2432	83.07071	708.2419	495.5094	608.9199	95.00985	728.90814	518.82697	1000.0	1000.0	1000.0	1000.0	371999	124.74219	15.334968	137.51018	-52.721283	124.74192	15.336479	137.08649	-73.36394	-2.9148507	1.8846308	33.16937	-12.165629	-125.5041	1.3860757	8742.136438846588
94	698.42737	9.870565	709.17413	687.72186	600.90173	46.247486	702.47705	542.24146	580.9912	17.911808	606.9648	558.30536	619.60724	31.340622	698.9604	584.62054	1000.0	1000.0	1000.0	1000.0	375999	124.90939	14.967747	137.10876	-37.80559	124.90969	14.967498	136.9576	-56.47405	-2.9454222	1.861679	26.885118	-16.105516	-125.66796	1.2411377	8852.995607614517
95	692.7672	23.27962	728.35736	663.1	513.94904	199.86292	704.5485	178.04605	665.46436	160.82625	802.8549	194.96893	555.9263	167.97937	707.3951	198.15273	1000.0	737.2	926.2	802.4	379999	124.96399	15.153909	137.13835	-101.35406	124.96385	15.15096	136.77832	-46.006546	-2.9584773	1.8463727	25.29492	-12.081536	-125.72266	1.4949902	8950.378110408783
96	686.4039	5.8074627	693.98	679.3942	566.78595	107.78715	703.7784	406.6267	643.0746	85.63619	796.3786	496.3562	650.21497	121.57591	793.2318	346.47357	1000.0	918.4	1000.0	917.5	383999	125.14646	14.938575	137.61197	-49.29365	125.14642	14.937677	137.35724	-34.568233	-2.9273572	1.8377095	24.634836	-12.737458	-125.90947	1.3735087	9072.573935747147
97	683.43207	15.820411	710.3901	671.4406	658.13293	116.810616	754.9817	427.9331	696.08356	23.010952	714.9416	637.3049	692.6066	23.013756	713.8997	645.16077	1000.0	910.4	988.0	1000.0	387999	125.30041	14.767959	137.46799	-62.940277	125.30042	14.774418	137.08696	-122.42178	-2.9356928	1.8530104	24.878614	-11.523463	-126.05328	1.6571147	9199.927006483078
98	699.8936	11.677288	709.3205	679.9366	675.11414	44.42834	707.8616	605.04614	633.77264	29.879324	692.2903	604.3751	663.9662	37.349422	707.29266	606.5082	1000.0	1000.0	1000.0	1000.0	391999	125.43601	14.319428	137.19269	-56.628574	125.4363	14.317625	136.85143	-57.629265	-2.9664114	1.8144901	25.348051	-12.402208	-126.18639	1.5533324	9310.676789045334
99	683.63544	8.744339	698.22363	674.9684	571.4111	132.61125	716.371	404.65002	646.1149	127.25719	791.9733	374.8385	642.2257	124.177666	718.1906	350.94296	1000.0	825.7	910.5	924.5	395999	125.34905	14.714667	136.83717	-43.056465	125.34955	14.717846	137.92126	-86.75722	-2.9160478	1.8100054	29.324684	-12.814352	-126.08536	1.3504128	9414.837845087051
100	696.4686	10.8829365	707.3332	678.5414	661.1957	47.769455	702.5649	582.22546	671.1073	46.93695	706.08795	573.5147	653.6544	53.440907	702.32	514.83966	1000.0	1000.0	1000.0	973.1	399999	125.45464	14.618422	137.65495	-70.09626	125.45484	14.6187725	137.84895	-84.01599	-2.9402335	1.8286287	28.148956	-14.023189	-126.21156	1.5413414	9522.5581305027
101	683.5276	7.0092645	693.6391	674.4301	592.7167	105.74765	703.49713	452.8154	662.0932	101.11756	766.963	381.32043	543.465	126.08497	701.8003	312.38257	1000.0	845.4	945.8	768.9	403999	125.4201	14.901789	137.5319	-77.66674	125.4202	14.898609	138.4973	-41.430004	-2.9489856	1.8066791	27.35347	-13.103287	-126.17411	1.3479884	9626.68152475357
102	697.1375	29.86454	748.4808	675.01874	674.2489	39.40405	714.3382	602.5538	672.6138	39.209694	706.2707	612.2942	670.53516	43.01247	706.5783	575.30255	1000.0	1000.0	1000.0	979.5	407999	125.52743	14.708279	137.7134	-47.658943	125.52724	14.708702	137.78772	-76.39558	-2.948877	1.8128164	27.242758	-12.436273	-126.27901	1.2921747	9746.277255773544
103	706.8572	13.752885	729.8672	693.45465	657.22516	26.555706	710.58514	629.44867	651.66095	39.602406	707.0165	598.74634	633.54034	108.21393	709.20197	415.07162	1000.0	1000.0	1000.0	921.4	411999	125.55232	14.750541	137.189	-104.52945	125.55233	14.747892	137.15024	-68.63444	-2.9553523	1.8100946	27.700808	-13.368959	-126.29888	1.2769519	9847.11402964592
104	681.0074	7.437002	687.0096	668.3003	594.00165	45.09934	706.22076	549.1165	606.6769	35.667633	698.86536	547.94446	620.8339	45.697075	667.1545	562.99146	1000.0	1000.0	1000.0	1000.0	415999	125.61827	14.560969	137.49841	-29.279373	125.61857	14.559574	137.90446	-41.922344	-2.9592166	1.7805147	26.598463	-13.986537	-126.354	1.1583952	9947.099858045578
105	702.4877	21.321806	732.2803	680.4761	682.2009	25.310888	708.7074	636.95294	681.2792	31.079863	735.6059	633.0579	684.2042	45.88672	797.2312	634.70306	1000.0	967.2	961.0	953.6	419999	125.54502	14.738078	137.65692	-61.72344	125.54506	14.738532	137.53773	-49.18374	-2.951668	1.783356	26.695957	-15.984744	-126.28305	1.3264956	10052.157869815826
106	695.4528	26.55242	723.3923	652.86304	641.5996	63.75146	704.4272	486.98453	669.4182	39.955765	704.18915	602.91626	642.6527	22.506681	699.6836	614.7245	1000.0	967.1	1000.0	1000.0	423999	125.64244	14.601451	137.84462	-51.25565	125.64192	14.603464	137.52206	-63.4051	-2.9832165	1.7384899	21.54634	-12.982128	-126.38116	1.2343794	10161.458492040634
107	717.271	11.917178	730.50183	703.8707	703.92834	1.9716899	706.6599	700.6144	680.5209	35.81204	705.4449	614.4689	651.4639	46.799366	704.8216	592.4093	1000.0	1000.0	1000.0	1000.0	427999	125.60667	14.656285	140.3123	-48.43507	125.6065	14.660579	138.7243	-58.46261	-2.9860144	1.7664315	38.079712	-13.530001	-126.34458	1.0749363	10273.256433010101
108	694.59	17.206635	721.7689	678.4782	649.179	123.1175	707.1223	288.5218	641.85223	65.12342	707.0521	484.12814	590.8879	158.44702	721.455	316.37134	1000.0	941.2	969.4	853.5	431999	125.57653	14.7142315	138.29439	-52.893135	125.57589	14.714461	137.4405	-38.992657	-2.9992297	1.7515643	21.532387	-11.527985	-126.31325	1.1521119	10386.921266317368
109	699.15607	23.61782	727.20056	671.3715	589.13684	175.9606	736.86786	219.27533	627.1293	136.01889	727.7557	236.506	661.49255	50.475883	703.5605	579.7751	1000.0	843.7	931.2	987.6	435999	125.65753	14.594685	137.41928	-71.786674	125.65742	14.594864	137.8469	-46.912212	-2.993935	1.7592216	22.472286	-11.957571	-126.409386	1.1653851	10491.286843061447
110	706.8611	8.01204	720.62946	700.63574	693.3409	24.464237	709.35486	635.86957	699.30426	24.29083	717.0346	628.24396	705.90424	4.610178	708.69196	692.76245	1000.0	1000.0	1000.0	1000.0	439999	125.83228	14.487617	138.0312	-113.64102	125.83225	14.488394	137.72624	-73.637375	-2.9979322	1.7333777	23.738499	-14.04807	-126.570175	1.1994956	10596.528022766113
111	693.3621	8.475993	703.2288	682.13696	386.8388	117.383125	699.2764	266.69525	526.1845	218.94885	776.91583	256.91122	394.03458	117.19356	707.3664	282.00253	1000.0	534.4	711.5	540.6	443999	125.82572	14.716763	138.07668	-114.337234	125.82594	14.711238	138.60997	-41.401234	-3.0004928	1.7423987	25.45279	-13.16818	-126.57932	1.0342553	10684.79312491417
112	690.6367	11.073942	708.03015	679.5879	472.92838	153.49854	702.77203	258.8128	540.39	158.90697	795.1983	334.50574	451.40048	121.66246	672.52966	281.43527	1000.0	689.5	774.5	647.1	447999	125.95518	14.548385	138.23198	-67.965904	125.95539	14.547244	138.09807	-64.40353	-3.0053453	1.7224158	28.853539	-13.121153	-126.69215	1.0331835	10766.334673643112
113	700.3306	12.903715	717.0439	683.3458	595.92957	136.84119	708.4074	323.7147	659.08813	141.72186	803.70667	251.12854	614.97144	141.88411	706.44476	285.9675	1000.0	892.0	936.1	896.3	451999	125.96575	14.607413	138.01236	-57.10399	125.96623	14.609994	138.3368	-134.6594	-2.988378	1.7109929	29.39063	-12.769388	-126.69545	1.2043056	10875.159580230713
114	700.9241	19.261204	728.51447	675.6536	682.9813	39.6939	709.812	595.5511	664.22955	45.50517	709.7829	594.3524	679.9546	38.4952	716.1627	622.7474	1000.0	1000.0	1000.0	1000.0	455999	126.06789	14.510799	138.60417	-49.129574	126.06803	14.508698	138.54202	-30.136992	-3.0037239	1.7216811	26.0449	-13.496359	-126.80704	1.0304171	10971.461326599121
115	697.6017	12.29877	709.5723	677.018	631.96124	114.92858	704.12915	298.01715	641.97906	112.71496	704.0789	313.2906	667.97455	41.02298	702.06946	565.30896	1000.0	942.9	945.1	985.3	459999	126.179	14.130496	138.28227	-91.754326	126.17923	14.128324	137.68658	-33.572533	-3.018141	1.7342266	56.59599	-12.763728	-126.925026	1.1312052	11063.421563625336
116	713.4536	20.588408	735.8455	680.65955	673.1966	26.826145	706.6653	629.15045	680.0418	29.458473	706.44824	616.806	668.4443	26.472626	705.7646	630.50793	1000.0	1000.0	1000.0	1000.0	463999	126.22558	14.103169	138.37996	-45.45107	126.22573	14.103323	137.68692	-24.58877	-3.0466418	1.6864558	29.16513	-13.067492	-126.95138	1.1084113	11159.815294265747
117	707.37103	16.031078	723.8336	682.40924	655.18884	65.450516	704.1105	531.24396	624.6707	132.54893	735.0107	255.779	663.2114	102.25155	705.8744	358.0147	1000.0	945.0	931.0	953.3	467999	126.34253	14.014998	138.36604	-57.199104	126.34242	14.018608	137.60947	-97.74715	-3.0388956	1.7093985	24.529924	-13.096778	-127.06557	1.0767815	11258.531862258911
118	691.63574	10.311874	703.726	676.463	755.0684	57.27006	799.83704	629.3973	682.9047	107.952995	796.12976	389.6917	727.7266	81.68284	792.98016	511.32562	1000.0	1000.0	941.0	967.8	471999	126.42042	14.150726	138.24309	-73.55501	126.42028	14.150612	138.69556	-101.138725	-3.01679	1.7021956	31.556816	-11.99497	-127.14207	1.1612843	11350.536972761154
119	723.4215	13.624225	737.1212	708.1071	657.1025	53.37427	798.72437	600.1614	708.4186	103.787186	889.5464	572.8355	673.4862	41.329914	724.12726	617.63403	1000.0	1000.0	1000.0	1000.0	475999	126.49349	13.958699	138.75725	-38.92838	126.49306	13.960864	137.90009	-36.942867	-3.0321622	1.6888113	22.359755	-14.490017	-127.22871	0.90364224	11448.451653242111
120	710.0552	21.51662	739.92377	687.4659	680.2667	55.129852	787.2044	612.1089	711.02515	56.22224	801.54926	613.1042	730.5448	51.87058	792.1035	661.5959	1000.0	1000.0	1000.0	1000.0	479999	126.64807	13.832193	139.16403	-62.76809	126.64801	13.831264	138.90665	-76.20318	-3.0475612	1.7040194	28.717062	-11.36826	-127.37831	1.1833092	11545.31800365448
121	704.3639	17.986795	729.64343	679.35754	546.8168	204.65361	716.29	184.00984	627.9792	112.91888	700.9121	302.11972	652.26385	76.95545	738.9886	443.49905	1000.0	807.5	946.6	963.9	483999	126.79263	13.703801	138.50064	-89.06686	126.79231	13.703813	139.17537	-50.897663	-3.0532353	1.6925734	26.662735	-14.244976	-127.527985	1.0756878	11635.5027821064
122	699.922	9.463169	711.447	689.8083	676.41785	42.50843	712.9138	604.15485	688.24805	45.055275	745.1496	600.4814	678.3018	38.839256	739.04645	598.0896	1000.0	1000.0	1000.0	1000.0	487999	126.83623	13.655079	138.87178	-62.480743	126.83614	13.65486	139.07382	-35.687023	-3.037428	1.7012037	28.75458	-14.652623	-127.56886	1.0464995	11727.664897680283
123	714.20483	22.45167	734.0331	678.6983	752.6668	40.49406	802.83905	698.0341	746.8888	35.76748	793.50977	698.8266	752.1251	21.6964	790.9744	726.4267	1000.0	1000.0	1000.0	1000.0	491999	126.86183	13.799056	138.81686	-69.10002	126.86184	13.799165	138.99648	-31.299904	-3.0425684	1.6849741	28.165157	-14.051939	-127.58598	1.0624326	11820.18180680275
124	708.0172	14.749598	724.6783	687.8069	710.9184	25.146875	786.0704	699.73114	716.9639	29.882238	799.10803	698.22253	711.57776	3.4195619	721.1441	708.428	1000.0	1000.0	1000.0	1000.0	495999	126.93041	13.6832285	138.82964	-29.73303	126.93068	13.680258	142.23643	-14.915991	-3.056007	1.6759003	24.003971	-12.208906	-127.65786	0.8847656	11913.266283512115
125	715.60925	26.25511	746.75885	674.3793	553.74084	134.5955	702.65533	347.9911	619.4076	103.16444	700.63306	413.89438	685.72974	24.690283	699.783	621.5656	1000.0	813.6	883.0	1000.0	499999	127.14226	13.317755	139.35559	-29.449976	127.1424	13.31695	138.92697	-26.241508	-3.0402675	1.7006608	59.498005	-12.575905	-127.87316	1.0731238	12001.419915437698
126	713.3147	7.7358627	723.54144	701.74585	710.67914	71.917404	800.75714	524.1763	717.7733	29.574106	803.4404	694.36664	677.7043	105.28949	765.8718	462.2903	1000.0	970.4	1000.0	925.9	503999	127.21867	13.24479	139.07866	-74.248375	127.21851	13.244359	138.73741	-24.76488	-3.0485392	1.6617295	26.8777	-13.359682	-127.938324	1.1515193	12093.039564609528
127	726.54553	25.162544	742.6913	683.09015	594.78143	75.95152	710.0674	449.82904	625.04846	78.8415	803.0362	453.7997	684.4032	51.491753	800.5354	625.73303	1000.0	933.4	969.2	1000.0	507999	127.22291	13.298696	138.9173	-42.960514	127.22313	13.297861	138.89914	-43.78872	-3.0483472	1.6768227	30.92401	-11.550121	-127.94859	1.0169145	12186.516950130463
128	701.0132	11.100365	717.8335	686.62646	693.62805	22.45039	704.14154	626.7006	689.5703	42.726963	718.73566	562.3601	699.0277	20.74632	736.9051	645.87463	1000.0	997.4	989.5	1000.0	511999	127.18055	13.316925	138.73015	-53.53465	127.18036	13.318312	138.9582	-68.69875	-3.035783	1.663199	29.392124	-12.512754	-127.901535	1.0708543	12279.27568244934
129	709.50867	10.050976	721.54254	698.6641	632.02386	63.854607	703.9423	511.99823	639.452	43.386585	703.9438	583.42255	659.9351	50.571922	703.693	585.4711	1000.0	981.5	1000.0	1000.0	515999	127.13304	13.24259	139.11133	-102.015076	127.1329	13.2445	139.02852	-130.06625	-3.0469615	1.6832126	35.301	-12.011126	-127.84357	1.233689	12374.374399900436
130	707.90857	12.024774	726.633	693.3223	611.60974	100.96608	703.20886	394.18918	616.6757	92.72799	705.48596	442.8226	658.1268	58.136448	702.9773	553.53937	1000.0	956.7	985.3	1000.0	519999	127.06272	13.399546	138.97688	-62.537144	127.0624	13.400438	138.58354	-80.71532	-3.0367694	1.675454	34.164864	-12.042248	-127.77972	1.0737685	12468.359831094742
131	715.9567	25.157372	743.7073	689.07166	693.2836	27.714977	707.5961	618.2871	721.36005	40.59345	800.9175	674.1816	712.40344	34.251728	797.7361	666.90576	1000.0	1000.0	1000.0	1000.0	523999	127.13985	13.321757	139.39816	-52.526962	127.13964	13.323184	139.09238	-52.951927	-3.0692894	1.6677778	26.920792	-12.146824	-127.86464	1.0781124	12561.630440711975
132	738.1012	14.651123	749.13684	713.2602	654.28986	71.032875	701.55505	465.9712	618.1435	123.10559	723.8956	299.468	671.7098	31.43203	700.50824	610.89923	1000.0	967.6	914.4	1000.0	527999	127.28972	13.184576	139.74097	-61.259182	127.28998	13.181562	139.30078	-71.42685	-3.0589309	1.6562772	30.280241	-13.688551	-128.01207	0.9461383	12653.173206329346
133	743.19684	9.660621	752.88525	730.1435	688.1027	48.87011	766.21436	620.3728	687.0376	55.36043	761.76434	624.7024	687.16986	10.638732	703.5741	669.5721	1000.0	1000.0	1000.0	1000.0	531999	127.34759	13.417485	139.28394	-20.846495	127.3474	13.418906	139.05678	-38.676907	-3.0569775	1.6827701	24.54094	-12.446884	-128.08122	0.99122787	12746.41396689415
134	710.7243	16.312231	726.70294	685.9339	724.7214	40.306858	803.5069	698.3022	733.2166	45.36478	803.7157	696.5612	722.58026	20.745762	757.55536	702.35834	1000.0	1000.0	1000.0	1000.0	535999	127.38433	13.175164	139.27448	-32.773262	127.3841	13.174642	139.46701	-24.870815	-3.0530088	1.6828233	25.94066	-11.902863	-128.1008	0.9191814	12840.789855003357
135	663.40515	100.009865	756.0809	494.55963	688.6422	44.692574	799.334	644.533	668.0058	22.847034	709.05237	642.2988	703.521	63.226776	798.00214	645.2833	914.0	1000.0	1000.0	1000.0	539999	127.44102	13.082851	139.30673	-36.834793	127.44134	13.082827	139.27203	-96.55069	-3.072352	1.6724602	29.678827	-12.675438	-128.14435	1.2615198	12933.607231616974
136	717.5864	20.46066	748.22986	696.8596	703.7212	2.627219	706.62726	698.43896	700.131	4.948542	706.6541	691.0513	698.7739	8.761698	707.1546	676.1445	1000.0	1000.0	1000.0	1000.0	543999	127.3531	13.314601	139.49855	-25.384317	127.35329	13.31632	138.63042	-88.18643	-3.0775077	1.6585679	23.630013	-11.939071	-128.07143	1.2163018	13026.815227031708
137	719.48914	16.12566	734.2518	693.2258	709.6971	14.144539	748.03687	693.7175	720.504	31.84083	809.19183	692.4532	724.172	19.723034	743.26965	688.54285	1000.0	1000.0	1000.0	1000.0	547999	127.33614	13.441641	139.34442	-42.167587	127.33594	13.444212	138.56485	-58.00654	-3.0470622	1.6583076	26.251997	-13.256567	-128.04475	1.0260618	13119.434445381165
138	712.10785	7.015418	721.2292	702.9344	662.2905	46.216366	708.7795	599.03217	666.6642	48.682022	711.5825	606.61505	667.28357	40.849693	713.14526	606.7494	1000.0	1000.0	1000.0	1000.0	551999	127.39809	13.550543	140.47878	-41.110912	127.39815	13.551263	140.01526	-70.097206	-3.0748887	1.6413125	37.024918	-13.259524	-128.1105	1.0097315	13213.076537370682
139	712.7329	16.660238	737.7096	690.7968	693.08203	22.49893	705.7256	627.3061	702.1965	4.3400893	706.71106	692.6331	692.779	22.196285	704.4508	627.9304	1000.0	1000.0	1000.0	1000.0	555999	127.46782	13.511384	139.828	-76.49742	127.46816	13.510617	139.22427	-41.512775	-3.089935	1.6392175	28.884935	-12.780964	-128.18471	1.1116726	13314.855566501617
140	739.50586	20.632574	763.4687	710.0785	712.86633	30.747671	798.0432	696.27936	705.10925	10.9110155	735.8756	696.722	718.92084	28.136524	793.7261	699.0157	1000.0	1000.0	1000.0	1000.0	559999	127.61014	13.309563	140.196	-17.461039	127.6103	13.313481	139.88135	-80.889	-3.094942	1.6328472	26.166088	-12.895478	-128.32483	1.0858599	13408.515682220459
141	719.56885	8.640592	730.38837	708.72394	738.8051	56.275204	890.41724	697.76306	748.9456	55.087715	885.1597	701.01105	729.09314	21.773232	789.9048	703.36755	1000.0	1000.0	1000.0	1000.0	563999	127.74994	13.208818	142.86594	-41.16139	127.75003	13.206539	146.78566	-65.1648	-3.0897746	1.6181588	35.112137	-13.081652	-128.46574	0.9728468	13501.593005418777
142	716.8013	20.256422	743.24036	694.0707	679.4796	32.744087	707.0864	630.28546	687.4818	48.71996	797.56866	628.46405	693.6791	14.435249	709.2463	674.8962	1000.0	1000.0	1000.0	1000.0	567999	127.75318	13.145526	139.81819	-54.77847	127.75341	13.143565	139.98557	-49.053463	-3.0677893	1.6192707	25.164644	-12.429134	-128.46799	0.90874475	13596.11685705185
143	724.7284	26.19797	749.44165	687.5777	700.41125	25.859152	720.7759	625.87146	660.1073	129.24994	738.62305	282.8582	671.9315	89.24294	711.7797	406.7316	1000.0	1000.0	942.4	956.7	571999	127.76759	13.101292	139.39563	-39.864082	127.76752	13.104474	140.28354	-41.356632	-3.0850785	1.6096376	24.199022	-11.976088	-128.48192	0.99168336	13688.674551010132
144	724.19183	24.64766	765.69135	702.84357	568.92004	134.49263	798.6631	372.43	691.0463	124.89172	798.9457	438.15854	602.09503	145.45895	794.24457	426.08328	1000.0	782.3	922.7	832.8	575999	127.8901	13.154869	152.78363	-40.28477	127.89018	13.154939	150.51416	-32.510025	-3.0958996	1.6075006	21.745724	-12.748349	-128.60463	1.1128805	13774.691588163376
145	736.7064	18.992075	762.13354	708.63745	660.4634	77.96503	703.6817	453.47482	578.9321	140.46692	731.68634	345.59198	662.572	98.73165	805.9229	469.27008	1000.0	932.8	864.5	955.9	579999	127.94299	13.098925	149.95592	-49.761932	127.94315	13.10325	149.73209	-91.37699	-3.0493693	1.6328024	25.982018	-13.65548	-128.65182	1.1683028	13865.07155251503
146	727.71924	11.292289	744.306	713.971	690.6442	10.13929	703.9826	680.46045	694.44415	10.20917	706.269	678.6862	694.4662	10.429217	703.8846	676.57007	1000.0	1000.0	1000.0	1000.0	583999	127.97992	12.9365425	148.70268	-21.418913	127.98013	12.939655	147.21327	-34.79091	-3.0465364	1.6244338	22.127111	-12.45182	-128.68121	1.0827075	13958.362104415894
147	734.156	10.173596	749.9829	724.7429	697.1993	27.741379	708.1148	614.04175	658.92633	47.293667	708.85876	597.6702	649.68176	42.06258	719.5749	614.5049	1000.0	1000.0	1000.0	1000.0	587999	127.90021	13.012913	145.89604	-29.029406	127.90015	13.013891	145.37923	-45.067585	-3.0639536	1.5879037	21.193708	-12.475048	-128.6002	0.9885282	14053.458654165268
148	713.39465	3.8947144	719.1594	708.33936	595.5707	116.63696	700.73315	434.4214	613.1417	149.6173	751.8042	206.18901	624.11005	124.31439	791.40424	346.13495	1000.0	965.1	931.7	940.8	591999	127.93498	12.681525	139.81099	-59.273544	127.93515	12.682237	140.169	-84.330345	-3.084544	1.5916045	24.255196	-13.088696	-128.63724	0.88915396	14144.318697214127
149	712.9055	12.46843	726.0401	695.65	732.195	27.773397	794.3016	702.8545	721.0905	17.427055	748.7857	702.3935	721.6926	16.617954	759.8601	704.6399	1000.0	1000.0	1000.0	1000.0	595999	127.91937	12.961778	139.89378	-107.558235	127.91925	12.962746	140.26352	-87.47205	-3.078352	1.5820291	26.386738	-12.222065	-128.62051	1.0591072	14236.651230573654
150	735.394	15.894939	748.37994	708.3061	661.04944	99.97819	800.45953	565.4318	619.3511	81.09876	799.2986	549.10034	632.6686	89.73797	797.7491	570.2288	1000.0	1000.0	1000.0	1000.0	599999	128.09688	12.611548	145.23132	-32.753357	128.09682	12.611089	143.89383	-35.57932	-3.0937672	1.6255517	54.42226	-12.941843	-128.80252	1.0390635	14329.277774572372
151	741.176	13.691501	759.58453	722.46625	679.0575	98.832214	799.7296	480.39072	696.66583	125.202	799.571	399.84384	673.58044	83.266014	796.08734	538.21405	1000.0	965.8	960.9	970.3	603999	128.0145	12.820071	140.24153	-53.71706	128.0142	12.8175745	140.31929	-29.167517	-3.1024072	1.5864227	43.48143	-12.602335	-128.71559	0.8150955	14421.213277339935
152	727.9277	9.928376	744.8353	720.6075	696.2085	111.9304	799.8006	487.06934	694.2463	87.457344	799.1895	560.1836	645.35724	91.40216	796.16705	564.83704	1000.0	966.4	988.3	974.7	607999	128.01097	12.819985	140.19342	-54.45111	128.01071	12.815959	140.2001	-34.07832	-3.1019022	1.5675386	21.327383	-13.954165	-128.70982	1.0303146	14513.81594157219
153	737.20105	7.1633177	749.0595	730.7165	652.7373	91.11348	710.4006	383.73383	669.7395	47.47466	704.4756	574.02045	652.91064	80.47729	701.7743	414.85815	1000.0	948.8	1000.0	953.5	611999	128.0197	12.83648	140.30359	-38.5041	128.01973	12.838158	140.71266	-41.920826	-3.1078665	1.5718347	24.179848	-15.759407	-128.7259	0.89540976	14607.783663511276
154	725.2099	15.888035	745.8282	707.5598	614.92267	72.80238	705.5581	550.88165	662.0135	64.732574	705.4528	549.73615	666.15234	67.639534	740.6262	560.6561	1000.0	1000.0	1000.0	1000.0	615999	128.05838	12.745677	140.6034	-67.6942	128.0587	12.743818	140.44217	-82.20391	-3.110292	1.59329	24.279015	-12.257335	-128.76099	1.1680611	14701.796766281128
155	751.46765	18.367104	770.0784	724.4171	686.9372	73.24833	896.43726	646.2503	697.4965	58.770542	801.5543	626.391	686.1206	12.689936	706.62384	673.68585	1000.0	1000.0	1000.0	1000.0	619999	128.13414	12.703356	140.26076	-45.279896	128.13438	12.700361	140.58784	-55.547955	-3.113982	1.5615679	22.285269	-13.954843	-128.84058	0.91391075	14794.49939918518
156	733.0681	34.314857	759.5867	674.2372	663.3636	87.626396	799.53656	555.1057	666.7752	89.87522	799.06256	549.4816	629.76105	80.63815	784.2437	562.21716	1000.0	1000.0	1000.0	1000.0	623999	128.25089	12.47061	141.09476	-23.953596	128.25092	12.469014	140.95605	-55.735207	-3.1163943	1.5970435	30.69401	-11.71557	-128.96492	0.91730195	14887.52657008171
157	752.45935	24.753447	782.85876	713.82825	667.4047	49.413834	798.94086	608.7989	705.6953	79.15011	800.3367	604.94556	690.8557	72.00316	798.46594	619.746	1000.0	987.1	990.3	990.5	627999	128.37271	12.069499	140.67303	-43.832718	128.3728	12.071691	141.15015	-82.61292	-3.1339538	1.567728	22.855816	-11.165617	-129.06584	0.9989644	14981.022142648697
158	735.84607	28.581608	775.85486	703.5619	676.58875	56.024784	801.47	627.3189	710.0148	97.87475	892.5129	601.97394	691.35443	60.38057	798.01886	626.6657	1000.0	1000.0	1000.0	1000.0	631999	128.38869	12.154941	140.75717	-54.49311	128.38863	12.154177	140.8599	-59.588264	-3.1344123	1.5686246	26.317795	-12.70941	-129.08728	0.96366227	15075.415354251862
159	720.4763	21.241882	743.51385	693.72906	659.32886	87.00659	724.69885	408.22916	714.72815	48.650814	803.09906	654.2251	676.04724	78.68919	705.055	440.01163	1000.0	951.6	1000.0	961.3	635999	128.41016	12.016443	140.8259	-18.237333	128.41023	12.016721	141.46016	-46.43558	-3.121855	1.5752602	28.577984	-13.407366	-129.10664	0.87107253	15171.888181447983
160	735.546	9.901621	748.1174	722.4852	688.2711	34.20812	705.3964	587.9038	658.09625	52.732227	708.1283	571.52405	717.9494	20.470985	748.58417	690.79663	1000.0	1000.0	1000.0	1000.0	639999	128.36826	12.320436	141.03278	-52.457447	128.3684	12.321752	141.40271	-56.120247	-3.0867362	1.5942434	24.011234	-12.372733	-129.063	0.89202064	15266.42359662056
161	738.3929	17.967403	758.22504	718.64185	619.04706	54.811394	702.92664	579.30475	696.12634	71.27891	798.7208	564.6199	622.6405	60.999096	733.21387	574.07135	1000.0	1000.0	1000.0	1000.0	643999	128.31148	12.48648	140.17125	-49.179405	128.3122	12.483722	140.52419	-49.81418	-3.0650697	1.594374	25.55136	-12.27256	-128.99829	0.97320044	15359.84030842781
162	713.3225	18.8073	742.17926	691.2738	617.49384	90.18395	702.2744	485.95425	669.8667	65.41501	798.2936	528.80414	671.98114	21.35555	707.2756	639.78174	1000.0	905.0	978.9	1000.0	647999	128.3673	12.437683	144.12587	-44.898808	128.36798	12.4360695	141.7882	-50.540718	-3.0787015	1.6117009	21.489588	-13.69058	-129.06836	0.9733655	15451.082776069641
163	736.85266	7.1298585	746.57825	729.04553	685.9676	124.27701	801.1189	500.63693	675.1275	169.41698	801.5064	402.906	683.1295	143.49718	796.95	386.47235	1000.0	884.5	871.6	893.4	651999	128.44582	12.531749	153.76082	-22.175186	128.44643	12.530262	152.72214	-35.54133	-3.0663981	1.6282446	20.601164	-14.697625	-129.14745	1.0478867	15538.946648597717
164	741.6249	14.980903	764.7236	724.2452	600.89294	128.24435	704.46326	372.96335	534.1895	175.31818	762.4839	288.0823	435.02277	119.24807	705.494	278.03778	1000.0	851.7	751.0	621.9	655999	128.51389	12.528774	158.63092	-38.266	128.5139	12.531203	156.93423	-43.765533	-3.073074	1.620827	26.182083	-13.006718	-129.20863	1.0554026	15623.699083328247
165	737.35364	11.489673	752.2064	722.2786	521.9856	169.10101	797.43945	328.47586	675.57434	67.20989	793.56213	567.3643	639.0217	109.65714	758.5832	373.97733	1000.0	763.0	1000.0	954.5	659999	128.53496	12.510979	158.5897	-25.89762	128.53519	12.507661	158.90675	-14.349559	-3.0889113	1.5784926	25.250134	-12.282141	-129.22365	1.0479466	15713.627676010132
166	731.0043	21.035397	764.81854	710.6257	579.36005	94.51681	799.2721	491.58258	615.89886	114.635284	798.71985	367.40134	581.5665	112.10396	796.399	466.90228	1000.0	957.7	916.2	890.8	663999	128.60893	12.471477	169.85582	-8.794674	128.609	12.470467	164.81943	-65.697655	-3.0766869	1.6311694	32.90852	-12.751226	-129.30112	1.4096076	15804.292340040207
167	671.97974	140.91396	759.5583	391.22766	653.3743	45.755096	700.71765	604.5179	655.443	53.60432	743.24255	588.822	644.6059	44.041298	699.52045	603.58746	896.2	1000.0	1000.0	1000.0	667999	128.68645	12.457403	172.62758	-37.693024	128.6862	12.456652	169.62544	-40.118767	-3.077485	1.6007124	21.872656	-14.8617325	-129.37492	1.2539265	15896.686796188354
168	746.97766	19.118439	772.0948	720.4041	534.34094	111.36792	704.693	449.06454	566.29333	141.39696	705.7003	367.6623	481.26724	145.5428	702.33435	361.7625	1000.0	805.7	833.5	724.1	671999	128.71292	12.481853	163.7492	-16.94375	128.71262	12.484481	163.62431	-24.263285	-3.0684857	1.6078655	33.23507	-11.91953	-129.4015	1.1529998	15982.394445180893
169	732.45636	19.106316	752.9191	702.56665	733.0765	66.1807	800.8982	658.67804	703.64185	72.585365	800.939	577.8735	708.82983	50.049057	798.7901	658.20166	1000.0	1000.0	977.4	1000.0	675999	128.70418	12.434384	165.43327	-36.15912	128.70447	12.433841	164.27777	-22.634148	-3.0956254	1.5813887	55.001865	-12.20171	-129.38988	1.096022	16074.607803583145
170	747.33	7.736829	755.4829	736.29486	457.56137	185.08356	700.47845	249.95972	549.5207	166.17981	732.378	344.40515	591.3966	62.85986	633.379	455.80927	1000.0	662.1	777.0	869.4	679999	128.67258	12.465361	161.3598	-99.707146	128.67258	12.464836	161.32063	-23.389278	-3.0974417	1.5720034	25.900736	-12.127224	-129.36124	1.3226507	16158.228077173233
171	739.06256	21.092327	773.04834	715.8124	567.41	113.372375	704.63055	399.54688	576.09375	129.04707	759.04	365.26788	597.4199	105.627144	705.9926	390.45834	1000.0	886.3	868.1	925.7	683999	128.68755	12.541804	161.02919	-52.80165	128.6873	12.547316	160.44646	-94.18579	-3.132724	1.5751429	21.120739	-14.787994	-129.37498	1.2859756	16250.211953163147
172	736.9054	13.028213	751.47656	722.5022	668.75244	46.297905	702.94495	544.98816	685.3329	20.666292	704.2087	648.3735	693.302	36.597446	736.077	653.8769	1000.0	998.0	1000.0	1000.0	687999	128.7439	12.270906	153.55452	-42.083317	128.7439	12.272617	155.39415	-20.552877	-3.1111865	1.5674839	27.130205	-12.060414	-129.4361	0.9825463	16359.770899534225
173	765.23254	11.371955	781.66534	751.7725	722.64056	79.385895	802.83234	637.4856	704.3432	66.99352	802.7926	628.49066	720.0729	77.487755	797.887	635.7245	1000.0	1000.0	1000.0	1000.0	691999	128.84026	12.179099	154.09366	-30.273903	128.84023	12.181665	153.50777	-69.856026	-3.1313725	1.5362821	22.064857	-13.651363	-129.52324	0.9644267	16473.772080898285
174	728.2605	20.17256	754.28754	706.02545	657.0888	23.495426	702.8531	635.88043	659.90564	50.85345	702.581	563.3606	689.4136	50.532234	778.8849	629.9287	1000.0	986.3	970.9	994.4	695999	128.86162	12.232588	153.04146	-35.25108	128.86192	12.233675	147.32095	-45.46202	-3.1273148	1.5392424	26.886423	-12.589545	-129.54355	0.9323263	16579.242477178574
175	739.2922	14.901511	762.3641	723.42145	702.609	54.99925	796.7361	649.5084	698.4445	75.75291	798.06433	590.0365	676.5563	51.486958	792.17523	618.24243	1000.0	960.5	947.5	930.8	699999	128.89397	12.267335	141.13461	-48.0466	128.89424	12.2716255	141.73035	-108.33887	-3.109076	1.5604781	25.821793	-12.05444	-129.58342	1.0979102	16683.334956645966
176	733.3579	13.5783	745.73517	710.5168	692.0551	30.027199	704.13196	602.0307	651.18536	76.19864	704.60425	463.939	689.0455	57.21253	786.69617	606.39417	1000.0	1000.0	962.9	1000.0	703999	128.87518	12.524589	142.29185	-34.15735	128.87498	12.52799	142.37354	-47.641556	-3.1036818	1.559147	29.589382	-13.1412	-129.56007	0.9389381	16787.70974254608
177	741.298	12.466936	761.9796	728.76794	711.70715	55.054157	801.24585	632.9244	721.0152	57.46184	802.6068	644.5921	674.6645	43.870426	786.7618	636.0066	1000.0	1000.0	1000.0	1000.0	707999	128.88774	12.430995	142.37698	-37.88057	128.88791	12.430645	141.98015	-30.957453	-3.1240406	1.5236046	20.580076	-12.741991	-129.56866	0.9236651	16895.126583576202
178	721.92114	12.569969	735.15924	705.7278	559.8414	160.57881	797.717	251.44617	592.2692	193.6912	798.35315	265.09918	540.34686	145.55656	792.3865	232.8792	1000.0	780.5	792.0	758.5	711999	128.8885	12.3879795	141.52502	-12.6362915	128.88829	12.391405	141.50647	-28.000437	-3.1187794	1.5374384	27.162903	-13.01251	-129.57672	0.96197015	16989.456676244736
179	757.8634	6.4794426	766.90125	748.5808	646.4022	50.88324	792.9473	587.92267	680.4178	130.77457	798.65814	398.32022	676.51575	69.02594	791.1907	610.6077	1000.0	993.8	931.3	995.7	715999	128.92166	12.43996	142.16159	-80.860916	128.9221	12.437798	141.58635	-40.015205	-3.1567078	1.5139544	23.113335	-13.025921	-129.60017	0.9019568	17091.024733543396
180	735.7239	24.932453	769.63617	705.842	746.3365	52.083622	799.41833	686.9619	711.3185	62.769978	798.0456	601.2534	744.32025	50.057343	795.0998	680.3841	1000.0	1000.0	1000.0	1000.0	719999	128.94028	12.30148	141.45056	-61.728073	128.93974	12.304119	141.44229	-51.53974	-3.1679878	1.4865072	26.46791	-12.606258	-129.61552	1.0279856	17193.03877210617
181	744.871	17.064064	760.1132	715.9165	662.6387	26.550411	703.6429	601.35126	672.0481	50.85585	802.65906	606.0155	699.89294	30.467379	760.16974	665.73596	1000.0	1000.0	1000.0	1000.0	723999	128.86488	12.765825	142.24828	-44.846523	128.865	12.764177	141.59766	-58.082287	-3.1763768	1.4888636	25.823683	-13.192666	-129.54283	0.85377294	17296.45188522339
182	754.68097	12.432024	766.15265	735.3597	737.25726	50.21059	800.6254	691.9741	741.161	50.85504	801.9878	656.57837	733.2604	50.322803	796.44366	675.929	1000.0	1000.0	1000.0	1000.0	727999	128.90463	12.557132	141.28258	-27.120947	128.90439	12.55812	141.77107	-42.56096	-3.1383986	1.5088105	23.84089	-12.903595	-129.59181	0.98488605	17404.294528245926
183	762.62604	20.441833	789.0835	737.16766	748.2879	42.174515	800.62195	704.5506	760.76184	41.01714	801.5892	701.7536	767.102	33.51167	795.284	709.7267	1000.0	1000.0	1000.0	1000.0	731999	128.99873	12.3173	142.48404	-59.983765	128.99896	12.317584	142.08846	-68.350136	-3.1174207	1.513964	21.23191	-12.624546	-129.68279	0.90229875	17509.129090070724
184	739.8037	7.5747685	752.11536	731.6661	544.0831	140.86261	746.5136	376.20178	573.39874	136.31056	768.10345	361.51123	698.55975	57.064598	752.032	566.6315	1000.0	756.1	826.3	969.4	735999	129.109	12.352689	142.45093	-59.160114	129.10867	12.356885	142.42598	-72.06442	-3.1405594	1.5206892	25.74873	-11.823145	-129.80048	0.8200248	17608.959327220917
185	757.34937	24.754784	799.6725	738.6303	801.4203	21.340664	816.0034	741.8127	806.7652	8.365312	823.179	794.1093	812.9161	8.075494	823.1437	795.2425	1000.0	1000.0	1000.0	1000.0	739999	129.26093	12.004566	141.76726	-85.789185	129.2607	12.003522	142.58592	-95.74156	-3.145745	1.5084629	27.823116	-13.035017	-129.9427	0.93489707	17714.79824066162
186	766.6958	6.694406	774.77875	758.9337	734.1435	97.28802	828.92615	577.0769	740.231	74.661606	826.71014	617.25037	744.6579	57.31542	795.9696	625.3223	1000.0	1000.0	1000.0	1000.0	743999	129.26482	12.218557	142.18259	-45.997055	129.26468	12.216294	141.83539	-16.05166	-3.1310954	1.510411	25.996939	-12.710446	-129.95497	0.7088097	17823.54492497444
187	757.07434	27.006073	803.33966	735.5172	720.8147	29.420204	798.3917	686.9043	714.1347	67.27666	799.7983	544.29254	679.36633	78.86568	743.0725	490.16245	1000.0	1000.0	978.5	943.7	747999	129.34996	12.135864	141.80925	-20.874405	129.34988	12.137017	142.0929	-8.8061495	-3.1373506	1.5163321	30.952433	-11.13255	-130.0329	0.7973844	17927.118606090546
188	751.84814	4.378558	757.6564	746.7604	764.7665	35.033886	799.97864	712.77277	727.51025	59.24715	801.2819	597.5766	753.9418	39.535603	798.579	694.3375	1000.0	1000.0	979.4	1000.0	751999	129.31659	12.272147	141.80513	-61.86333	129.3167	12.270528	141.40123	-45.42399	-3.1500373	1.5099728	24.083376	-13.545719	-130.00304	0.94352674	18030.008925914764
189	745.2175	27.769022	785.79333	711.5657	610.1315	158.71906	717.33563	279.89844	599.9846	177.87706	743.79675	241.74667	596.6395	189.69992	744.10583	297.43146	1000.0	869.9	879.1	842.7	755999	129.4342	11.839301	141.72879	-48.10578	129.43407	11.834561	141.7396	-39.123264	-3.1441987	1.4931842	23.896923	-12.510089	-130.10721	0.931341	18127.37891316414
190	769.577	23.530941	800.8209	735.9606	720.06433	51.801884	797.0396	666.90497	662.1275	152.0039	798.67755	365.3458	703.71246	107.85516	797.44055	401.56982	1000.0	1000.0	910.7	958.2	759999	129.35614	12.368097	143.2938	-90.032646	129.35597	12.363135	143.61906	-24.84328	-3.1648066	1.4878932	24.710596	-12.086658	-130.0379	0.88027936	18227.423177480698
191	766.77057	10.174679	784.3671	760.32166	774.7772	27.736082	810.07983	735.6597	791.7453	33.614586	863.15857	733.1787	782.296	20.617373	799.36597	748.6585	1000.0	1000.0	1000.0	1000.0	763999	129.39742	12.186535	141.52443	-41.679966	129.39734	12.184143	142.0155	-42.14607	-3.1548	1.4870011	21.873737	-13.796253	-130.08313	0.76384574	18330.010759592056
192	765.1542	19.604399	788.3386	737.6633	732.2313	69.54386	801.15765	644.73267	705.4879	65.537476	801.85504	619.29376	690.8007	55.320618	800.3645	645.5291	1000.0	1000.0	1000.0	1000.0	767999	129.43735	12.265873	141.63242	-69.23908	129.43748	12.266307	142.18307	-51.68366	-3.1713362	1.4899225	44.706745	-12.550824	-130.11707	0.8821865	18433.20979976654
193	747.5996	25.609951	786.9347	715.4066	754.76483	59.273975	889.82526	655.29474	755.8319	32.872116	799.6004	697.22217	736.0659	27.586554	780.3361	691.3743	1000.0	983.6	1000.0	989.1	771999	129.46802	12.294077	141.52495	-45.37841	129.46819	12.2946615	142.13011	-62.823364	-3.15599	1.5063472	25.862415	-15.166871	-130.15033	0.8665321	18537.627510786057
194	746.96295	25.989227	777.29456	715.82513	536.36316	205.54056	796.64795	308.23865	589.49805	193.05678	785.2255	301.76486	512.77527	220.8019	786.6577	298.6647	1000.0	726.4	789.5	672.3	775999	129.53029	12.250223	142.03508	-60.65256	129.5307	12.246593	141.81967	-29.08803	-3.1559122	1.502706	29.26989	-13.482185	-130.21617	0.85014987	18631.274783611298
195	758.32336	18.943287	788.3604	738.2524	800.95624	51.391228	846.28656	667.0027	775.8914	77.32575	853.42163	648.80414	782.391	51.858017	839.0702	656.79846	1000.0	1000.0	985.1	995.3	779999	129.62907	12.052225	143.31169	-18.166111	129.62935	12.048709	142.09583	-47.82732	-3.1611693	1.4944569	20.789806	-11.237232	-130.3138	0.7178275	18736.35886335373
196	773.0277	14.01381	794.06976	759.6661	575.6496	177.69202	799.60016	308.4522	598.37354	162.4099	795.31244	332.74503	612.45996	192.68651	797.0877	303.82687	1000.0	744.1	806.6	807.4	783999	129.74596	11.857434	142.48822	-21.49324	129.74551	11.86541	143.04759	-132.33084	-3.1668818	1.4793988	24.961672	-11.85652	-130.43077	0.790873	18833.287157297134
197	774.63965	27.077057	819.9289	749.64575	757.51337	37.291164	817.42163	701.68414	767.60785	53.058052	855.58856	701.6159	776.65753	29.898348	840.17175	730.3679	1000.0	1000.0	1000.0	1000.0	787999	129.75154	12.008322	142.93109	-46.647503	129.75111	12.010311	142.24585	-48.579113	-3.1727538	1.4779047	21.999113	-12.932029	-130.43073	0.85376793	18936.710446834564
198	781.9542	10.492787	797.51685	768.6705	754.1039	28.380333	800.61926	703.118	753.00116	38.15459	800.03094	703.54584	745.35876	17.487062	780.30286	725.36053	1000.0	1000.0	1000.0	1000.0	791999	129.8157	11.76048	142.25676	-26.959234	129.8155	11.763807	142.12317	-41.761616	-3.1511512	1.5140803	24.115578	-15.032078	-130.49529	0.8314357	19040.90655851364
199	752.55023	16.181917	779.19745	738.3068	405.93637	142.26567	602.5612	239.7397	471.59344	163.18498	789.8291	262.16776	483.88745	139.96846	668.6151	263.21643	1000.0	549.9	653.9	688.9	795999	129.80888	11.846943	141.56526	-34.392582	129.80922	11.845361	142.22041	-35.725376	-3.1472356	1.5006402	33.96324	-12.102834	-130.48766	0.8380752	19128.97760272026
200	760.82324	12.999456	782.6057	748.559	789.6054	55.977394	845.681	668.56085	799.6663	39.14092	839.3462	693.1445	787.6267	23.76786	799.00806	716.50336	1000.0	1000.0	1000.0	993.9	799999	129.85359	11.808858	142.99876	-67.556305	129.85371	11.803888	142.78342	-17.371607	-3.153453	1.5018344	28.306738	-12.929335	-130.53568	0.8806964	19229.888157844543
201	768.94543	24.176846	796.0239	741.57855	742.7199	30.013891	796.38385	699.5536	726.8147	26.787851	762.175	699.33655	758.7421	19.29266	783.3411	707.46985	1000.0	1000.0	1000.0	1000.0	803999	129.91644	11.69224	142.76413	-14.032003	129.91666	11.693474	143.52518	-34.4674	-3.1500063	1.5142746	26.875408	-13.124044	-130.59598	0.8166018	19335.394668102264
202	774.6058	17.498697	793.62256	748.4285	592.0529	151.91917	798.94586	356.57236	719.98645	53.544834	800.18604	644.10834	706.1078	41.10882	755.7295	631.1615	1000.0	861.4	1000.0	1000.0	807999	129.94698	11.735211	141.78514	-57.30436	129.94702	11.731852	142.04271	-62.192722	-3.1577504	1.5018202	22.264536	-12.785722	-130.62695	0.7631356	19439.230322360992
203	765.0177	16.55487	792.77655	749.22015	653.1114	163.03166	799.5384	391.75162	643.9198	145.59845	800.1781	394.3312	693.3539	150.29927	796.94214	394.16342	1000.0	901.7	911.6	934.0	811999	130.0064	11.681642	142.38107	-82.02724	130.00652	11.680954	142.48907	-49.467937	-3.144654	1.5094924	24.384102	-11.382934	-130.68712	0.91253287	19541.552539110184
204	771.1864	26.322138	803.9445	740.8898	719.3547	47.496937	802.6636	639.3298	738.307	74.10763	804.1817	562.4968	741.8722	83.79536	796.74805	502.5206	1000.0	961.3	972.0	961.4	815999	130.07635	11.527394	142.84758	-70.29357	130.07639	11.523247	142.60373	-39.97673	-3.1591563	1.4908262	30.41056	-13.521805	-130.75848	0.9292467	19645.407262325287
205	738.0176	21.46836	761.94763	704.5774	715.6766	89.07182	798.2568	539.4811	677.7996	152.23898	798.217	376.80682	726.9214	59.340324	795.87866	565.4475	1000.0	951.6	905.1	980.2	819999	130.16136	11.432122	142.3102	-45.59925	130.16148	11.428949	142.33202	-15.418961	-3.1202974	1.51466	27.322784	-11.380273	-130.84479	0.8201625	19749.039423942566
206	792.7636	33.433556	848.1692	760.2546	748.5779	40.65421	794.9004	698.3968	758.1737	32.84498	795.5722	700.56134	757.8173	32.51074	791.816	713.72253	1000.0	997.0	1000.0	1000.0	823999	130.19011	11.433203	141.8814	-13.039132	130.18993	11.434901	142.48672	-36.35613	-3.151541	1.5177351	23.548111	-12.441629	-130.88062	0.8539031	19853.81168794632
207	755.9429	17.540438	773.6505	728.1516	595.1267	192.77568	788.9796	299.76715	726.0278	83.16882	796.71826	540.2248	607.13165	104.46514	724.731	369.35983	1000.0	823.9	986.0	882.9	827999	130.32172	11.142783	142.55785	-68.667496	130.32146	11.147859	143.14832	-119.4659	-3.143714	1.5217084	30.685482	-12.377323	-131.00229	1.0904763	19954.172543764114
208	760.3615	20.119877	784.49744	738.70917	396.23856	160.83553	788.8124	268.32193	579.46204	169.18596	743.55206	259.33197	428.65298	170.84972	751.13745	257.52	1000.0	569.2	805.6	616.6	831999	130.34016	11.141002	142.35188	-48.43439	130.34023	11.138118	146.91417	-30.25711	-3.149102	1.4997096	38.739395	-13.377813	-131.01727	0.93476987	20045.48571872711
209	772.6927	18.35707	803.72	755.8011	682.44226	80.66882	800.10583	555.8517	689.9852	103.09684	800.03613	464.1591	720.00476	64.62553	796.6005	621.35236	1000.0	989.8	980.8	990.0	835999	130.35857	11.136662	142.99951	-35.042202	130.3585	11.1360855	142.85004	-32.354664	-3.1509173	1.485553	23.068874	-11.812532	-131.0357	0.6919874	20152.027984142303
210	761.6519	11.44788	771.93256	742.33826	700.60596	31.791395	761.3099	629.4383	710.6699	50.312584	800.53186	624.48083	693.0182	41.732483	758.32733	640.76227	1000.0	1000.0	1000.0	1000.0	839999	130.33432	11.340681	143.3291	-42.401962	130.33476	11.33514	143.51538	-10.831163	-3.147999	1.50769	33.653988	-11.969026	-131.01213	0.8437493	20257.61679816246
211	789.5375	20.471628	809.87134	756.13025	627.8789	145.9017	796.4534	343.06268	540.33044	181.007	797.33136	292.79156	619.9597	148.35379	793.8306	292.75385	1000.0	923.0	820.9	917.1	843999	130.39139	11.252124	141.92516	-48.936756	130.39117	11.250856	142.04285	-32.787205	-3.1540954	1.4787524	38.610146	-13.952284	-131.06471	0.778395	20359.583256959915
212	776.8248	16.636278	795.78784	759.80597	733.8677	56.59416	889.8718	672.6826	716.65564	53.872066	797.1393	631.55615	759.96155	37.907578	792.8643	687.5033	1000.0	1000.0	1000.0	1000.0	847999	130.39667	11.3342	142.80388	-51.964558	130.39622	11.337755	143.57994	-77.95594	-3.1577635	1.5040568	24.786947	-12.259229	-131.07729	0.80984217	20462.574974775314
213	790.56714	10.212543	798.83685	773.2486	628.0614	84.23223	798.4745	472.21335	671.319	90.99089	799.98254	546.7526	722.5165	91.210594	796.52924	569.6012	1000.0	972.6	1000.0	996.7	851999	130.47595	11.374066	143.67926	-93.823814	130.47537	11.372475	143.83675	-95.607735	-3.1519456	1.4910874	25.008818	-12.921079	-131.15712	0.861407	20566.39483189583
214	788.60986	8.126823	796.0081	774.85535	740.7567	71.67175	799.91846	647.98346	663.9347	79.31325	800.00024	553.7285	672.4545	110.04178	796.69977	441.99994	1000.0	984.5	988.4	955.1	855999	130.56961	11.292857	143.74893	-11.030187	130.56943	11.292758	143.64249	-57.763794	-3.1414034	1.4835628	24.914875	-13.162941	-131.24875	0.68928456	20669.732330799103
215	785.74316	18.006569	798.5592	754.8577	614.6476	99.14747	702.5247	434.97034	659.8003	90.731575	800.36835	446.04233	701.3867	63.7627	779.08417	530.63074	1000.0	917.4	965.4	994.8	859999	130.60695	11.3142	142.98645	-48.393475	130.6068	11.314398	143.25789	-53.567978	-3.1638803	1.4894965	26.169819	-12.674112	-131.28535	0.76660156	20782.13584303856
216	796.0723	26.7611	831.2014	763.55237	777.51575	13.9819975	797.0571	755.85596	766.04675	22.728662	797.75653	729.85425	752.9808	27.457115	794.35223	699.2727	1000.0	1000.0	1000.0	994.3	863999	130.7065	11.340203	144.18416	-65.47389	130.70615	11.339623	143.38467	-75.917595	-3.1627126	1.4810411	23.768373	-12.856312	-131.38312	0.8051764	20893.05632829666
217	772.876	32.302937	805.41644	720.46423	513.4124	194.68979	779.70654	277.3883	568.07635	201.34354	799.11127	235.96233	551.9191	176.67491	770.21106	341.1142	1000.0	736.1	819.8	786.0	867999	130.7512	11.381782	142.85855	-69.655136	130.75092	11.384232	143.50871	-53.660313	-3.153822	1.4882007	28.334747	-13.636103	-131.42772	0.8067975	20990.279222011566
218	784.0293	18.023058	814.3538	768.2467	629.9708	138.226	800.04425	439.7476	685.59045	126.69834	800.6848	441.45	588.7866	128.12389	767.79095	409.93222	1000.0	846.6	927.1	863.1	871999	130.84335	11.155114	143.77725	-32.137238	130.84311	11.151472	144.04019	-24.798147	-3.1689312	1.4823352	24.817482	-11.985925	-131.52072	0.7941302	21090.808275938034
219	796.16846	21.796663	828.5321	774.5727	689.3712	88.89868	799.53784	566.1922	672.1144	72.19846	799.13434	572.0142	725.71075	86.58289	797.09534	556.1507	1000.0	962.4	973.8	993.3	875999	130.9103	11.03124	142.85147	-36.029533	130.9103	11.029339	144.25024	-25.213041	-3.16684	1.4998847	24.38167	-11.31581	-131.59703	0.74080056	21194.64643716812
220	770.5958	18.755796	796.5022	744.8845	581.33167	182.00854	798.6148	351.11163	701.7451	158.92023	797.6821	288.17044	628.20404	155.66321	795.0691	369.6036	1000.0	763.0	907.9	823.9	879999	130.96419	10.942901	144.01987	-43.714634	130.96437	10.941219	145.44734	-16.91217	-3.1546955	1.4938279	23.73079	-14.244641	-131.6391	0.81717926	21295.2741458416
221	797.0357	2.24393	800.176	793.9649	705.9516	62.861053	801.2495	652.5627	718.67163	63.54052	800.1726	591.90265	754.161	56.87617	798.10504	655.4515	1000.0	1000.0	965.7	995.3	883999	130.95114	11.084125	144.83197	-50.104206	130.95119	11.08346	144.12126	-81.25756	-3.1461718	1.4842278	31.13499	-12.300695	-131.62581	0.8199883	21399.166635274887
222	801.63226	28.682896	838.5829	758.65094	643.41504	105.393005	795.5952	476.6767	665.05457	77.03829	764.7392	535.719	721.671	76.31943	793.5658	543.1081	1000.0	968.1	967.4	1000.0	887999	130.94225	11.154186	143.38423	-47.130566	130.94237	11.155368	143.7891	-58.549404	-3.142333	1.4762095	20.927738	-12.560187	-131.61153	0.8020537	21502.515365839005
223	782.44684	25.588722	820.7478	749.9702	756.2274	41.671932	798.6779	655.83954	582.16174	213.6222	799.7541	253.77321	672.4325	131.69981	788.815	420.2142	1000.0	1000.0	793.3	921.1	891999	131.01424	10.841581	143.09898	-56.071938	131.01411	10.840399	143.36041	-31.34555	-3.145227	1.4838649	25.012114	-12.830788	-131.68596	0.8803729	21604.167620182037
224	806.7679	20.041723	828.1584	786.55914	737.8598	84.43216	801.2166	537.4025	774.4691	36.820824	817.72815	700.5986	670.71265	88.70181	842.6133	551.22516	1000.0	993.5	1000.0	984.5	895999	131.02483	11.041984	143.90945	-37.86453	131.02486	11.04472	145.26389	-86.79792	-3.1350646	1.501047	26.053677	-11.857896	-131.70268	0.7510765	21711.86169743538
225	802.2196	14.803904	821.8461	780.475	700.79333	67.54643	801.3553	623.99835	702.0917	69.74936	800.7053	614.2638	724.4779	73.95073	798.0505	637.8558	1000.0	1000.0	1000.0	1000.0	899999	131.0988	10.984403	145.22656	-83.36143	131.09862	10.982949	144.91719	-50.116253	-3.1621532	1.4983268	31.725842	-12.239175	-131.77756	0.74397695	21821.67612886429
226	808.60516	15.788406	831.16516	786.6165	681.2085	114.64035	798.7833	513.6072	694.2167	111.612656	799.3864	509.04724	682.39923	114.73251	792.23645	479.64383	1000.0	897.7	958.9	931.4	903999	131.1374	10.928253	143.79594	-9.520517	131.13731	10.927585	144.16866	-13.996327	-3.1618676	1.4826739	26.64435	-14.988152	-131.80838	0.7882317	21922.682603120804
227	817.6995	6.5206513	825.2931	810.78986	695.10486	38.243805	800.85614	657.8812	704.28125	55.635815	801.6576	602.9447	697.14124	76.21447	795.2476	505.3647	1000.0	989.9	986.8	989.2	907999	131.11633	11.043101	143.53378	-14.722361	131.11632	11.0411415	144.45628	-11.679262	-3.138042	1.4927701	28.239784	-11.392717	-131.79169	0.807083	22028.53982424736
228	813.43176	33.624348	851.10016	768.07056	705.6219	124.10607	798.88306	360.97507	754.7621	68.65523	799.6381	573.56744	657.4353	160.92764	795.2295	356.65012	1000.0	952.6	980.8	888.5	911999	131.23375	10.76048	144.07347	-50.400623	131.23357	10.767654	143.62755	-108.1098	-3.1509404	1.4809198	24.476736	-12.239168	-131.9092	0.85536623	22130.281468868256
229	798.438	14.024359	821.0101	782.8413	621.7158	66.08803	709.1062	498.3067	646.57916	62.901505	799.8855	572.07495	621.5794	66.081696	728.6895	484.16254	1000.0	974.7	978.3	947.6	915999	131.26686	10.90981	144.39438	-18.038002	131.26683	10.909312	143.80888	-33.862503	-3.1460257	1.4796618	24.056856	-11.70323	-131.94044	0.74814713	22236.365134239197
230	804.6485	19.910372	836.3574	781.32513	794.2659	11.452127	801.48395	764.3543	790.02014	14.577384	802.0948	762.3661	774.1711	17.016636	797.67096	750.5255	1000.0	1000.0	1000.0	1000.0	919999	131.27852	10.91709	143.94125	-62.41887	131.27853	10.915605	144.94156	-26.767963	-3.1532185	1.475071	22.456398	-13.083131	-131.946	0.77289355	22353.99553489685
231	815.9064	13.8509245	829.41254	794.6106	655.58624	97.58032	800.2495	550.101	666.2876	75.33507	799.07825	549.24866	631.63055	57.76606	795.7829	570.8731	1000.0	971.1	988.3	986.8	923999	131.30128	10.919787	144.36287	-61.731987	131.30138	10.918444	145.1152	-31.986557	-3.1507938	1.4500304	36.581734	-12.824675	-131.96948	0.789148	22470.443806886673
232	812.8176	13.757285	828.7721	797.98114	679.6995	133.62036	799.6893	489.92844	718.2991	137.29279	892.37256	422.78952	710.545	95.06375	795.6114	517.4859	1000.0	966.5	966.4	989.2	927999	131.27213	11.001356	144.42621	-50.625923	131.27242	10.998819	144.64102	-20.304928	-3.1544287	1.4583272	24.31177	-11.972325	-131.93843	0.6563094	22575.172357082367
233	806.81647	28.31076	840.5327	771.1701	753.4781	47.101654	799.1458	684.9434	753.4491	45.088787	798.6338	687.9422	725.18506	25.846409	794.50653	697.8808	1000.0	1000.0	1000.0	1000.0	931999	131.3031	11.00458	144.78487	-11.898975	131.30322	11.001947	145.05042	-44.614876	-3.1383579	1.4708785	20.792345	-12.66958	-131.9686	0.68379474	22680.892774105072
234	803.5202	22.195333	837.83545	779.42847	724.29285	58.329372	799.09064	667.3516	744.9868	58.242718	802.1841	669.3053	729.34503	39.643433	796.11237	675.8932	1000.0	1000.0	1000.0	1000.0	935999	131.37944	10.953912	144.57632	-63.04923	131.37949	10.953344	145.19286	-35.925537	-3.1241167	1.4771439	29.077402	-12.892954	-132.05028	0.7361029	22786.565163373947
235	799.9555	9.354224	814.22235	788.1822	795.47577	6.1530585	799.8629	778.1485	789.0149	18.528427	801.77185	744.83527	782.45966	17.46961	797.1047	753.60657	1000.0	1000.0	1000.0	1000.0	939999	131.45639	10.908032	145.35544	-67.916595	131.45647	10.9175005	144.46143	-125.73246	-3.1297102	1.494776	29.589468	-11.794749	-132.12576	0.93377346	22890.58861398697
236	811.55884	18.957796	838.5217	789.1298	771.883	27.158321	798.629	711.757	753.65137	138.71019	886.84625	350.57724	648.2098	182.58366	793.2324	316.70557	1000.0	1000.0	952.4	866.5	943999	131.48299	10.909923	144.24875	-14.774457	131.48297	10.913319	144.51651	-28.973612	-3.1219153	1.4993551	29.452677	-12.778164	-132.16644	0.7612047	22993.381254673004
237	791.6296	9.285781	799.1981	775.776	799.0226	52.312057	848.38184	692.33704	747.67554	83.99733	852.066	636.7169	764.9963	57.814087	844.7851	651.5777	1000.0	1000.0	1000.0	1000.0	947999	131.52177	10.859482	144.7073	-19.746807	131.5219	10.857868	144.38126	-36.602566	-3.116706	1.4913186	22.75043	-13.054118	-132.18845	0.80019724	23101.88262820244
238	802.62463	29.90403	843.666	760.2964	690.3904	108.14917	799.6477	441.31143	621.9596	149.06303	798.6753	439.69095	642.6459	93.38741	733.5648	488.832	1000.0	980.1	978.2	973.0	951999	131.55862	10.848638	145.97453	-19.74105	131.55843	10.850083	144.35425	-35.66734	-3.1243243	1.4860489	28.039968	-12.351094	-132.22632	0.6895893	23207.74475336075
239	796.92017	29.279234	837.69666	763.80164	721.2962	105.12615	799.3981	444.85846	679.8103	157.12811	799.3931	258.38696	657.9425	129.67004	795.5161	423.32123	1000.0	951.9	894.8	903.6	955999	131.52087	10.820287	144.3114	-50.341022	131.52094	10.821818	144.30264	-43.713425	-3.1324918	1.4694135	24.414835	-12.611527	-132.19174	0.87941575	23314.972948789597
240	797.73615	12.917589	818.98816	784.94336	817.5599	51.47412	894.594	755.51697	765.04785	35.005733	801.1094	703.0003	783.1952	23.747076	798.063	725.92694	1000.0	1000.0	1000.0	1000.0	959999	131.45393	10.980606	143.4771	-12.331272	131.454	10.97327	144.10608	-7.9696045	-3.1276648	1.4616655	30.694056	-13.423444	-132.1187	0.7798955	23419.86600637436
241	816.1703	17.851507	846.1495	799.95325	740.5849	68.642006	799.5003	573.55475	681.7886	119.37088	799.1784	498.24805	742.50836	82.33578	794.43475	518.7619	1000.0	1000.0	1000.0	956.7	963999	131.51376	10.714803	144.80563	-13.632566	131.51343	10.719104	145.17802	-40.993523	-3.1584675	1.4669161	67.74446	-14.285697	-132.18562	0.81697446	23524.121341705322
242	790.98956	13.401955	805.7015	769.5754	549.30304	99.07079	769.41486	450.67868	617.88	124.458534	799.76404	396.4264	576.49634	115.49444	794.6176	415.62234	1000.0	932.4	930.1	901.7	967999	131.56476	10.712241	143.9157	-50.362595	131.56467	10.71305	143.39525	-53.938168	-3.1566832	1.4706647	25.22163	-12.323499	-132.23653	0.7117906	23630.815769910812
243	799.68164	21.833353	836.65283	780.2307	721.6163	39.6237	799.80035	691.4011	758.85583	52.143066	799.8543	652.7995	765.36926	35.93916	794.7694	711.50397	1000.0	1000.0	1000.0	1000.0	971999	131.62878	10.690855	145.73743	-44.911907	131.62862	10.694134	144.61076	-42.10669	-3.1479979	1.4550859	26.336903	-11.271021	-132.29526	0.772484	23737.959092617035
244	815.6641	4.6389513	821.04266	808.3455	760.0275	53.09672	811.25226	633.8807	781.07916	37.67108	801.3726	670.33997	780.8522	29.35219	796.2266	695.7633	1000.0	989.3	1000.0	1000.0	975999	131.70998	10.577995	144.13889	-35.441517	131.71002	10.582613	144.36142	-59.544437	-3.1362934	1.4611733	25.15391	-11.352682	-132.38329	0.7997179	23842.977914571762
245	802.4829	33.43259	835.62103	760.412	696.6394	52.82695	799.2405	649.76117	702.6547	37.36433	798.8309	648.8417	704.80536	43.153454	794.1507	664.2487	1000.0	1000.0	1000.0	1000.0	979999	131.73386	10.656533	144.22035	-147.34827	131.73424	10.649664	144.53084	-46.232525	-3.144319	1.45938	27.92159	-12.825472	-132.39537	0.97633725	23947.517951488495
246	819.2439	26.161217	846.2495	790.7749	735.0633	65.31263	799.42737	596.47784	700.0591	84.06695	799.34064	546.92084	758.03235	26.632015	796.5406	721.0446	1000.0	957.6	1000.0	1000.0	983999	131.74234	10.616295	144.92003	-59.298653	131.74248	10.612859	145.39998	-14.666775	-3.1390238	1.4620465	25.480001	-12.301839	-132.40906	0.7109122	24053.993270874023
247	804.92834	25.31661	842.56396	771.90314	763.43866	48.49917	800.4034	629.1072	752.75653	72.00267	800.3173	609.7187	768.6891	47.043358	796.2328	632.0993	1000.0	1000.0	1000.0	1000.0	987999	131.78664	10.528297	144.5775	-53.08637	131.78645	10.527554	144.51529	-77.803055	-3.123609	1.4798492	27.770226	-13.055382	-132.45695	0.80021006	24159.52830839157
248	832.1998	6.1153107	841.373	824.2253	765.341	28.805752	799.5522	728.391	673.66144	86.804115	799.91364	545.5508	698.54285	74.2397	794.34186	607.4578	1000.0	1000.0	969.0	960.2	991999	131.79424	10.587174	145.34065	-33.35817	131.79437	10.587756	149.38228	-56.41765	-3.1509516	1.4634558	24.00271	-12.736727	-132.46114	0.64956295	24263.75850200653
249	809.1759	27.484568	856.24493	790.0653	604.18896	198.4115	799.56525	289.37918	569.73035	214.14294	798.9366	253.05016	595.03296	191.68703	795.72003	323.1663	1000.0	797.0	752.6	770.0	995999	131.8574	10.510923	145.06502	-98.91741	131.85777	10.508178	145.77034	-54.562824	-3.140866	1.4833534	27.245117	-13.508201	-132.52481	0.9244929	24359.47835445404
250	814.859	13.937795	831.9316	795.8999	736.7748	28.550047	802.23	688.46344	745.458	44.795044	802.3735	672.46796	745.0235	37.965866	797.465	686.98425	1000.0	1000.0	1000.0	1000.0	999999	131.87213	10.636452	144.84702	-57.095345	131.87245	10.64025	145.43222	-66.77263	-3.1578634	1.4505938	31.381937	-11.969496	-132.53748	0.7485839	24463.9777238369
