Epoch	AverageEpRet	StdEpRet	MaxEpRet	MinEpRet	AverageTestEpRet	StdTestEpRet	MaxTestEpRet	MinTestEpRet	AverageTransferEpRet	StdTransferEpRet	MaxTransferEpRet	MinTransferEpRet	AverageRandomEpRet	StdRandomEpRet	MaxRandomEpRet	MinRandomEpRet	EpLen	TestEpLen	TransferEpLen	RandomEpLen	TotalEnvInteracts	AverageQ1Vals	StdQ1Vals	MaxQ1Vals	MinQ1Vals	AverageQ2Vals	StdQ2Vals	MaxQ2Vals	MinQ2Vals	AverageLogPi	StdLogPi	MaxLogPi	MinLogPi	LossPi	LossQ	Time
1	3.1194847	3.345342	11.368398	-4.845331	10.667936	0.64370555	11.498186	9.678473	9.834456	1.810861	11.206522	4.5581794	10.672134	0.8948015	12.524245	9.237277	17.30303	21.1	20.4	21.1	3999	5.8569765	4.964327	23.765701	-6.072302	5.857214	4.9643397	23.876078	-6.0802546	-2.5495608	1.6472443	6.9734135	-13.733715	-7.031685	0.3953208	65.2631208896637
2	3.0825431	3.2751086	14.271362	-5.13201	81.15464	25.59871	133.17276	51.56706	90.062485	28.135725	132.62766	46.64905	94.43434	31.681467	154.30688	60.250282	16.852322	181.5	203.7	217.8	7999	17.276875	16.555473	85.98801	-7.9864993	17.276634	16.55609	84.747734	-7.6879206	0.51281774	3.267929	17.74686	-13.809977	-20.81127	1.4901752	144.3482346534729
3	8.694004	23.886957	203.19266	-5.400157	3.915011	1.0779836	6.275004	2.7072759	232.84505	253.0906	577.62787	2.7578125	190.47299	192.65787	467.86838	2.9180129	28.419847	25.8	411.8	339.3	11999	52.705544	54.454754	227.77992	-15.231045	52.705814	54.45647	220.25693	-17.072853	3.6672637	4.9060655	26.876389	-11.781922	-62.895515	17.49938	228.11595678329468
4	210.24101	119.91536	439.94565	28.500433	336.52667	132.36435	683.89777	234.15742	426.94696	202.56746	769.9078	265.09528	492.90625	201.83128	726.7426	166.83607	390.9	448.4	568.3	702.9	15999	77.472626	64.64982	207.01268	-23.442352	77.47412	64.65428	209.068	-18.845968	3.676305	4.5666223	27.237421	-12.561904	-84.90642	31.09857	325.2791566848755
5	381.49124	173.78691	652.7409	150.78043	425.18222	223.71494	673.75397	48.62823	271.20233	224.71866	696.6686	84.27819	281.2789	165.2011	677.20544	63.048336	610.7143	622.9	392.2	413.9	19999	86.50877	64.46283	198.36264	-21.198494	86.50938	64.4678	196.53352	-26.193974	3.416672	4.1592555	25.673246	-14.962688	-92.354546	24.688581	415.91993951797485
6	237.63005	225.52191	643.12646	9.615095	667.64716	44.018753	696.8751	536.59827	637.55725	89.7764	687.844	457.8438	667.38904	68.72901	712.5155	490.8662	414.0	978.0	1000.0	957.9	23999	92.47083	62.053936	194.19617	-26.583775	92.47031	62.055424	200.09189	-25.804855	2.7834728	3.8206732	23.54371	-13.752583	-97.00948	27.155516	526.3540072441101
7	301.174	157.9171	563.6042	101.72834	264.002	60.630478	333.3714	118.26368	274.8979	145.81464	678.3523	163.92908	257.96497	57.00445	323.29196	153.97289	561.0	383.5	397.5	374.8	27999	90.20813	55.418953	167.6248	-18.424154	90.20955	55.41822	172.08995	-29.068567	2.1504447	3.605465	21.84781	-13.856704	-93.57512	20.498423	615.2555868625641
8	403.23676	202.44687	607.9107	137.98114	498.37988	173.69344	715.304	168.31834	597.4896	140.58354	736.2035	220.03519	589.9275	113.9769	769.52325	394.58984	694.2	805.5	926.2	947.5	31999	85.07487	48.31905	149.80563	-12.978336	85.07453	48.321175	148.67435	-14.3488865	1.623439	3.500427	22.313774	-14.563665	-87.72781	16.046453	735.7073559761047
9	602.8849	15.491101	620.0526	585.9854	174.15652	76.578415	286.78455	35.544586	236.3562	154.32312	594.15173	24.666193	180.78061	182.68687	673.14636	24.825598	1000.0	253.7	366.6	278.2	35999	81.14682	42.312298	138.53737	-22.473679	81.1458	42.315464	139.1669	-32.344482	0.6646778	3.3214834	20.988527	-14.890967	-83.16362	14.174449	827.7045876979828
10	452.53488	198.48096	616.8378	162.85088	240.50505	183.81223	610.9403	114.44356	340.16022	209.64238	667.81226	116.643425	232.67715	200.13353	648.79535	81.276764	756.8333	383.8	550.7	359.1	39999	77.37208	37.66486	130.99832	-33.851986	77.37082	37.667908	131.30234	-27.958872	0.10280715	3.1038098	20.165688	-14.845301	-78.99867	10.874206	913.9327237606049
11	264.35336	190.69238	609.4451	99.63174	160.73584	58.58842	292.9424	101.846306	162.96335	80.228745	327.935	83.11041	118.54677	49.579338	212.43068	31.74739	434.44446	223.4	226.1	155.3	43999	74.87801	34.37792	125.68672	-27.120369	74.87735	34.379116	126.47638	-35.23204	-0.2129045	3.0672941	22.735641	-13.283896	-76.26435	9.677694	993.3224878311157
12	455.44995	215.4436	593.29834	28.421316	238.94736	128.47903	591.462	138.03319	308.69916	178.68939	588.4658	131.35434	168.68787	54.127598	299.77133	116.521454	781.2	381.6	517.8	263.5	47999	72.97577	32.282207	119.67109	-26.161547	72.97533	32.28332	118.762535	-34.105747	-0.5233855	2.9294143	20.189535	-14.935387	-74.21847	8.50415	1081.2982232570648
13	389.5592	187.52995	645.82404	161.99413	189.5368	20.648375	209.53801	135.18967	217.9971	42.80468	321.02194	167.50096	183.15678	24.614944	210.61247	130.92773	660.8333	310.8	362.2	296.8	51999	72.10076	30.880066	110.38132	-30.706291	72.10008	30.880445	110.78544	-33.033455	-0.6755825	2.9070654	19.588184	-13.924481	-73.29917	7.8812428	1169.7585709095001
14	396.6866	170.31517	632.96204	204.18013	224.60612	134.78358	587.18536	107.68153	207.7313	129.4102	570.1487	98.998566	218.79663	137.71968	563.9474	92.721695	641.1667	372.9	356.3	363.5	55999	72.23993	29.92311	108.385666	-57.642475	72.23963	29.92323	109.05639	-27.566856	-0.83645713	2.8501992	21.523132	-14.563477	-73.3517	7.6486826	1262.2096049785614
15	619.4944	8.437579	630.00903	608.39557	200.30367	61.729733	316.92786	138.5375	230.1113	125.8066	595.74677	116.73067	220.99097	67.91721	350.61954	134.77492	1000.0	319.8	366.9	339.0	59999	73.280304	28.983784	107.69092	-37.51609	73.27996	28.983545	108.11211	-46.87508	-1.0309087	2.7751634	23.310352	-14.454431	-74.37662	7.2872167	1348.4337203502655
16	438.27426	184.79103	646.3841	113.86119	341.54904	159.15115	696.3204	165.39967	387.43494	191.63806	691.60565	159.51974	385.1479	214.15373	689.9812	125.62879	708.6667	536.0	619.3	571.9	63999	74.476944	28.154713	108.19223	-26.45392	74.477066	28.153168	107.28776	-44.83162	-1.1009315	2.7421944	20.350151	-13.766594	-75.52603	7.0448966	1443.328412771225
17	540.9205	185.25558	647.0551	171.9869	511.6563	136.35225	584.77686	107.79732	517.7909	147.84009	646.42035	102.36589	519.94324	144.06189	598.01245	104.15691	853.0	907.0	899.8	899.9	67999	75.60126	27.805033	107.52946	-41.38651	75.60087	27.805012	107.765175	-49.717323	-1.1377091	2.691067	20.89897	-13.808653	-76.647125	5.9292617	1552.2460865974426
18	505.79663	185.51811	632.4585	185.42934	492.12964	61.273838	557.05536	345.7885	487.8974	159.19835	690.53754	170.68405	462.70206	184.26073	705.2618	130.00385	827.0	845.4	788.7	735.8	71999	76.94774	27.30039	106.50359	-48.37029	76.94774	27.299408	106.86078	-61.836296	-1.2159041	2.7071817	21.83256	-14.110794	-77.97004	5.683121	1655.1848261356354
19	592.9083	46.601944	627.54065	504.99054	328.94925	150.55585	552.44293	185.39354	343.20532	171.09851	624.5321	153.96332	351.6585	111.74457	533.8284	214.28227	974.0	512.8	540.8	545.6	75999	78.29443	26.820082	107.0981	-42.033585	78.29389	26.81957	107.06549	-44.4527	-1.274997	2.6672869	18.365553	-12.756428	-79.29077	5.5656834	1749.4856441020966
20	574.16626	81.9587	635.28314	432.9953	393.37747	183.25821	694.8284	192.33687	433.93564	164.9036	620.5491	182.7087	291.03384	154.10068	585.3567	116.73071	926.0	573.3	652.0	429.9	79999	79.60056	26.410995	107.07178	-34.455856	79.60037	26.411098	107.69411	-28.894552	-1.3374869	2.6793394	21.315212	-13.797799	-80.578125	4.956131	1844.3794615268707
21	543.3175	165.15347	645.9021	257.52084	344.46393	186.13245	660.7992	172.53629	315.8843	164.94861	608.3095	157.71832	287.17874	143.54341	582.2605	188.30989	855.5	503.5	459.7	437.8	83999	81.02482	26.263998	108.746666	-48.052933	81.02435	26.263275	108.39834	-56.683693	-1.3892844	2.6193576	19.486698	-13.471619	-81.979965	5.059902	1934.138109922409
22	618.6887	15.788769	630.4023	591.51874	227.08464	144.2464	642.9173	136.12616	171.41197	57.65739	321.28717	115.955345	206.37463	78.60084	400.64087	132.60078	1000.0	331.9	242.7	297.2	87999	82.5186	25.970625	108.61814	-21.351398	82.51853	25.970188	108.74618	-57.523094	-1.4524381	2.6432974	23.123764	-15.074483	-83.486	4.783576	2017.7209248542786
23	563.4501	154.67203	661.0596	257.01147	197.65976	55.612225	311.03867	136.66667	238.40659	160.83171	699.056	108.22726	180.0118	61.551575	319.66324	120.07129	889.8	276.4	332.0	242.3	91999	83.74799	25.489065	109.396164	-32.339363	83.747925	25.487871	110.1382	-78.365204	-1.4964572	2.6154666	25.850603	-13.231536	-84.679596	4.940103	2101.8134927749634
24	654.85803	15.420068	678.68274	635.81494	553.7997	157.6903	791.19244	354.12488	374.79974	95.77945	463.71725	184.59839	464.9787	112.45917	787.3622	352.66483	1000.0	752.2	541.6	651.4	95999	84.86883	25.282383	110.366425	-52.36395	84.86874	25.28055	110.06251	-43.497524	-1.5707297	2.5899334	20.556427	-13.307198	-85.78267	4.4241934	2201.881989479065
25	518.21594	232.01833	660.64954	55.37485	153.84521	27.209904	225.91049	120.15656	157.56216	46.32058	287.84378	120.0793	179.8774	66.1431	336.678	133.43867	814.2	201.0	204.9	233.8	99999	85.94037	25.190378	111.889465	-54.368835	85.94047	25.190826	110.27416	-70.36965	-1.6218431	2.553112	20.363132	-16.264791	-86.84263	4.232195	2284.603139400482
26	412.59714	213.69809	630.9223	105.751274	289.79144	145.36693	496.2634	144.39882	302.09406	152.65521	616.08276	174.89001	291.20865	155.51448	533.8425	135.21837	655.5	415.2	442.5	407.3	103999	86.99041	24.751223	111.47043	-35.533043	86.99	24.751568	111.43662	-35.316166	-1.6644204	2.5542428	21.886106	-14.2969265	-87.868614	4.443226	2376.401890039444
27	660.12634	10.379838	671.2137	643.1332	524.4719	221.73212	790.9404	169.44725	498.02823	130.81955	609.16077	204.60805	510.62823	140.63232	690.57495	290.15253	1000.0	785.0	852.0	843.1	107999	87.86273	24.788557	115.322716	-75.94623	87.86234	24.789036	112.32399	-56.94946	-1.7098688	2.5404103	21.999247	-13.686085	-88.75419	4.6383214	2484.285133123398
28	632.36084	8.223937	645.11127	623.6049	502.56427	118.796295	693.61426	281.09604	480.06543	179.65317	695.58307	222.21095	572.3729	140.44147	695.6095	254.83752	1000.0	845.3	768.5	892.3	111999	89.31177	24.268923	119.89576	-33.779522	89.31159	24.2665	116.15117	-59.00262	-1.7660495	2.493989	24.126537	-12.715988	-90.200325	3.9383817	2590.8095319271088
29	548.96423	165.2168	670.84125	223.0504	544.3058	89.1557	632.4444	300.68234	628.67615	90.74236	791.8769	501.42514	592.73517	130.20226	742.44257	272.08667	877.4	934.5	980.2	940.5	115999	90.31362	24.25277	117.47373	-69.39965	90.3133	24.253494	114.69414	-50.91101	-1.791066	2.4900985	27.201	-12.895994	-91.19263	4.982282	2706.098368167877
30	661.2398	13.681601	676.861	639.5287	595.14355	168.55092	773.846	195.63779	551.71643	208.24821	777.15186	217.6543	593.1282	80.638916	734.0662	385.11902	1000.0	881.6	760.8	948.9	119999	91.44958	23.835548	117.67457	-34.65372	91.44932	23.837137	116.31852	-45.924206	-1.8248028	2.5202975	23.192894	-13.583964	-92.3305	4.507885	2816.1842143535614
31	655.87366	13.871099	672.7399	635.30273	275.40173	51.106575	390.93808	219.27634	342.367	139.80176	591.3288	127.95285	291.41483	48.937084	368.57315	215.4914	1000.0	403.4	510.4	418.4	123999	92.57096	23.650738	117.99873	-42.511772	92.57063	23.65107	120.42423	-54.84075	-1.8113791	2.5060725	28.759941	-11.962136	-93.44569	4.1602316	2909.528049468994
32	639.5956	17.965353	665.5718	615.7095	313.3072	186.85625	754.6096	128.58179	270.51993	147.00204	556.2199	118.75951	280.25604	107.29973	525.6217	149.64801	1000.0	438.6	428.6	402.6	127999	93.77977	23.282295	120.66926	-47.06942	93.7799	23.281454	121.132645	-88.454124	-1.878361	2.496668	21.760267	-15.878407	-94.64344	4.197099	3003.4854578971863
33	641.41077	29.803429	670.6017	591.99384	513.3872	126.12059	766.0411	388.4917	502.7204	132.86229	752.7725	358.3048	455.4043	175.39537	758.7651	213.17943	1000.0	736.6	720.7	641.5	131999	94.92502	23.063421	125.24191	-26.254566	94.92507	23.062822	125.54954	-72.85158	-1.9016577	2.5477998	27.731274	-12.809307	-95.79844	4.141378	3107.72957444191
34	647.9366	19.96752	666.8211	618.81757	255.79492	87.50123	425.38028	177.34648	438.2408	204.31754	704.3282	172.81187	289.1717	145.43602	680.8376	181.17607	1000.0	357.1	673.7	409.7	135999	95.84006	22.846472	123.27954	-61.663414	95.83948	22.84875	122.3247	-102.39312	-1.9311879	2.504045	30.428007	-16.949205	-96.69166	4.025475	3200.789562702179
35	659.076	23.864975	684.6077	619.9261	316.7994	94.869026	449.3203	140.51396	283.30768	178.94228	674.3512	119.6307	203.41617	74.298195	395.7046	151.75008	1000.0	425.8	397.6	277.2	139999	96.88344	22.337116	121.08832	-72.20407	96.88324	22.33646	119.97689	-71.803635	-1.9496397	2.5232892	30.273144	-13.469328	-97.728004	4.105112	3288.6455514431
36	672.69037	11.98955	689.4053	658.04816	270.26132	84.92609	415.24997	169.41978	359.3715	176.48871	683.4579	165.27336	195.99333	25.553122	241.81818	159.17645	1000.0	364.0	508.3	258.3	143999	97.68991	22.302292	121.79337	-50.424263	97.69022	22.302784	122.04997	-60.803024	-2.023552	2.4464643	23.89202	-13.444763	-98.535545	4.149415	3375.823471546173
37	623.9607	73.70711	681.2453	499.78232	221.76506	90.26372	476.13968	133.69878	318.1855	187.80103	686.8289	161.12459	337.37198	159.8778	532.2292	163.48247	953.5	318.9	473.7	479.0	147999	98.58226	22.126501	123.66044	-86.49401	98.58178	22.127697	122.573296	-54.85714	-2.0274577	2.4706182	23.76645	-13.453733	-99.42766	3.5317774	3466.3182516098022
38	661.39514	16.535187	678.1277	640.2398	541.90845	167.82675	705.7975	264.29398	480.53412	185.22232	713.0768	228.61356	513.0937	187.09404	696.9164	259.11716	1000.0	782.6	681.7	746.2	151999	99.41409	21.869905	122.91465	-76.31597	99.41445	21.870878	122.80369	-61.248634	-2.0516841	2.4499633	24.896032	-14.438322	-100.24978	4.3511567	3569.7625982761383
39	638.74554	20.960068	662.5671	607.79034	432.6508	68.41618	542.9847	316.92374	471.31796	94.14147	658.9215	327.05283	411.03506	71.8681	511.93735	296.95563	1000.0	663.7	768.6	683.6	155999	100.24903	21.4399	120.100044	-48.585033	100.2488	21.43615	121.77883	-80.10582	-2.0182045	2.5132127	33.23535	-13.063118	-101.0955	3.7354653	3673.4929440021515
40	663.6561	19.21668	696.7153	649.638	362.71036	41.620274	427.10553	303.98068	342.15213	96.06414	560.7354	150.25826	384.40802	16.637806	417.60162	359.79764	1000.0	618.1	548.7	634.8	159999	101.01451	21.112402	119.51499	-62.970764	101.01472	21.108814	119.4981	-32.78051	-2.0414267	2.4766753	26.545341	-13.223308	-101.83858	3.863022	3771.684741258621
41	663.7086	8.179662	674.503	651.6226	238.65584	123.34946	482.5514	139.848	248.07492	75.60559	367.72925	166.09714	286.33023	116.419334	420.08798	160.56836	1000.0	332.5	347.3	383.9	163999	101.61963	21.08007	121.58069	-80.547775	101.61956	21.079052	120.58755	-65.46399	-2.076922	2.4611585	27.204086	-13.098486	-102.4451	3.6107688	3860.111885547638
42	660.91943	14.26087	683.0674	643.2278	344.92712	51.98196	431.12137	278.17007	421.43994	145.1935	626.0936	238.3715	374.92645	61.24406	488.42728	304.0585	1000.0	528.0	694.5	584.8	167999	102.18034	20.897692	121.71077	-46.680187	102.18012	20.898657	121.12061	-63.350563	-2.1215057	2.4584622	22.363384	-12.607397	-103.00583	4.030442	3958.494757413864
43	644.03284	25.01403	665.651	602.00476	305.96368	176.5962	645.33795	162.6101	300.44748	156.43712	608.11584	170.83084	217.2544	37.361675	285.5504	167.41133	1000.0	471.5	478.1	349.7	171999	103.01385	19.985245	125.02085	-58.065914	103.01364	19.98844	122.75901	-58.043377	-2.1166995	2.4717329	27.279673	-12.285435	-103.82662	4.0208235	4050.6715121269226
44	631.7328	23.999056	662.57056	595.4711	254.02925	70.69122	396.50882	160.22098	356.30698	176.57878	620.44836	168.98607	219.52414	54.33031	321.6451	148.13084	1000.0	357.6	553.6	323.2	175999	103.45594	19.84118	121.64787	-35.634087	103.45628	19.839722	122.20371	-129.6602	-2.1384113	2.4081755	27.635635	-12.194403	-104.24557	3.938004	4143.03445148468
45	622.19403	31.500502	673.1735	592.33673	253.78967	31.131468	296.02014	187.64795	298.6079	104.51177	598.77924	211.32211	271.5253	23.445492	297.85196	228.8883	1000.0	394.6	483.9	431.0	179999	103.58553	20.032404	121.33024	-56.810993	103.58583	20.035192	121.561035	-93.03962	-2.1431532	2.3809988	24.968424	-13.259422	-104.36857	3.8690763	4232.447189807892
46	649.8065	18.334206	661.53143	618.0967	224.95993	18.948824	251.37839	188.57925	300.26044	158.39912	618.2664	183.89584	242.76912	41.05031	335.87027	196.16835	1000.0	348.9	468.6	364.4	183999	103.85557	20.12726	122.376656	-54.060406	103.85567	20.123299	121.97522	-56.742188	-2.157598	2.3365993	21.297022	-13.266218	-104.63606	3.7097173	4317.414025783539
47	632.7967	30.727125	665.1547	582.201	248.57092	86.07057	401.39575	145.88007	393.7588	212.28773	633.2802	157.31813	285.14117	93.24499	391.3783	151.3302	982.25	366.1	623.3	399.5	187999	104.1868	20.195107	123.576225	-98.28299	104.18708	20.193615	123.200615	-87.59183	-2.1473684	2.4069824	23.15997	-12.86072	-104.97008	3.5998476	4403.197556734085
48	651.31464	8.243259	661.12854	642.6443	249.12456	27.262754	285.9618	186.02274	271.6755	54.319893	374.3349	205.74149	250.40005	24.252007	277.75653	193.36566	1000.0	389.6	400.9	377.1	191999	104.42874	20.284256	123.96061	-36.139145	104.4291	20.283585	123.10221	-53.674267	-2.2178853	2.3296688	22.805141	-13.296478	-105.19961	3.2302828	4485.2901263237
49	669.7621	19.932035	692.99493	637.9662	194.98459	54.96012	278.3213	129.10864	228.88342	81.35095	429.7101	139.24275	245.96036	109.139	467.27844	134.11153	1000.0	286.6	341.2	368.3	195999	104.64014	20.250374	123.82287	-69.5156	104.64	20.249748	123.56832	-66.55834	-2.1883469	2.3778503	25.117722	-13.2636175	-105.41042	3.4365547	4565.57844877243
50	662.2623	6.7632833	672.4549	655.2255	270.8404	71.35023	395.20093	188.05312	407.9146	187.80933	693.35565	184.74089	230.83926	44.741398	297.54138	133.73645	1000.0	416.6	675.0	357.0	199999	105.02896	19.952766	123.19977	-112.42608	105.02938	19.948769	122.61188	-68.72742	-2.227027	2.372681	29.989061	-15.101968	-105.805595	3.1531308	4651.847683906555
51	657.8955	4.528359	665.5893	654.4125	286.64597	44.98829	394.1997	244.20314	323.32504	149.24518	619.51953	159.6781	303.36194	38.647156	377.03952	240.35313	1000.0	455.1	514.3	478.9	203999	105.24563	20.111773	123.35477	-80.245605	105.24591	20.109623	122.98336	-59.339085	-2.2685575	2.3341987	23.440697	-12.74353	-106.00444	3.4357932	4737.973615169525
52	670.5834	18.769175	701.9861	654.26025	343.49237	63.234398	470.82104	246.24109	330.7728	147.69553	625.22894	180.90746	285.07172	89.434494	417.09137	150.67929	1000.0	545.2	537.2	435.7	207999	105.60178	20.055227	123.72203	-93.79486	105.60192	20.054667	123.31086	-63.049454	-2.270882	2.3016784	27.069656	-13.485568	-106.37433	2.9479213	4828.8489382267
53	669.2461	11.935965	684.2427	651.1778	276.57086	62.642868	372.06207	155.93353	370.92743	139.9859	621.5547	193.01776	279.55646	139.66054	691.0731	184.8006	1000.0	438.3	596.3	428.8	211999	105.9532	19.927431	124.52745	-47.566387	105.95378	19.927118	123.814095	-92.15898	-2.3004546	2.28993	27.237179	-12.512954	-106.70366	3.183432	4915.280028343201
54	108.56666	250.2067	681.0297	-5.671502	-2.9092185	0.9517325	-1.0825288	-4.7784142	109.77743	180.76263	450.5591	-3.340693	-2.988738	1.1635994	-0.7383045	-4.7010164	182.83333	19.5	269.0	19.7	215999	106.28256	19.327265	187.66122	-41.989273	106.28272	19.327253	186.61957	-58.50948	-2.1089232	2.9369018	90.447716	-12.99687	-107.191315	4.8749175	4986.030678510666
55	89.718315	179.12196	669.2858	-4.719663	234.60185	67.723206	374.18164	185.37317	367.18207	167.59042	591.522	182.06714	315.4762	100.09407	420.308	184.42775	173.55556	372.6	602.4	516.0	219999	108.28717	19.913704	182.5494	-100.47734	108.28937	19.908571	177.39162	-57.84834	-1.2427014	3.0477378	32.660843	-12.957838	-109.4892	5.9168115	5071.415970802307
56	643.02405	8.990432	657.10187	632.382	315.5658	51.11952	387.07626	227.59262	393.4904	165.2569	695.1451	206.34636	321.34027	54.643383	383.91266	213.65407	1000.0	493.4	606.0	514.2	223999	107.68434	20.551075	126.98958	-62.60467	107.68473	20.548508	126.8616	-45.016453	-2.103917	2.3773725	24.21557	-12.308692	-108.439766	3.7226498	5162.1160933971405
57	656.57996	18.986742	683.30505	634.94946	392.37735	77.97023	471.39627	259.1832	381.40396	86.62418	544.91266	237.44197	326.36133	82.55303	459.19427	193.39044	1000.0	634.2	622.9	519.2	227999	107.28914	20.327175	124.94037	-62.788586	107.28963	20.322495	124.755455	-61.121933	-2.2325935	2.3319688	35.764378	-13.90416	-108.02566	3.6923032	5253.343186616898
58	663.3641	13.780599	676.4866	640.23065	317.06848	61.157383	443.05057	245.896	348.44772	143.78816	623.957	214.67224	270.22235	30.086277	319.39392	221.76956	1000.0	477.0	544.1	402.9	231999	107.14935	20.398792	123.67394	-65.40251	107.14979	20.398058	124.52035	-71.302605	-2.2672737	2.3425374	34.25521	-12.016741	-107.88682	3.4337115	5339.541510343552
59	666.42017	10.639858	684.37463	657.1908	284.3238	101.301094	585.33923	230.85672	379.48785	156.42433	620.8932	191.71423	256.12943	27.896185	312.2198	212.31786	1000.0	442.4	591.8	396.0	235999	107.21893	20.378883	123.95649	-32.70845	107.2192	20.381687	123.53279	-71.24223	-2.241995	2.3768811	42.035316	-12.883879	-107.988754	3.135749	5424.717940568924
60	660.3042	6.5406594	670.7209	653.70526	306.1525	27.034264	362.13623	257.43848	397.2779	160.50264	689.6291	254.81874	339.5177	118.854385	692.48364	258.96786	1000.0	467.3	608.0	514.4	239999	107.62944	19.4686	124.37695	-57.94754	107.62937	19.473156	123.43304	-48.531124	-2.2994564	2.4104104	31.360052	-13.242981	-108.393234	3.4046905	5518.738482475281
61	664.3608	18.1738	682.0148	639.1511	285.3708	53.621597	371.3174	209.6892	347.23135	142.1321	624.5854	179.36461	298.71652	62.472076	423.6597	229.35907	1000.0	419.0	539.2	438.2	243999	107.85863	19.098309	124.01759	-48.5411	107.85884	19.103138	122.68139	-121.44814	-2.2991416	2.4111066	38.499798	-13.823863	-108.6114	3.6962388	5605.6299912929535
62	652.66077	19.804047	670.11176	619.1499	661.8069	138.59157	783.3074	258.68887	536.8251	223.4403	702.6067	166.49467	640.2231	166.79463	778.3898	163.60844	1000.0	941.7	774.8	920.9	247999	108.06687	19.368338	126.5709	-95.90951	108.06708	19.37168	123.71276	-77.85868	-2.3270426	2.3934813	27.713043	-13.029834	-108.82846	3.367724	5706.359409093857
63	667.71204	25.908863	697.0464	629.26117	213.24539	22.220688	242.57329	172.38126	224.4954	104.883705	532.1787	160.38988	227.06523	39.75561	293.2434	177.75461	1000.0	332.8	364.2	342.0	251999	108.24316	19.406523	134.59135	-60.13401	108.24353	19.40764	133.84047	-81.908875	-2.3921309	2.2635882	22.060968	-14.488661	-108.99584	3.2648315	5787.731772899628
64	639.92645	10.325544	657.2695	631.8017	285.96387	48.40727	383.05563	227.73608	401.9693	173.60881	604.9323	183.3821	261.30194	27.738897	321.3174	216.03119	1000.0	427.6	646.6	398.5	255999	108.40183	19.50782	135.25655	-62.990093	108.40185	19.511234	134.7265	-52.62206	-2.3652096	2.290406	29.535099	-13.649271	-109.153625	3.2943413	5874.969878911972
65	649.7289	14.524169	667.86365	635.10284	281.66306	50.42262	317.75388	143.67917	323.42776	99.820175	580.09406	234.23886	393.1397	106.4984	599.15906	257.79138	1000.0	447.9	530.7	620.4	259999	108.63923	19.198961	131.62827	-34.80379	108.63979	19.196623	129.03745	-53.519222	-2.3872204	2.2694707	40.503304	-12.966969	-109.37426	3.1408095	5961.25617313385
66	661.98285	25.581093	680.4575	617.8559	261.7053	30.192673	323.7169	227.01292	265.02548	93.92937	527.6251	183.68263	295.35687	53.752007	381.04913	235.32771	1000.0	447.3	452.0	470.0	263999	108.67441	19.465902	124.26127	-101.58829	108.67489	19.462765	124.91599	-75.19262	-2.390942	2.2503307	35.95471	-12.780683	-109.41399	3.091228	6045.130052804947
67	659.0381	6.079173	664.0304	648.7365	292.92032	44.89183	395.42358	252.43556	273.81702	109.592705	549.311	195.61394	254.25676	38.526455	325.51703	195.507	1000.0	439.3	447.4	392.0	267999	108.83058	19.31222	124.66484	-75.153145	108.83145	19.308615	124.2793	-81.01256	-2.4188938	2.2498765	40.677376	-14.072681	-109.56762	3.491316	6128.484070062637
68	661.1489	5.8901367	669.38354	652.8816	233.13997	54.72003	336.97293	167.22252	260.45273	110.44582	506.62454	167.88843	249.05649	67.947655	410.63644	171.24533	1000.0	368.6	432.3	395.1	271999	109.06318	19.168129	125.06127	-82.870285	109.06375	19.169153	124.85713	-130.60239	-2.4103696	2.2637079	39.41536	-12.903635	-109.818535	2.789254	6210.910454273224
69	667.58105	13.071678	684.9739	648.12415	326.3214	48.40582	403.17587	250.99779	362.23575	155.67644	704.89166	215.64653	412.57642	158.43018	722.5212	286.87195	1000.0	480.9	532.2	586.0	275999	109.49916	18.681665	126.25765	-131.51408	109.49917	18.678394	125.95457	-116.717705	-2.4102108	2.2675922	44.17086	-13.058084	-110.23789	3.2653468	6300.440174818039
70	682.03876	5.8352556	690.15076	675.969	287.3586	32.80601	363.21875	233.02107	351.7099	152.37996	666.0183	232.4139	304.2124	34.566395	387.09055	260.4491	1000.0	419.0	523.5	430.9	279999	109.71782	18.487665	124.40764	-39.765568	109.71803	18.490702	125.37405	-74.931435	-2.434205	2.27882	40.581596	-12.801939	-110.455154	3.4176762	6388.077533245087
71	662.5374	19.541342	679.59875	631.7027	268.8703	36.37525	337.07892	198.49979	304.3383	104.91366	551.8652	171.35942	287.59335	65.19117	385.34485	181.56528	1000.0	408.6	477.8	437.8	283999	110.06564	18.25071	132.2715	-56.70856	110.06557	18.250906	136.25702	-57.730938	-2.4390907	2.2987058	50.82205	-13.588183	-110.80486	3.4372792	6473.329282999039
72	660.7562	6.0183554	667.7103	651.84296	341.75806	85.6468	455.53564	155.29341	335.66132	100.63467	603.5035	236.53758	322.2328	57.04277	451.4116	262.50674	1000.0	513.9	519.9	477.9	287999	110.1407	18.266283	126.76617	-70.112785	110.14082	18.265104	128.1103	-74.690544	-2.4524517	2.2682273	39.837955	-12.697119	-110.856476	3.351934	6559.851019859314
73	669.2923	21.639887	705.64166	649.0302	506.1801	119.32521	698.98535	395.25958	507.15308	145.6365	698.9776	295.9567	573.9943	126.16719	695.95764	345.11697	1000.0	747.9	754.3	847.2	291999	110.24061	18.20778	128.64867	-43.42128	110.2401	18.209293	135.65227	-101.99158	-2.4566314	2.286818	38.11662	-14.060936	-110.96407	3.404725	6656.620520353317
74	676.7438	3.4228268	681.7143	672.70605	538.3073	60.831192	699.83704	478.0626	569.316	96.0364	700.0246	416.61487	573.35156	115.264	698.97516	418.4426	1000.0	932.5	926.0	871.5	295999	110.58173	17.6209	125.78826	-36.517784	110.58178	17.626434	136.10255	-54.19071	-2.4829967	2.2968805	34.64831	-13.27466	-111.315094	3.507828	6760.014676332474
75	671.94556	12.026725	684.3888	657.5712	645.0736	64.417274	691.4648	498.58282	611.584	98.2199	700.34955	441.58655	556.92566	66.55824	668.0856	476.95807	1000.0	957.0	907.3	838.9	299999	110.66611	17.514286	126.09711	-109.38679	110.66662	17.511421	126.79854	-95.91898	-2.4685884	2.2893152	30.4024	-12.289255	-111.38282	3.8910937	6861.497512340546
76	680.4524	2.225563	684.0466	678.3938	402.3424	120.796555	630.6356	287.5204	424.89658	153.6986	685.2875	289.70233	390.07983	61.870045	488.987	281.41904	1000.0	602.3	630.8	575.0	303999	110.82151	17.681944	126.88502	-70.69013	110.82165	17.67871	127.5926	-57.853115	-2.5168352	2.2724953	32.59527	-12.17526	-111.54744	2.9393613	6951.716651201248
77	650.3857	4.1979556	654.7736	644.6856	638.4984	32.283226	688.4308	577.29974	699.6742	54.43169	791.5571	624.4998	667.0709	26.53064	717.31396	626.6872	1000.0	961.4	1000.0	1000.0	307999	111.15047	17.266426	141.90948	-56.720264	111.1512	17.267342	141.60838	-140.05939	-2.521604	2.3092268	39.787827	-13.915393	-111.87983	3.3949077	7057.209675312042
78	682.19763	24.64173	706.1891	645.3843	596.44714	186.16481	748.2006	253.50719	553.2926	184.76053	700.4112	200.02167	581.395	224.94044	754.0827	212.24382	1000.0	840.1	834.5	809.9	311999	111.5107	16.1969	149.11441	-42.893215	111.51069	16.198908	150.21996	-56.533134	-2.456889	2.5466182	45.75507	-12.425993	-112.246124	4.6468954	7155.298647403717
79	667.2018	8.701003	681.5448	658.11615	622.5514	93.66554	688.27606	355.67062	601.53406	132.5781	687.43445	327.73392	631.66907	85.88855	686.36316	388.6163	1000.0	933.5	897.8	942.0	315999	111.57202	16.128868	180.74577	-154.73338	111.57277	16.12493	185.78453	-141.85443	-2.4869745	2.3855088	41.345695	-13.70854	-112.27752	4.5381007	7262.823197126389
80	636.52	84.30644	690.4662	490.66144	473.84366	222.69958	698.5783	157.57266	396.6732	230.81183	738.43115	160.78769	607.06213	68.428085	709.7675	486.10144	1000.0	716.3	590.6	965.0	319999	111.63422	16.395163	168.17708	-56.485462	111.63457	16.39446	168.18872	-43.110867	-2.4822023	2.3036644	30.594622	-14.229168	-112.344635	4.247687	7360.292423963547
81	662.6481	11.134782	673.78	647.10394	141.59744	223.18047	680.87036	8.112588	114.13342	204.29434	695.7115	6.7028513	162.87823	268.9577	714.90295	17.249146	1000.0	226.7	172.3	253.8	323999	111.81381	16.435465	160.25958	-139.34727	111.81426	16.43459	157.6163	-79.44205	-2.4633484	2.3838596	36.02562	-13.190078	-112.56771	4.0564485	7434.886695146561
82	673.1803	5.212063	679.7694	665.234	574.4144	145.98557	682.73944	281.32312	493.64917	178.37637	685.64764	182.98848	371.36996	169.20935	696.4122	182.40677	1000.0	892.3	773.1	578.0	327999	111.77453	17.153992	166.27106	-52.344437	111.77546	17.149805	167.8831	-35.850193	-2.5285585	2.2374523	31.007889	-12.888782	-112.49967	3.4120042	7530.751757621765
83	664.2097	9.399536	676.93225	653.8527	590.711	48.037346	642.86975	482.0273	566.95593	44.91165	608.5682	478.40833	516.47815	109.325356	630.04236	292.1736	1000.0	964.9	923.7	850.8	331999	111.83861	17.33579	164.56134	-73.656494	111.83874	17.338121	162.06438	-77.86338	-2.5244837	2.2404985	37.519154	-13.350418	-112.55243	3.6073916	7633.553460359573
84	664.4374	12.278573	677.0256	649.18024	229.46774	42.680187	347.55807	187.67615	357.21234	211.1105	682.5727	144.12149	307.32877	72.069756	426.37418	222.09421	1000.0	333.0	523.6	448.7	335999	111.98796	16.905605	159.80429	-48.03463	111.98814	16.905504	156.53079	-40.02096	-2.5185862	2.2239828	36.843224	-12.933536	-112.699745	3.356477	7718.132609605789
85	671.28064	5.3991213	676.0233	662.1351	620.58923	38.0675	657.47266	563.20087	591.5218	92.3732	688.00244	414.17056	590.5602	98.49654	664.61676	317.0881	1000.0	1000.0	953.2	939.5	339999	112.08433	16.720732	153.84651	-64.12	112.08449	16.72448	151.68744	-96.99489	-2.5455325	2.2339518	31.862698	-12.729626	-112.7949	3.5652387	7823.390164852142
86	660.8771	15.333659	682.0257	639.8703	417.36093	204.6644	686.3182	203.38655	490.60767	167.87764	681.90063	202.6347	409.4494	151.17476	580.25903	232.2427	1000.0	621.1	730.4	597.7	343999	112.04011	17.166162	150.80908	-60.562256	112.04016	17.163298	148.97452	-71.793785	-2.548225	2.1873646	32.959248	-12.53993	-112.74627	3.2208917	7916.506819963455
87	666.63684	17.660685	683.62024	640.44476	439.9186	127.68076	646.176	242.87762	560.33307	66.56696	658.79443	447.03296	427.754	116.47904	700.77765	256.6905	1000.0	695.1	930.1	663.0	347999	112.35692	16.802889	146.80054	-68.4283	112.35698	16.804398	145.96458	-57.878635	-2.5662713	2.2264974	39.254158	-12.859462	-113.08108	3.4535284	8012.44754242897
88	676.516	12.827426	690.24414	656.65094	245.16443	14.818966	279.52814	225.70016	357.00595	134.37332	545.1654	176.18163	307.7538	136.13147	696.4434	219.81253	1000.0	373.5	658.2	462.5	351999	112.46669	16.669735	140.73581	-43.183537	112.46782	16.668415	140.98734	-49.761982	-2.568084	2.2159448	30.994345	-14.424071	-113.17765	3.4143941	8097.890518426895
89	646.9072	23.298693	679.5603	614.7787	357.63666	141.10353	759.2728	275.3375	585.81134	151.35228	735.56476	346.28992	519.15173	188.08846	759.71106	312.9558	1000.0	490.2	850.1	705.8	355999	112.66424	16.755045	130.4587	-82.76893	112.66518	16.750694	131.73953	-91.292366	-2.6186135	2.1410484	32.978405	-13.240331	-113.371704	2.8907652	8192.493760108948
90	678.4952	3.2171223	681.29285	673.2557	342.7386	25.857885	397.18192	315.3019	397.00076	113.019905	564.71936	247.4317	368.6168	63.502327	525.0314	277.28857	1000.0	545.8	638.4	565.3	359999	112.96452	16.573414	131.0642	-39.245216	112.96485	16.578152	132.28508	-69.54657	-2.6287575	2.1277819	29.78904	-16.01796	-113.685196	2.9006765	8282.036448955536
91	670.6457	27.329802	690.48694	623.5392	526.70245	171.9783	742.1791	295.58392	656.65656	135.04352	795.4133	296.14655	601.0215	106.89747	728.6286	335.9187	1000.0	730.1	910.4	884.7	363999	113.30498	16.243586	137.41158	-59.4849	113.30525	16.245571	135.96124	-76.81719	-2.6069398	2.1633432	30.61407	-12.927809	-114.02573	3.2329922	8381.200116872787
92	683.7063	7.287303	695.1387	675.3367	307.5882	96.02889	469.92178	207.15338	434.0473	189.97762	657.8193	204.20457	307.00397	110.25337	474.7293	197.9066	1000.0	426.8	637.4	439.1	367999	113.68729	15.486964	138.04341	-66.92188	113.68788	15.484039	148.20634	-19.546684	-2.6045825	2.159845	27.56835	-12.82685	-114.41225	3.2740018	8466.869990587234
93	48.53189	174.01341	691.9094	-5.7321377	385.2068	327.6586	707.07855	5.6165986	209.83347	305.91586	696.39935	8.016132	418.5877	334.09732	699.4138	8.744834	92.809525	558.7	314.1	612.0	371999	113.92476	15.519554	174.42091	-69.52724	113.92484	15.522333	192.98987	-42.279545	-2.5745199	2.2787774	38.475216	-14.22333	-114.65887	4.9993443	8554.099087715149
94	436.84363	302.7563	660.38855	6.634918	324.63666	75.219055	463.25372	233.1176	379.69937	139.42755	592.58466	223.70473	374.58563	182.17296	738.9396	234.37117	675.1667	442.8	543.5	512.0	375999	113.16585	17.997097	134.75856	-49.512028	113.1663	18.00108	135.31181	-139.46315	-2.6815374	2.0120654	27.380201	-15.428999	-113.858246	3.0321033	8640.479781150818
95	674.20435	14.765902	690.15924	650.0815	512.8958	149.70332	784.2933	342.45572	542.9865	169.60306	785.7402	294.41113	574.5379	190.1981	786.62976	287.16183	1000.0	675.4	762.7	754.9	379999	113.146	18.098246	127.31908	-58.994392	113.14642	18.097893	128.85002	-82.98802	-2.6970537	2.0375774	25.950989	-13.050064	-113.865845	2.5168092	8735.865483760834
96	674.2557	6.6823897	684.3259	665.5197	567.54767	170.01553	702.1129	247.55186	616.42737	110.54981	693.49133	321.99146	435.6295	149.26935	659.0353	255.7817	1000.0	831.0	937.9	681.4	383999	113.39779	18.062098	135.22906	-104.478294	113.39753	18.058916	135.21004	-67.86746	-2.701187	2.053471	31.665491	-14.857037	-114.11313	2.6999106	8838.176614999771
97	668.9109	6.079617	679.41473	664.9303	611.4899	141.26369	797.2927	336.28647	652.516	125.56295	796.5609	402.5143	643.0577	150.11092	793.4164	402.38602	1000.0	830.9	893.0	858.9	387999	113.78292	17.596872	138.56181	-56.1844	113.78318	17.597244	136.42078	-70.936386	-2.7229652	2.0647972	34.60354	-14.977581	-114.50742	2.2530255	8938.908724069595
98	674.9131	13.924704	693.53894	654.3894	525.13763	187.98422	703.3788	237.91241	495.8025	155.31361	722.6039	235.88445	521.64514	159.30797	703.72473	249.71976	1000.0	755.9	710.8	747.8	391999	113.99094	17.44142	134.3753	-83.128624	113.99132	17.44284	135.86414	-75.64498	-2.6996298	2.0502968	25.053465	-12.307263	-114.717064	2.417326	9034.160597801208
99	660.2761	6.3786907	671.1101	654.76404	379.05032	111.45798	559.80927	271.02167	332.61792	106.07531	569.65356	216.62451	372.47525	102.89846	539.20667	251.09912	1000.0	567.1	513.6	554.1	395999	114.20697	17.511349	131.39879	-63.21986	114.20688	17.508978	131.07939	-25.200964	-2.7516978	2.0216866	26.880182	-12.378643	-114.931725	2.5499687	9124.95574593544
100	672.8316	6.7436266	678.2685	661.60315	513.94763	228.63026	793.3887	160.09566	347.9898	136.72063	562.43713	186.29156	465.76935	195.21785	708.84174	179.2014	1000.0	707.8	499.3	679.0	399999	114.49941	17.280493	137.63432	-44.77502	114.49952	17.282516	137.8545	-65.756424	-2.7748604	1.9868569	35.960938	-12.638332	-115.21828	2.2996552	9216.920068502426
101	668.78467	11.528145	679.95557	649.7985	638.0052	188.21109	796.2563	257.8602	530.6856	191.94777	789.8336	279.5311	558.79364	201.67325	792.4639	242.2317	1000.0	867.3	725.3	747.5	403999	114.54251	17.290678	130.24033	-65.24502	114.5425	17.2904	132.4955	-59.597504	-2.7613137	2.0225856	42.05719	-13.244617	-115.24414	2.5424566	9314.594344854355
102	667.83826	17.223387	686.6389	644.83704	551.6302	174.09315	750.05054	293.96692	594.5349	163.24538	791.1692	339.8791	647.3981	107.80459	755.2553	386.96106	1000.0	769.1	865.8	958.5	407999	114.62609	17.35181	130.9959	-96.73368	114.62662	17.349392	131.9564	-18.94166	-2.7734087	2.005246	25.545273	-12.081629	-115.34084	2.1384618	9416.250077009201
103	668.33575	14.832704	682.33136	643.8083	663.0804	170.87457	793.7688	299.62225	553.9191	163.627	794.03656	347.50854	488.58218	159.30482	792.5814	329.1222	1000.0	847.3	770.1	646.4	411999	114.7836	17.08764	133.55559	-41.71678	114.78375	17.090569	136.68236	-50.795563	-2.7394693	2.0315466	31.500626	-13.05558	-115.4872	2.4675357	9518.100466966629
104	666.81067	8.92177	676.5332	652.7507	510.45816	177.26462	785.9978	327.29565	471.12802	173.34447	785.7632	322.44138	385.45993	50.304688	501.2365	326.55676	1000.0	747.8	739.7	638.4	415999	115.0608	16.516895	131.42387	-70.454155	115.06061	16.523155	131.21939	-176.37662	-2.738463	2.0739183	39.388218	-13.289123	-115.788925	2.5704389	9616.216110229492
105	655.7838	5.474253	663.87915	648.5331	617.566	129.65413	704.7174	303.5745	665.5778	69.894455	712.8544	500.82095	695.03265	12.297265	704.15234	666.5072	1000.0	893.2	982.2	1000.0	419999	115.24177	16.437855	134.67407	-72.612915	115.24212	16.43601	135.23248	-70.74153	-2.7596588	2.016386	32.09475	-13.13587	-115.95009	2.3650627	9725.347705602646
106	672.0747	12.073721	686.2493	655.00824	565.6902	101.45877	744.3903	362.44666	508.8371	75.844345	555.6855	289.37296	570.8255	109.659134	731.54004	420.36703	1000.0	951.9	928.9	930.5	423999	115.34793	16.714725	140.89877	-68.23493	115.34766	16.715113	140.0023	-30.468023	-2.7847261	2.026032	24.925175	-13.473003	-116.07251	2.1818051	9829.982877492905
107	659.98	11.158943	674.50073	643.29974	549.46216	154.70766	745.0252	362.9368	672.1999	59.077682	793.64404	605.22455	682.46716	42.923695	735.5434	594.8328	1000.0	777.3	1000.0	977.7	427999	115.47371	16.591526	143.44322	-58.1429	115.47401	16.589872	140.96375	-36.10926	-2.7703285	1.9942563	29.679668	-13.111366	-116.197136	2.250035	9932.680565834045
108	664.3555	9.009412	678.9042	654.1935	771.83105	19.182121	797.5078	718.49646	762.77576	43.579887	829.30786	668.75104	773.65704	17.843256	792.47675	728.25287	1000.0	1000.0	994.9	1000.0	431999	115.61163	16.318325	133.49411	-61.4285	115.61198	16.318724	132.047	-81.797966	-2.7595685	2.0059695	34.865784	-11.884203	-116.31556	2.2434254	10041.652666091919
109	677.782	13.727042	696.7102	661.16406	724.5709	52.8924	764.4814	631.0343	651.8058	168.20085	767.36316	292.59106	731.1969	43.497032	765.34235	630.1389	1000.0	1000.0	905.8	1000.0	435999	115.74724	16.26298	131.42993	-39.78583	115.74721	16.262133	131.4468	-48.268257	-2.7766325	2.012851	29.903757	-13.69172	-116.453514	2.2005265	10147.26847076416
110	665.6713	6.2967353	676.1948	660.0342	546.4198	176.31445	759.2787	318.67294	619.4004	129.90411	797.4387	379.6634	523.91473	131.37672	719.56024	362.2985	1000.0	824.0	930.4	849.2	439999	115.9108	16.010254	130.80727	-77.905136	115.9112	16.006504	131.98848	-28.002768	-2.756363	2.0613072	26.23733	-12.733952	-116.62487	2.2598765	10248.436802148819
111	669.74243	17.681635	692.6	652.49963	740.0535	24.199545	763.60516	696.673	751.4579	9.67577	760.7769	730.5965	737.0739	23.002535	762.61145	697.6727	1000.0	1000.0	1000.0	1000.0	443999	116.13938	15.6721735	130.85051	-61.195488	116.14026	15.66896	131.61989	-44.868923	-2.7557862	2.0850816	28.75878	-13.723879	-116.863686	2.2772372	10355.961307287216
112	671.5946	9.843401	684.87463	658.2058	699.14294	75.78265	770.81635	485.43427	643.89	125.52481	769.1604	414.18533	680.5382	74.75581	759.213	491.71405	1000.0	967.1	875.0	956.1	447999	116.2222	15.613296	131.30936	-66.13346	116.22289	15.611759	131.9744	-112.98859	-2.7700117	2.052575	22.945578	-12.675943	-116.927605	2.6946392	10459.235533475876
113	679.5564	6.993821	690.8324	672.0181	530.75055	122.97554	694.7077	350.2245	477.5184	136.65926	793.93353	266.04886	539.00085	119.93559	789.3388	365.0595	1000.0	846.5	791.1	832.7	451999	116.20921	16.008074	130.75278	-41.89002	116.20943	16.012617	131.82129	-74.45404	-2.7972944	1.9874091	28.826393	-13.291575	-116.90878	2.3348906	10559.009212493896
114	690.4523	4.757577	693.3153	682.21344	675.6229	128.52432	748.242	302.26794	703.87274	36.121994	743.7808	634.9955	737.3422	14.627263	753.92413	700.0436	1000.0	948.8	1000.0	1000.0	455999	116.22721	16.270796	130.82439	-52.583977	116.22702	16.269787	132.20932	-101.84244	-2.8168738	1.975405	25.815018	-12.127504	-116.940346	2.2144763	10666.077192783356
115	675.23883	4.584654	680.6399	667.9504	757.97125	23.578026	797.3757	723.68274	748.50964	81.72232	891.0894	600.66064	743.32654	14.28769	779.6827	730.019	1000.0	1000.0	1000.0	1000.0	459999	116.41384	15.929247	131.2671	-83.92136	116.41425	15.920869	132.02966	-42.918312	-2.8138015	2.0452995	24.587261	-12.303595	-117.12311	2.2880332	10773.120239973068
116	677.3117	3.7540712	681.11505	671.1622	689.463	107.52581	784.6755	463.70312	691.70435	115.738785	784.29987	419.5274	739.93134	114.040955	785.70135	398.5536	1000.0	964.4	930.9	956.7	463999	116.57431	15.515723	131.89626	-42.611206	116.57435	15.51115	131.54608	-21.30267	-2.78111	2.086632	28.900719	-13.005514	-117.27974	1.9052584	10877.24563407898
117	666.88934	18.729094	692.47546	646.2062	541.1393	139.23149	683.7813	264.86478	518.83136	104.938065	609.9691	260.86026	603.6517	28.640303	669.7368	578.20465	1000.0	891.1	909.8	1000.0	467999	116.66213	15.924261	131.48506	-115.22194	116.66211	15.913159	131.52585	-62.58661	-2.8333037	1.986318	29.396233	-12.191633	-117.362206	2.1653254	10982.660445690155
118	673.4224	10.766016	685.7615	656.4111	746.02924	41.200203	768.9998	637.05096	740.677	32.838425	779.5472	699.4113	762.78455	16.662401	774.4739	713.3508	1000.0	1000.0	1000.0	1000.0	471999	116.80609	15.521311	137.11888	-78.535576	116.8064	15.522392	133.6762	-72.88791	-2.8002672	2.0320652	29.053661	-12.021744	-117.51245	2.3838594	11092.497351646423
119	681.5433	13.962486	696.79016	659.8711	689.91565	78.790184	798.2513	607.1321	653.1923	50.910217	799.71893	615.17737	694.6055	65.8181	796.02716	639.4119	1000.0	1000.0	1000.0	1000.0	475999	117.02738	15.258584	136.78508	-39.04084	117.02769	15.25856	139.01631	-33.537624	-2.7653835	2.101538	28.043968	-12.682072	-117.73745	2.5281103	11199.20081448555
120	686.09424	8.410889	694.0223	672.0267	624.06665	73.15488	760.5692	541.50507	622.84143	95.74381	719.188	390.3883	624.233	108.89131	783.0935	498.17242	1000.0	851.7	866.9	823.8	479999	116.88667	15.715808	133.83492	-23.337086	116.88724	15.712575	134.06517	-42.947666	-2.811997	1.9977447	34.000065	-13.608646	-117.5908	2.374865	11306.65846991539
121	667.7866	12.889841	683.4306	648.5619	749.3528	36.166637	794.608	702.1971	731.4134	66.36345	794.6742	549.53284	757.67694	25.143307	788.2222	703.05505	1000.0	1000.0	987.6	1000.0	483999	117.07987	15.655515	141.12465	-39.169422	117.08008	15.650935	138.95058	-42.176353	-2.837495	1.9553444	32.179745	-14.010881	-117.78548	2.0711231	11416.321770191193
122	678.0144	3.539362	683.879	674.3952	756.89453	25.860601	771.7645	704.2404	752.007	29.206074	774.86127	706.2987	751.296	21.963308	772.98865	714.16626	1000.0	1000.0	1000.0	1000.0	487999	117.19604	15.585546	138.65593	-45.844894	117.19719	15.5819645	137.45737	-37.927048	-2.8368273	1.9323841	31.324745	-16.43524	-117.91301	2.4007852	11523.631410121918
123	695.56244	10.844553	708.2341	678.52124	640.9037	61.28289	719.68835	525.5614	650.6732	72.95316	707.72314	472.16266	642.4053	59.682343	711.4352	538.88794	1000.0	935.4	948.7	941.5	491999	117.32898	15.588428	131.55287	-64.91705	117.32925	15.589382	132.9635	-94.571014	-2.812818	1.9934688	29.993557	-13.806196	-118.04309	2.0095003	11628.32145857811
124	686.89484	8.043632	697.9371	677.79395	681.73773	49.35523	757.356	585.25684	665.7481	44.3602	752.98444	588.91705	678.9924	50.58016	738.414	581.4753	1000.0	971.7	986.1	981.6	495999	117.72025	14.286975	136.87181	-71.45102	117.72043	14.288639	134.60587	-62.37978	-2.7436075	2.2137854	39.053757	-12.19235	-118.44817	3.105	11737.454627990723
125	676.85364	7.1116185	687.08624	667.74835	703.1456	10.524211	717.7358	676.5761	698.8051	21.985489	716.8031	635.3463	672.7435	72.23634	723.96936	492.28583	1000.0	1000.0	1000.0	974.0	499999	117.60498	14.619073	131.58427	-81.0622	117.60572	14.61895	131.59538	-70.797554	-2.8158922	2.0253084	31.052328	-12.795918	-118.28114	2.7110999	11845.640703201294
126	684.95667	17.399864	712.0454	666.76434	637.15784	46.4782	660.5283	498.3684	657.8172	36.93632	723.79974	577.16626	699.6146	77.37264	780.0763	502.83008	1000.0	971.1	1000.0	977.2	503999	117.57319	14.768245	131.29094	-66.64084	117.57313	14.771797	132.76097	-103.08941	-2.84352	1.9742075	26.067465	-13.875853	-118.28024	2.1189473	11955.903831720352
127	685.84564	2.7451832	689.4274	682.63495	494.9292	236.01195	796.8966	258.0845	505.91187	219.8182	796.3926	242.00209	550.07745	208.51503	792.14777	243.31694	1000.0	643.7	689.6	749.2	507999	117.83053	14.217374	138.14584	-132.14319	117.83056	14.217241	140.16788	-48.14055	-2.7964368	2.1449738	32.580307	-12.556644	-118.548965	2.965435	12051.231076717377
128	705.83203	14.762847	729.1016	692.6954	626.0792	41.103115	704.5878	578.99896	632.1566	46.9511	703.0383	574.432	642.3683	38.900566	701.81635	578.3792	1000.0	1000.0	1000.0	982.4	511999	117.73183	14.403671	131.1673	-63.856365	117.73172	14.40995	132.1753	-51.468	-2.848693	1.9811342	30.485989	-13.394321	-118.41775	2.7095115	12157.403482437134
129	706.8853	17.590603	720.2885	676.7136	583.1189	78.6761	736.2174	508.6285	484.18994	72.59431	577.76794	352.36584	536.8658	59.439285	623.27985	447.74408	1000.0	946.1	823.1	920.0	515999	117.62397	15.005655	130.11267	-56.670376	117.62355	15.007299	131.38211	-46.48064	-2.8809676	1.949929	27.411804	-13.017474	-118.317924	2.359366	12258.930300235748
130	696.55084	12.0831585	710.1269	680.09454	667.8444	41.967014	766.2612	595.4448	628.8148	48.789467	702.90704	522.7676	637.2845	72.81967	783.9643	537.4421	1000.0	977.8	979.1	929.6	519999	117.68918	14.89102	131.04443	-66.80762	117.68929	14.893274	132.25693	-117.48657	-2.8764389	1.9296329	44.9523	-12.732019	-118.388824	2.1053085	12364.324326753616
131	688.8858	13.371404	701.81744	669.72736	691.4083	143.9071	770.7594	265.02844	680.1558	161.74828	759.3587	200.16382	744.0077	17.026197	758.71606	698.40125	1000.0	938.2	931.1	1000.0	523999	117.7133	14.896642	130.81335	-56.444057	117.71278	14.898871	132.20937	-65.78462	-2.8894966	1.9149851	30.885235	-11.697283	-118.40814	2.2895381	12475.147827148438
132	695.347	9.788836	706.0197	680.87836	632.3608	102.58498	738.3319	431.46255	621.1943	75.60736	680.50903	462.4954	678.9193	32.53136	739.4732	647.48956	1000.0	926.9	919.9	994.4	527999	117.70389	15.169623	130.66745	-57.09459	117.70298	15.173428	131.63531	-30.149302	-2.911014	1.8750792	36.15901	-14.256284	-118.3935	1.800009	12579.533546924591
133	709.91876	8.14751	719.0705	697.3838	695.5129	2.37197	699.19574	691.90344	688.3425	12.041853	701.5039	667.4473	711.6129	20.448997	752.53906	692.6674	1000.0	1000.0	1000.0	1000.0	531999	117.7701	15.229405	131.33217	-31.784224	117.76989	15.233222	132.4146	-60.879154	-2.8896677	1.8837135	26.787148	-12.569663	-118.46478	1.9496146	12685.295462608337
134	692.8554	14.885153	709.618	669.32837	727.6799	19.438972	749.0724	700.44183	711.5735	33.866974	743.5855	624.42694	695.64044	70.888306	762.6427	582.25287	1000.0	1000.0	1000.0	1000.0	535999	117.86458	15.284191	131.27713	-55.37349	117.86365	15.299522	131.70755	-102.91332	-2.9188602	1.8720744	36.135853	-11.771354	-118.538155	2.2793317	12793.300613880157
135	682.6138	8.148079	691.7401	671.8779	597.5011	90.66521	636.531	328.485	648.4002	44.53656	737.6237	607.8006	617.6505	46.07479	661.1968	490.38718	1000.0	930.7	1000.0	954.1	539999	117.95658	15.492009	131.80455	-56.40404	117.95524	15.513568	134.83502	-268.22305	-2.8921409	1.900312	39.855343	-12.2455635	-118.65608	2.1823833	12897.870538949966
136	693.6229	4.968496	700.8397	686.9572	634.4298	24.290504	701.90204	613.0546	590.1808	110.66938	648.35065	263.823	619.3939	37.447823	700.4257	539.67664	1000.0	998.8	926.0	989.5	543999	118.14647	15.165566	133.30106	-94.47185	118.14565	15.172633	133.45741	-74.61527	-2.8684886	1.9266388	33.120388	-13.769399	-118.84451	2.113183	13003.98266196251
137	698.0735	7.349366	709.6398	689.7357	607.84955	75.654144	785.87146	546.4107	604.84357	100.33168	785.0952	424.93613	617.73315	59.3971	700.8463	529.89557	1000.0	922.0	871.9	948.1	547999	118.32558	14.998546	132.75018	-85.00956	118.32582	14.993054	133.70442	-73.39109	-2.906661	1.8842633	26.00957	-12.037983	-119.02727	1.9655045	13108.645388364792
138	699.16956	10.580748	713.07794	686.20795	673.5406	39.208256	729.3475	623.4193	666.45905	26.9152	718.4846	628.8886	690.3571	23.878323	726.9343	642.4649	1000.0	990.4	997.6	1000.0	551999	118.48916	14.749304	131.86726	-35.27585	118.48913	14.754405	132.67505	-43.615715	-2.896266	1.9891526	39.744625	-12.120052	-119.1987	2.0839846	13219.52333164215
139	686.68884	4.8140826	692.3128	679.0104	609.9888	101.87738	702.06256	340.70474	617.10315	138.52727	722.32574	216.43748	690.1136	15.22392	710.5377	668.2351	1000.0	903.4	916.0	1000.0	555999	118.81981	13.359257	162.58076	-36.91933	118.81947	13.370584	164.59879	-106.54768	-2.8546004	2.1034682	41.76018	-13.806353	-119.51489	3.3198586	13324.947034597397
140	705.36414	9.854678	721.70276	697.18256	192.9053	72.715096	407.72107	148.03694	291.94196	160.02576	572.44006	161.09811	302.7109	164.41302	565.4892	142.68452	1000.0	273.9	411.5	430.6	559999	118.83687	13.581869	162.5507	-54.803627	118.83829	13.576298	163.30759	-65.258575	-2.8613343	2.042054	37.77507	-12.87699	-119.542656	2.9453292	13406.320302724838
141	694.9268	11.294263	706.92255	677.7699	612.9141	95.976425	737.62683	495.26816	597.416	75.80447	718.3047	499.72922	631.24255	63.06728	754.17126	579.2597	1000.0	958.7	978.0	1000.0	563999	118.78798	14.285319	154.94048	-29.82738	118.78854	14.289945	152.50998	-61.59027	-2.92595	1.9354995	32.62573	-13.177828	-119.46781	2.4683661	13511.483594179153
142	699.76514	13.281043	714.90845	678.7088	659.90173	66.62309	752.23883	569.31195	654.68567	52.924	743.1854	586.64185	628.7173	74.650406	753.8371	571.3584	1000.0	1000.0	1000.0	1000.0	567999	118.73254	14.227538	134.3058	-17.32885	118.73214	14.230064	133.81854	-22.509731	-2.944119	1.8794695	28.654518	-12.308897	-119.421585	1.87849	13617.991148471832
143	702.31934	14.304281	722.4242	684.6708	697.5431	104.84938	761.4741	449.9386	664.3118	144.88377	775.31586	341.16882	690.89355	115.25474	759.8714	405.30658	1000.0	965.7	952.6	965.6	571999	118.69609	14.578761	133.61313	-32.454594	118.69511	14.588083	133.61026	-23.442463	-2.9130735	1.8627596	27.225277	-11.923775	-119.38643	1.7115622	13723.182374715805
144	694.02405	8.019158	700.9099	680.5647	654.7317	117.844795	762.74994	445.04047	691.1671	56.048748	796.60425	566.81854	692.70245	87.51447	744.7702	437.43005	1000.0	938.6	1000.0	973.5	575999	118.88715	14.391973	131.51187	-59.16284	118.88623	14.394763	132.7562	-66.44473	-2.9465368	1.8285217	25.781185	-14.88681	-119.57656	2.1970975	13826.794209718704
145	710.9955	20.203526	744.7337	692.51245	563.827	182.5914	747.7364	238.17543	560.36194	153.1534	735.84985	209.03056	689.1764	141.52711	778.6034	281.30838	1000.0	830.5	858.5	941.4	579999	118.97607	14.379923	133.6771	-35.9207	118.97452	14.38848	136.75772	-56.451614	-2.9365218	1.8534919	39.181396	-12.058617	-119.66711	1.9690764	13928.82801771164
146	705.73517	12.606241	727.10815	695.51276	699.8337	44.8914	742.66986	619.7485	654.77814	146.91728	748.0344	236.20364	697.78107	30.406126	748.33527	657.22284	1000.0	998.3	930.7	974.0	583999	119.01604	14.464134	149.87921	-32.931244	119.01518	14.473168	154.84244	-38.38122	-2.945235	1.8599286	28.447329	-11.57546	-119.70678	2.2974653	14032.841620445251
147	706.54596	7.0984297	715.4602	695.8933	765.6644	33.014725	791.2327	704.57855	766.4068	26.130646	796.75085	704.2073	756.83966	21.922367	772.34625	712.517	1000.0	1000.0	1000.0	1000.0	587999	119.09947	14.377345	148.7797	-60.017883	119.09875	14.383749	146.80684	-97.93109	-2.9471622	1.8483721	39.49022	-14.463037	-119.79211	2.068274	14141.16851568222
148	703.0146	14.258601	726.84717	689.2295	754.4449	41.312386	791.1961	703.3141	754.8445	35.40072	796.8926	703.5989	743.4574	33.2341	785.8423	701.7565	1000.0	1000.0	1000.0	1000.0	591999	119.18178	14.322224	148.94061	-71.15755	119.18087	14.3257475	147.55455	-53.142284	-2.9199145	1.8635671	27.466848	-13.148006	-119.86667	2.2153628	14248.39500117302
149	707.2254	11.657548	723.97064	691.63715	690.9284	134.59401	801.9645	377.94382	614.6806	124.2486	799.77905	471.40445	746.359	55.319195	798.2695	646.92285	1000.0	914.1	819.0	976.2	595999	119.31395	14.260715	149.20155	-54.127686	119.31258	14.264844	152.87897	-63.478477	-2.9297907	1.8707217	32.160656	-17.743145	-120.00638	2.18614	14355.415486812592
150	703.9614	3.2784023	709.1744	700.60364	664.84143	29.394894	704.22815	634.2423	654.34357	33.67066	703.5388	617.07227	675.10223	23.76123	710.0056	647.813	1000.0	1000.0	1000.0	1000.0	599999	119.32024	14.775184	148.2429	-58.98279	119.31903	14.777579	141.92458	-33.747826	-2.911897	1.856114	26.03727	-13.532386	-120.01388	1.9557148	14460.4705016613
151	696.9154	17.125656	713.8086	671.99615	658.59564	23.001919	705.5038	632.1653	698.4708	50.186066	789.3393	647.8694	702.20294	31.822132	740.11365	651.3914	1000.0	1000.0	1000.0	1000.0	603999	119.46852	14.61409	144.4951	-19.31104	119.46796	14.621992	146.73215	-54.824627	-2.951331	1.8400837	54.581684	-12.937468	-120.161385	2.0092056	14567.191397666931
152	700.69366	24.677347	733.77954	669.2926	687.1637	121.8725	788.4127	362.3748	701.6161	62.376793	795.44305	640.23096	657.115	98.69212	776.96027	380.872	1000.0	946.4	1000.0	948.9	607999	119.69473	14.251285	145.49004	-52.952053	119.69426	14.2544985	144.46992	-43.49032	-2.960634	1.8422928	45.487984	-12.575839	-120.38504	1.9824021	14672.183104515076
153	693.2814	2.3587174	695.8441	690.3218	715.56213	43.36809	799.1983	670.5028	705.6284	39.231274	792.3485	654.84845	748.3951	31.266405	789.3253	710.1702	1000.0	1000.0	1000.0	1000.0	611999	119.78001	14.255771	145.81453	-42.486835	119.77898	14.261364	148.83203	-26.594166	-2.943706	1.8554213	23.09452	-12.334781	-120.47433	1.8021026	14778.91973400116
154	703.97516	10.284569	718.909	690.1729	698.8982	43.24498	760.77167	646.7715	716.6161	41.731327	777.88245	640.298	730.8124	31.947311	771.49805	681.4537	1000.0	1000.0	1000.0	1000.0	615999	119.7665	14.606723	144.66805	-46.939774	119.7656	14.609775	142.72871	-67.80177	-2.9781091	1.7890661	23.186352	-12.853134	-120.4532	1.7322358	14887.160237550735
155	696.3788	13.393729	718.5	682.60095	667.0335	26.73118	704.1475	630.17334	673.26636	31.298447	704.7028	631.34906	691.4257	11.722593	703.143	668.1718	1000.0	1000.0	1000.0	1000.0	619999	119.76846	14.65328	133.7065	-25.255388	119.76827	14.6595335	134.38095	-64.05841	-2.9753318	1.8146689	22.334267	-13.678312	-120.46689	1.8897136	14994.716950178146
156	697.2272	15.692991	720.75604	676.6724	712.0409	36.60902	761.96375	637.59625	713.23	29.234333	769.9275	669.9067	673.2462	139.47418	734.5924	257.7495	1000.0	1000.0	1000.0	938.7	623999	119.8455	14.272483	133.47983	-99.60228	119.84481	14.275791	133.22977	-90.93106	-2.9702055	1.8248122	24.054771	-11.571351	-120.53131	1.974652	15099.867161512375
157	694.23975	6.7338605	705.5257	688.0686	611.9116	108.53277	703.8653	390.99374	672.49133	37.734367	744.4013	622.5686	680.4877	27.875923	743.23834	654.16516	1000.0	925.4	1000.0	1000.0	627999	119.95839	14.007172	133.90823	-19.053795	119.95808	14.010059	134.60072	-16.492085	-2.9634998	1.8282934	30.77253	-13.340565	-120.65176	1.9704963	15205.692999839783
158	708.98047	10.181438	721.8627	698.16626	678.09344	61.611397	713.1429	503.69565	649.70636	71.8954	700.36835	441.55124	691.7843	20.859127	719.02313	637.12067	1000.0	979.7	968.7	1000.0	631999	119.9686	14.085727	134.07167	-44.131092	119.96894	14.090947	133.95245	-89.85863	-2.9551325	1.8275517	36.45621	-12.944492	-120.660675	2.0455046	15311.425948619843
159	693.7221	3.0129635	697.3041	690.6106	714.46875	17.823833	744.3471	699.52515	717.0661	20.981783	745.5629	699.54065	742.30164	17.922108	758.64606	700.6537	1000.0	1000.0	1000.0	1000.0	635999	119.95654	14.191813	134.71074	-67.19351	119.95573	14.198275	134.43152	-91.33088	-2.9245214	1.8516095	27.984829	-12.719105	-120.64359	1.8595554	15418.248032569885
160	694.30554	17.618048	722.666	677.13495	701.9225	24.234776	732.56775	667.3217	690.63544	21.981274	731.91876	659.44775	716.7574	18.393274	746.5009	698.1835	1000.0	1000.0	1000.0	1000.0	639999	119.96145	14.243932	134.45854	-32.44773	119.96149	14.249571	134.3573	-70.33887	-2.9755538	1.7922202	24.764668	-12.438291	-120.64822	1.7165569	15524.73350930214
161	696.7757	16.518	724.82477	682.23914	632.29016	139.35417	701.3472	218.67366	668.6577	22.929525	700.2512	639.5678	645.87836	84.369934	700.1892	398.4889	1000.0	931.5	1000.0	962.6	643999	120.03971	14.186254	135.12265	-34.526615	120.03948	14.188614	134.73425	-40.82283	-2.9570131	1.8415987	39.652493	-12.629735	-120.73861	1.7172875	15632.824681043625
162	694.54156	8.772092	703.7096	680.4819	663.7906	81.817345	784.8159	513.1354	675.6634	55.830883	786.16266	603.8975	650.14355	40.23436	702.43665	600.38074	1000.0	959.1	1000.0	1000.0	647999	119.97592	14.524372	134.96675	-37.370136	119.97522	14.532407	135.16609	-20.749418	-2.9526715	1.7982551	28.551676	-14.077782	-120.66182	1.807729	15737.25104546547
163	699.4399	11.20789	708.643	680.91754	729.35486	49.674	792.55615	643.22034	695.60187	54.8011	787.0332	580.7459	726.7611	27.896208	785.4186	705.33154	1000.0	1000.0	964.6	1000.0	651999	120.07247	14.316817	134.09477	-43.161427	120.07291	14.32014	134.35417	-54.105732	-2.9786968	1.7876848	37.864487	-12.419032	-120.76174	1.7568722	15844.981709003448
164	695.1459	2.3417616	698.3237	692.3616	684.4466	73.27134	793.1807	617.7415	706.11206	64.02907	793.8531	608.5268	737.3269	68.981674	797.88654	619.3514	1000.0	1000.0	1000.0	1000.0	655999	120.17162	14.136578	134.45981	-43.747234	120.17171	14.14117	134.69978	-51.698578	-2.9637156	1.8242927	29.294537	-12.739857	-120.85478	1.8855394	15951.639211893082
165	699.67206	19.628984	722.296	678.3591	737.4271	47.047848	793.5037	645.9422	749.2548	45.982716	790.3998	650.88947	765.94446	34.138157	785.2414	666.77795	1000.0	989.2	1000.0	991.1	659999	120.29831	13.834288	134.15492	-38.096813	120.29802	13.83826	135.05545	-26.051592	-2.9656305	1.8306501	42.2528	-14.536422	-120.99639	1.5695935	16058.141564130783
166	705.49243	5.667248	711.0338	697.7907	747.22424	25.203142	795.1396	700.91345	703.9583	133.77411	772.72986	305.06784	755.78015	19.10962	770.7112	700.781	1000.0	1000.0	944.8	1000.0	663999	120.40256	13.737632	134.44319	-40.299072	120.40235	13.740347	135.07239	-50.254654	-2.989458	1.752037	31.305729	-11.826231	-121.086815	1.8520122	16162.812606334686
167	723.31714	15.830944	743.5305	700.0914	694.94617	18.383057	710.674	654.7671	645.3965	148.01129	708.64105	203.80844	634.765	136.79222	701.92664	228.77034	1000.0	1000.0	929.7	933.3	667999	120.42086	13.850034	135.51338	-89.35461	120.42145	13.852136	135.46666	-56.114777	-2.9754744	1.8080449	28.40931	-12.500708	-121.113846	2.020642	16268.45842051506
168	700.442	27.025253	727.89026	664.77325	736.11334	35.664658	795.6865	683.5801	733.5357	34.921406	796.42676	688.52795	688.1504	91.69412	768.4167	427.2968	1000.0	1000.0	1000.0	962.0	671999	120.4258	13.7254095	138.07185	-44.158604	120.42545	13.7289505	142.30717	-14.811409	-3.000152	1.8219577	42.08407	-12.099327	-121.11409	1.7809129	16375.039295911789
169	698.11414	6.716861	703.82184	686.78265	670.9774	21.172668	697.4356	629.45184	693.32434	47.594997	798.4742	641.9148	674.6425	35.80729	711.1654	618.4417	1000.0	1000.0	1000.0	1000.0	675999	120.54988	13.594483	147.63498	-137.04294	120.55003	13.595676	146.8939	-77.81868	-2.9974554	1.8149836	36.951477	-13.113293	-121.2309	1.7282585	16481.00588297844
170	713.01794	12.250229	731.93896	700.97595	760.2718	20.104458	775.1312	701.9102	746.2084	38.497604	799.0192	700.3762	777.64307	26.409548	792.29913	700.8236	1000.0	1000.0	1000.0	1000.0	679999	120.55924	13.677254	145.44139	-68.24988	120.55903	13.67429	145.06604	-31.064795	-2.9922047	1.8174306	32.279133	-11.930392	-121.23652	2.2296352	16588.24215888977
171	693.4062	15.830891	719.697	678.0428	758.0593	40.923798	794.28705	690.9464	735.20056	30.820543	790.6736	700.6866	749.4159	22.31112	783.7807	717.56683	1000.0	1000.0	1000.0	1000.0	683999	120.50477	13.810434	146.18854	-44.451466	120.50464	13.809722	147.67796	-25.359983	-2.9691944	1.8252114	25.180607	-12.468443	-121.18407	2.0265584	16695.096054553986
172	696.4882	14.852319	713.3262	672.938	758.1301	44.031586	797.3114	702.3508	758.75183	37.82553	798.1505	703.2428	739.8913	30.338957	794.1565	700.02673	1000.0	1000.0	1000.0	1000.0	687999	120.51614	13.914918	135.34988	-75.73711	120.51668	13.911867	136.17795	-78.34106	-2.9947941	1.8056455	47.517982	-13.472273	-121.19959	1.7670496	16800.733525276184
173	699.4094	8.914068	713.8589	690.88855	680.36035	22.884544	703.8758	656.5127	677.3653	24.699236	714.57855	633.8359	655.3774	34.83307	703.22925	559.3428	1000.0	1000.0	995.4	983.0	691999	120.56142	13.957696	134.16855	-81.4561	120.56131	13.960328	136.19978	-79.1253	-3.0201678	1.7595805	36.412964	-13.1524315	-121.237854	2.0232418	16907.06420469284
174	708.42377	12.079103	725.5033	691.33844	634.77264	55.131878	705.73987	508.41574	664.49994	36.317474	706.63873	611.0877	652.4255	44.73314	714.0863	544.1071	1000.0	939.8	995.6	989.1	695999	120.69995	13.636999	136.25235	-55.279858	120.69929	13.640562	136.12642	-72.75152	-3.0330863	1.7529848	40.61493	-13.407021	-121.38446	1.5459847	17012.932997703552
175	706.1094	17.261974	727.91547	680.2176	606.14545	146.16692	718.2531	214.19653	631.5884	112.31354	718.156	360.5018	655.5043	147.8822	718.6119	212.34491	1000.0	881.9	917.7	930.7	699999	120.80523	13.599606	137.12209	-74.09221	120.80496	13.603383	137.3727	-107.47043	-3.0416622	1.7774539	46.115883	-12.744002	-121.48671	1.9167429	17115.511237859726
176	714.34973	15.276491	729.92096	693.96783	810.24023	41.82954	886.6239	762.09985	812.7598	44.491966	853.81274	701.86694	783.9274	32.77996	834.4572	717.3581	1000.0	1000.0	1000.0	1000.0	703999	120.84155	13.655753	135.24144	-57.4727	120.84081	13.659442	136.63052	-32.016376	-3.0088913	1.7726432	29.241413	-12.310954	-121.53049	1.5494485	17221.21167564392
177	727.02985	10.213632	740.3154	712.80145	611.75146	122.92409	753.8152	441.78256	637.37823	131.18712	799.39386	418.56143	644.2987	50.481018	759.8124	594.7686	1000.0	887.5	902.7	1000.0	707999	120.86348	13.713151	135.6783	-26.471617	120.86319	13.717779	134.98607	-59.147087	-3.0233798	1.7737714	27.102436	-12.653597	-121.54123	1.9217429	17324.66006040573
178	719.0537	8.799716	728.38837	706.37787	780.2267	9.15456	788.8515	763.63275	769.25757	24.02696	789.1431	710.9028	755.52747	24.309887	786.8138	709.05707	1000.0	1000.0	1000.0	1000.0	711999	120.94836	13.713759	134.99545	-8.740918	120.94792	13.717111	134.96756	-16.325268	-3.0333078	1.7152976	23.501408	-12.214993	-121.63038	1.3891499	17430.93678355217
179	698.5409	1.87656	700.3722	695.7529	713.02014	23.12392	750.13684	680.89886	691.9286	36.623547	775.3774	650.7629	718.4852	35.705948	766.43225	656.9355	1000.0	1000.0	1000.0	1000.0	715999	121.05493	13.716921	141.5646	-57.527813	121.05413	13.727561	141.38866	-187.74942	-3.001432	1.758442	28.669645	-13.7603245	-121.74278	1.3901767	17538.623163700104
180	705.5333	3.3392382	710.18945	701.8153	649.7843	144.44295	787.6931	247.54228	661.1019	50.27325	740.639	571.666	640.3691	53.926495	701.29126	518.621	1000.0	935.6	1000.0	982.6	719999	121.12815	13.619751	137.39204	-26.82634	121.12777	13.6255245	137.14458	-76.8084	-3.051971	1.7025436	25.1898	-13.150549	-121.80287	1.5807959	17645.200092077255
181	722.9321	28.38358	754.5894	684.4237	717.0596	52.682137	798.02216	659.7524	750.9388	47.768726	797.98553	662.2558	762.04004	51.24429	830.98895	657.9499	1000.0	1000.0	1000.0	1000.0	723999	121.08202	13.821078	135.22906	-60.007256	121.08148	13.828112	135.69347	-90.38453	-3.013871	1.7460893	26.303661	-12.078085	-121.75175	1.7899235	17752.419084072113
182	714.6824	18.775936	734.3133	684.21857	676.5567	20.763365	706.3773	648.4124	682.965	24.286041	712.72034	643.3263	687.12396	22.252089	723.6854	657.70386	1000.0	1000.0	1000.0	1000.0	727999	121.18496	13.644913	140.28758	-80.37641	121.18414	13.653401	139.94473	-79.76074	-3.006135	1.76452	34.963375	-16.461288	-121.869675	1.6780705	17862.34958744049
183	28.114254	156.72592	679.7782	-14.753915	-4.455806	1.3973423	-2.4471447	-6.6866813	44.302673	123.88351	408.8713	-7.1380773	-4.1453485	1.5290943	-2.0586255	-7.7039638	70.47143	15.8	134.8	15.8	731999	122.32107	13.791431	312.88068	-72.47552	122.31976	13.791912	307.11206	-68.45387	-1.6838522	3.9066975	57.40148	-13.031582	-123.953735	7.208906	17934.7085852623
184	67.55316	169.76308	602.9122	-6.9181542	471.37396	164.83592	676.66895	276.39194	500.67157	126.805435	676.72144	269.01953	446.45743	148.42094	653.66943	245.76111	132.96552	804.4	873.9	762.6	735999	183.03552	35.09827	292.28186	-41.201557	183.0341	35.103085	296.1505	-133.20557	3.396961	3.058437	50.742165	-13.488171	-188.60785	17.404394	18033.257390022278
185	550.1734	158.03018	746.89844	340.4226	702.47284	150.15535	798.33624	394.77515	693.18304	128.49922	797.5547	368.51605	679.3656	115.00784	792.1247	377.32916	796.75	953.7	948.9	963.3	739999	216.49338	30.969734	262.32123	-212.51643	216.49184	30.965317	261.89047	-35.14373	0.4977988	2.6755004	95.54336	-18.562902	-218.43646	9.513008	18140.411338806152
186	756.211	17.292059	774.593	729.9567	750.1106	48.142647	799.50934	699.9269	720.8416	38.0056	799.93445	699.6334	761.71356	42.113472	800.5116	698.1793	1000.0	1000.0	1000.0	1000.0	743999	207.41052	27.983814	243.06445	-43.27754	207.40666	27.992598	241.42664	-28.60641	-1.5727701	2.6231654	68.038795	-12.077718	-208.42673	8.597096	18248.18169283867
187	23.8089	115.09223	732.5646	-16.094923	143.80466	105.66592	370.1528	40.15762	315.67578	143.3097	473.51932	38.677628	194.41501	165.67111	473.49667	-6.7933903	55.95294	389.3	799.4	509.9	747999	195.835	23.654676	360.64194	-53.631725	195.84456	23.580704	359.06927	-22.352932	-1.3999809	3.5844517	75.78253	-12.454448	-197.03667	18.331053	18337.094756126404
188	294.85776	177.76534	510.40195	8.002132	269.56262	183.2341	515.8795	83.813034	368.21124	156.64105	582.24646	67.924515	280.3211	182.66963	575.9315	74.97949	636.5	525.6	705.5	525.0	751999	200.52168	29.539839	324.24945	-30.818384	200.52515	29.493134	329.62527	-33.682613	1.4934119	3.5737133	34.446285	-14.229023	-203.27065	16.748663	18427.850150585175
189	370.29156	135.82918	491.0904	106.47803	580.31995	96.422905	678.6236	310.36954	608.1521	36.647778	680.7508	580.3538	571.8545	106.22412	676.4878	371.7303	692.8	949.4	1000.0	919.6	755999	205.0631	29.128878	271.94128	-24.753283	205.06223	29.134565	276.012	-56.359116	-0.4420825	2.6520483	28.321026	-15.500453	-206.47859	10.97857	18533.28108906746
190	648.3693	58.359913	704.25977	567.23315	683.6508	8.879671	697.3104	676.14044	682.041	7.8632436	697.9212	673.6875	673.54095	10.476433	693.6845	660.21606	982.4	1000.0	1000.0	1000.0	759999	196.82764	28.406734	254.52367	-18.185207	196.82578	28.40644	255.67177	-29.084152	-0.863239	2.5973763	46.419365	-13.7288	-198.08957	8.507013	18637.9874420166
191	704.9487	14.343547	715.9525	680.3389	796.1196	2.0760899	798.44006	791.33344	795.59424	2.0087724	797.42865	792.04565	792.5873	6.2035365	808.2111	782.67456	1000.0	1000.0	1000.0	1000.0	763999	189.0265	27.570232	235.51994	-27.70231	189.0254	27.581734	235.71602	-30.321629	-1.1824597	2.5102036	37.19813	-15.229895	-190.1941	6.8473105	18743.135845184326
192	740.3557	11.766598	754.376	721.75104	664.5198	72.90658	797.2039	591.0782	682.51184	70.565125	797.2923	600.4671	639.0859	57.733837	791.6096	562.4212	1000.0	1000.0	1000.0	1000.0	767999	180.28947	26.529776	217.83601	-14.901047	180.28735	26.530018	217.25531	-25.034737	-1.7454773	2.4476364	41.72333	-12.723885	-181.27534	5.684805	18849.775604963303
193	745.85535	15.366914	763.11755	723.59204	706.2397	10.360405	736.63257	698.78326	696.70013	10.186467	713.81726	676.4639	696.3019	16.682632	732.4542	673.2342	1000.0	1000.0	1000.0	1000.0	771999	170.9141	24.843893	210.09982	-31.344149	170.9118	24.85683	208.9722	-29.507195	-2.29103	2.3350163	43.463474	-12.82999	-171.75146	5.8207974	18958.038209199905
194	739.9114	8.343742	749.79767	727.20154	692.2017	67.69049	814.3551	535.7929	742.10297	92.273254	847.72754	536.30615	751.2065	75.69437	842.0208	590.92126	1000.0	980.5	1000.0	999.6	775999	161.80627	22.847605	204.5403	-41.53359	161.80347	22.864332	203.12206	-33.15304	-2.5035758	2.330725	57.480793	-11.93453	-162.5772	5.916126	19064.528002023697
195	717.6067	6.196414	725.6675	709.3166	588.6337	117.19535	799.3846	476.69565	557.0278	59.65133	700.0248	495.55286	578.85	42.071022	643.7067	527.47174	1000.0	1000.0	1000.0	1000.0	779999	154.0985	20.159592	197.65016	-34.165886	154.09943	20.140581	194.69855	-52.432316	-2.5391185	2.3931062	47.632545	-14.750851	-154.82635	4.9805245	19176.896701812744
196	747.1223	3.759574	751.77356	741.3589	817.9495	46.97625	862.54504	704.2392	801.96234	38.97362	856.3784	704.48285	836.65137	27.208805	860.6642	795.149	1000.0	1000.0	1000.0	1000.0	783999	147.2233	19.924881	176.8128	-24.690794	147.2253	19.90805	178.52168	-24.753895	-2.7098877	2.1305304	31.91804	-13.344601	-147.92303	3.9268878	19281.810522317886
197	706.35754	9.971993	716.0651	691.54016	692.2203	21.24207	705.3022	631.6169	630.38416	66.86705	703.73535	517.9102	694.52246	25.475016	748.75916	635.0553	1000.0	1000.0	978.4	1000.0	787999	141.59302	19.731161	164.68814	-101.687744	141.5928	19.733257	168.10606	-23.028965	-2.7642663	2.0041864	31.737827	-11.823067	-142.28156	3.131336	19388.72842812538
198	704.41486	11.557387	720.2717	687.635	759.0463	46.00536	800.36163	690.7012	704.03503	69.280106	799.5796	605.6881	729.59753	55.42662	822.27966	606.4939	1000.0	1000.0	1000.0	1000.0	791999	137.25665	19.317223	154.15652	-54.997143	137.2553	19.323572	155.29895	-49.764	-2.80444	1.9335892	39.02265	-12.585142	-137.94168	2.74181	19493.784343481064
199	702.8163	20.586166	734.61145	679.44824	767.543	41.35339	856.6691	708.50085	752.33026	39.20346	796.32587	690.0605	778.72296	12.950558	789.6851	762.25726	1000.0	1000.0	992.1	1000.0	795999	133.72067	19.115602	149.93149	-18.972929	133.71944	19.125553	149.336	-47.838085	-2.8098996	1.9668684	28.851927	-15.419065	-134.41249	2.7693439	19599.227007627487
200	707.89343	8.293646	714.76733	693.891	788.8246	58.079227	849.59863	700.8251	745.1609	64.93119	826.43634	632.1373	817.0736	24.489141	844.1614	771.2392	1000.0	1000.0	1000.0	1000.0	799999	130.93782	18.659775	145.81786	-84.16327	130.93674	18.673227	146.66237	-73.236664	-2.8537738	1.9721991	26.46109	-13.497528	-131.63234	2.6638556	19703.422003746033
201	707.32263	14.770458	726.0726	686.1072	602.60693	209.21101	883.526	299.29083	614.5022	239.33136	848.945	271.03702	598.825	202.57812	776.22504	168.75183	1000.0	830.4	817.4	848.6	803999	128.63644	18.365622	144.59363	-30.410452	128.63457	18.378096	145.74779	-24.018988	-2.8773363	1.942598	33.436134	-12.7721405	-129.31937	2.215836	19804.286332845688
202	705.1667	16.669048	725.1656	680.23157	853.2667	76.55074	894.71454	700.16534	862.5703	61.08205	894.38837	700.27576	861.0451	26.060638	888.5228	797.57837	1000.0	1000.0	1000.0	1000.0	807999	126.9205	17.85329	143.7359	-73.78114	126.91887	17.865442	144.20126	-35.619034	-2.8704784	1.9395261	29.974726	-12.922518	-127.612625	2.483065	19910.647667646408
203	691.519	12.375958	701.1796	670.28357	744.7039	56.191544	883.6262	697.51465	719.2947	57.27688	890.12134	690.04065	721.3781	46.707737	790.1934	632.4223	1000.0	1000.0	1000.0	1000.0	811999	125.64287	17.222193	140.49779	-70.1102	125.64119	17.232727	140.95026	-72.78894	-2.9107194	1.90797	31.467041	-12.649136	-126.33378	2.3143418	20015.298189640045
204	702.4897	13.932484	724.6248	689.41345	858.923	65.29986	894.71765	722.0899	832.68036	113.18063	894.5205	543.4125	804.5251	104.81653	885.2411	510.6615	1000.0	1000.0	995.2	999.9	815999	124.3972	17.326422	138.52103	-46.307137	124.39589	17.333199	139.99135	-30.613888	-2.8955925	1.9182099	26.79204	-11.513524	-125.08256	2.3861074	20121.53825569153
205	714.13153	21.339315	735.6197	678.6652	852.9044	46.77756	891.6549	794.8036	833.2028	45.31974	891.626	794.93475	855.59607	32.39755	881.81903	791.10175	1000.0	1000.0	1000.0	1000.0	819999	123.49168	17.297626	139.13795	-68.843666	123.4895	17.309908	137.9718	-24.97407	-2.9023783	1.9270902	26.088024	-12.145357	-124.176094	2.2572222	20229.780858039856
206	685.89874	14.539406	706.14575	665.0336	813.72516	55.120186	889.5468	709.02924	853.6304	43.35513	888.04694	768.7072	816.73834	35.79768	882.6342	779.1737	1000.0	1000.0	1000.0	1000.0	823999	122.98387	16.799452	136.13092	-63.580128	122.98251	16.805908	137.51564	-39.279083	-2.90842	1.9445982	27.815516	-13.921976	-123.67686	2.3495576	20334.086641550064
207	715.1609	9.06709	724.54956	700.808	525.61273	185.7887	797.091	346.29282	532.7023	109.89949	796.8559	405.993	562.2967	156.43053	794.70337	346.02582	1000.0	820.6	875.4	802.5	827999	122.4178	16.580412	135.28082	-13.8809185	122.41727	16.585262	137.51122	-45.57485	-2.9337807	1.8593714	25.698957	-12.255916	-123.10102	1.8448082	20437.74891781807
208	698.96246	5.6202793	707.8542	692.3488	730.3447	38.87073	797.32855	675.96124	705.0211	33.845512	757.8836	628.0358	749.3586	60.458046	837.5536	615.3162	1000.0	994.4	1000.0	1000.0	831999	121.8859	16.626366	136.23009	-31.298717	121.88536	16.62855	138.6291	-51.97528	-2.929801	1.8432133	42.54891	-13.126112	-122.57564	2.0578592	20544.172734498978
209	688.8914	10.6380415	704.91187	675.0647	772.8956	68.29868	804.08936	568.8133	779.3622	53.90124	813.4954	618.6713	778.7825	41.753677	827.58154	690.79584	1000.0	1000.0	1000.0	1000.0	835999	121.5921	16.415487	134.74973	-66.54008	121.59081	16.424047	136.57089	-49.477	-2.9367561	1.8673718	25.052397	-13.291221	-122.28267	1.9057734	20649.940838575363
210	710.084	19.509502	738.7297	690.15375	549.98944	84.757866	743.0652	469.55106	536.1547	88.5129	782.1424	463.26547	516.1603	56.140446	649.6168	457.171	1000.0	1000.0	948.7	953.9	839999	121.33186	16.310377	135.45251	-33.016975	121.33069	16.313538	135.64185	-12.388247	-2.934566	1.8391846	32.550743	-13.000632	-122.00664	1.8208171	20756.14897298813
211	688.6826	6.2262683	695.135	679.6949	517.12	73.8895	692.18536	430.29166	496.02872	98.21269	678.06445	369.6611	527.41516	96.132034	679.8499	373.41873	1000.0	901.8	844.9	851.5	843999	120.99207	16.54728	135.56569	-13.22019	120.99149	16.551765	137.00244	-107.58137	-2.940845	1.8149432	23.431217	-13.160969	-121.65761	1.7691969	20857.15483736992
212	700.42505	5.3392344	709.1646	696.0788	602.31915	107.25332	798.64844	504.26993	690.98376	98.530334	799.35425	538.6847	595.56647	136.19025	794.72266	294.56314	1000.0	1000.0	977.4	929.5	847999	120.68651	16.795132	135.19247	-11.802308	120.6855	16.800066	136.33156	-15.49159	-2.9479363	1.7834065	24.081993	-12.278608	-121.37187	1.8076497	20961.648939847946
213	707.70245	6.5374107	716.21173	697.83673	646.0576	58.159454	795.9778	592.321	682.45135	56.7995	796.0493	606.01825	683.6639	71.80113	795.6732	580.249	1000.0	1000.0	998.9	1000.0	851999	120.65048	16.734934	133.98347	-57.28595	120.6492	16.742077	134.76428	-19.678122	-2.923151	1.8195972	23.980017	-13.23695	-121.337555	1.7618039	21067.84052181244
214	709.78577	12.981282	723.2578	695.46545	703.255	83.83793	798.1952	532.925	679.8624	120.60257	798.4048	443.02246	625.75586	71.73125	793.83954	529.60693	1000.0	998.1	974.5	992.1	855999	120.7226	16.533356	134.29007	-22.130402	120.72145	16.539701	135.34529	-29.240114	-2.9190395	1.8371285	25.654339	-12.276965	-121.40567	1.9284738	21173.096081972122
215	689.56604	7.0987787	697.04785	677.96655	556.77106	125.10578	746.05286	356.99445	483.55566	165.75023	790.8012	286.41632	484.71368	155.27324	785.5926	304.12967	1000.0	836.9	719.5	743.0	859999	120.88054	16.391653	135.04584	-34.891064	120.87982	16.398167	135.2767	-59.08573	-2.96831	1.8327094	36.713097	-11.815965	-121.57713	1.5608525	21270.70922422409
216	701.9377	3.973156	708.5556	698.0401	673.12555	63.057255	797.1124	623.5973	681.91644	69.55354	795.85504	606.81213	692.4007	67.65984	795.4864	632.8455	1000.0	1000.0	1000.0	1000.0	863999	121.02838	16.049019	136.31451	-10.725178	121.02706	16.053988	136.7272	-11.700359	-2.9605896	1.829637	36.117283	-14.385611	-121.72795	1.8331754	21380.260055541992
217	716.18384	25.72263	740.0665	673.5151	825.5295	29.89592	880.9466	783.1546	805.91864	49.4464	890.1755	736.2885	672.9995	190.30423	869.9308	288.84888	1000.0	1000.0	1000.0	883.9	867999	121.0225	16.041344	136.25467	-42.92393	121.02208	16.04534	137.99289	-25.783356	-2.968099	1.8124573	34.902985	-13.00991	-121.711845	1.6175135	21495.078221559525
218	696.1576	11.313189	708.50476	679.6052	671.95856	96.512245	774.9116	424.30515	635.0292	134.15532	770.0087	249.88051	648.66223	80.919426	776.81647	474.74582	1000.0	958.0	936.0	936.4	871999	121.17038	15.613559	134.0505	-91.67222	121.16939	15.6203575	134.3553	-66.524345	-2.955514	1.8220441	28.027088	-12.891962	-121.865486	1.8089706	21600.24581694603
219	702.54944	15.816332	718.90594	682.8148	704.001	77.66934	800.4586	638.16516	660.39343	48.895958	800.52826	608.1801	720.1888	77.61076	798.7432	639.9665	1000.0	1000.0	1000.0	1000.0	875999	121.17024	15.666895	133.98572	-49.7522	121.16927	15.675473	134.63478	-113.78472	-2.98711	1.7866615	34.4755	-12.854064	-121.845474	1.8646741	21708.001727342606
220	700.27496	14.517286	717.81976	677.75165	657.3134	76.379456	800.0731	578.1551	657.906	85.18875	801.3681	579.7078	715.0755	101.4196	798.45636	564.7139	1000.0	1000.0	1000.0	1000.0	879999	121.0939	15.78346	134.02373	-64.3356	121.09373	15.784165	134.27396	-63.507713	-2.9546921	1.7797357	28.273687	-13.997026	-121.770096	1.6690809	21816.60680603981
221	719.8423	19.18487	748.99817	696.18445	764.891	26.815382	797.64746	722.3959	749.00415	34.66241	798.33276	696.41846	753.6648	48.517914	829.6941	698.2893	1000.0	1000.0	1000.0	1000.0	883999	121.17106	15.775228	133.74318	-9.418113	121.1697	15.784576	134.27666	-35.2287	-2.9593976	1.8050107	32.283794	-13.7412405	-121.861626	1.8597671	21927.061690807343
222	703.22626	16.091656	724.81854	683.7728	721.3537	161.2867	893.6735	405.75208	675.0262	148.56813	890.1566	368.5575	694.38916	147.51521	891.7528	464.2432	1000.0	946.9	950.7	942.1	887999	121.31426	15.5905075	134.79639	-65.37564	121.31293	15.591833	134.6959	-12.48557	-2.9831	1.7885045	26.00935	-12.608734	-121.99915	1.7605467	22041.52278280258
223	699.88086	2.5393171	703.35876	696.3602	578.44415	200.22054	800.3167	279.12274	609.4892	176.86151	813.5793	283.68015	643.87634	159.15118	797.77167	364.2622	1000.0	818.4	866.6	890.2	891999	121.26458	15.834349	134.1113	-57.038517	121.26376	15.839794	135.37883	-47.801125	-2.9648147	1.7853129	24.247433	-12.601053	-121.955086	1.4739361	22144.61309981346
224	710.0478	11.132307	722.35675	692.0884	576.5547	204.6238	854.1375	292.53397	522.2584	148.33847	824.34015	294.51154	610.75165	215.19005	863.0007	292.13168	1000.0	804.2	790.1	827.0	895999	121.34277	15.822082	134.01047	-80.78	121.34248	15.8221855	135.35498	-68.64601	-2.9891403	1.7745448	28.806267	-13.66629	-122.027626	1.6363121	22246.519888162613
225	723.87366	15.246769	740.6924	702.08234	516.86475	193.59575	800.6604	287.04538	452.12225	155.30974	662.6152	308.7738	567.12897	180.82266	796.68384	284.16556	1000.0	747.8	709.9	818.2	899999	121.42713	15.622148	135.93863	-40.931526	121.42549	15.62709	136.3476	-46.155304	-2.9786794	1.7776741	33.831856	-11.760048	-122.11213	1.5698792	22346.46093916893
226	687.58923	4.023996	692.8431	681.54193	559.8256	181.31561	797.9833	276.7847	546.1313	154.8541	797.15265	292.73724	603.5808	106.78962	681.98175	300.97586	1000.0	815.2	794.2	915.4	903999	121.49894	15.48778	135.17049	-43.291817	121.49846	15.492097	136.09274	-31.835468	-2.96162	1.7885238	27.29464	-12.878319	-122.18276	1.5706346	22449.63531780243
227	701.09686	3.6486428	705.59796	695.70197	360.87204	127.52236	565.6815	213.19884	429.68732	131.64023	590.81836	171.8837	325.64825	84.779564	540.1236	223.81772	1000.0	559.2	714.6	502.8	907999	121.60607	15.336391	136.07155	-8.364108	121.60552	15.344755	135.33492	-14.663334	-2.963618	1.7990139	32.309387	-11.690291	-122.29902	1.6625508	22541.83598423004
228	718.5515	7.707562	729.5629	708.5314	661.3737	107.2947	700.93677	339.52008	660.27344	119.44721	704.5088	302.029	663.60706	122.913765	716.8234	295.7278	1000.0	949.2	941.6	942.8	911999	121.6711	15.328318	135.57732	-8.044481	121.67016	15.3360615	136.58206	-10.085201	-2.9867425	1.7425215	28.83887	-13.450126	-122.35625	1.5561332	22645.9082801342
229	706.83746	27.872272	737.2567	666.9035	649.7928	127.10295	798.9702	387.55185	590.872	137.42215	799.27277	412.16275	686.3653	83.93066	740.0223	437.96512	1000.0	915.9	868.4	967.0	915999	121.56118	15.574018	135.95244	-40.147316	121.56029	15.583103	136.55402	-44.715027	-2.9625227	1.7724046	31.72918	-12.475682	-122.24851	1.5829263	22749.350688695908
230	707.1185	6.712234	718.14746	701.0253	675.7081	87.49033	795.5949	463.02356	708.2506	48.789246	789.7707	617.0644	698.0035	45.919582	783.8544	650.774	1000.0	976.5	1000.0	1000.0	919999	121.73709	15.271652	136.35135	-12.033696	121.73614	15.280292	136.2702	-20.18069	-2.9658723	1.8098915	28.602732	-14.139713	-122.43413	1.6323196	22859.061265468597
231	721.9022	15.257596	744.49927	705.92334	505.95883	119.26636	659.3199	301.2943	511.37997	127.82904	672.252	278.47104	551.74036	120.726616	709.91925	340.4991	1000.0	834.2	848.4	891.5	923999	121.81421	15.279738	136.30365	-27.781467	121.81405	15.28121	136.24754	-77.06269	-2.986269	1.7865359	33.827133	-14.1170025	-122.49011	1.7373406	22963.25107574463
232	713.1807	12.952374	728.61365	692.9572	547.10925	112.42217	709.43427	358.37204	693.2096	86.031136	785.1099	566.91644	554.34283	131.79105	794.21515	338.62885	1000.0	870.9	1000.0	889.7	927999	121.87324	15.1256275	135.55453	-45.11218	121.87264	15.127535	136.45549	-14.363541	-2.9826443	1.7843454	26.225437	-14.872838	-122.55791	1.435668	23067.127822875977
233	703.9422	5.4404497	710.64606	696.9798	669.6894	80.743454	799.32635	557.91016	589.35583	153.14911	798.2028	354.6555	716.0966	75.95923	795.1605	609.504	1000.0	1000.0	881.8	992.6	931999	121.85847	15.423046	135.11081	-12.972356	121.858	15.425149	135.87971	-12.363787	-2.9976847	1.8129432	47.165363	-13.235968	-122.54856	1.6280185	23174.52059984207
234	699.92114	8.8706665	711.5153	686.5623	626.00446	60.92992	794.1366	580.85486	619.07263	96.22586	796.5347	392.6497	671.0619	75.75617	794.2458	574.39197	1000.0	993.4	962.7	997.1	935999	121.93379	15.340692	135.40126	-38.89766	121.93352	15.3378725	134.94832	-44.85665	-2.9933462	1.7886398	27.034348	-11.612014	-122.61204	1.5307351	23282.23303413391
235	717.6737	12.252323	734.4238	700.3321	737.49274	39.78188	799.3593	644.5058	725.58545	75.83343	799.259	544.84357	737.11273	36.892147	797.9691	669.7371	1000.0	1000.0	993.6	1000.0	939999	122.05743	15.153691	135.01549	-31.41509	122.05733	15.156987	135.49463	-77.501785	-2.976288	1.8143092	27.057312	-12.2491	-122.736465	1.8210156	23390.44273328781
236	715.1671	8.333429	723.8799	705.02136	727.03503	33.095886	798.96313	681.0332	713.803	42.346115	772.38416	653.6387	729.22644	46.093548	798.772	686.635	1000.0	1000.0	1000.0	1000.0	943999	122.09157	15.154846	135.47568	-58.218224	122.09059	15.158041	136.35999	-95.173996	-2.9747057	1.8321275	33.103447	-12.504307	-122.774185	1.8228537	23495.74399471283
237	700.9656	9.895472	715.80194	689.59406	694.6875	76.21609	802.2413	579.366	684.68677	97.48779	803.28986	569.35065	647.4855	57.082813	798.57294	601.0696	1000.0	996.5	993.0	1000.0	947999	122.14721	15.081244	136.4429	-29.137745	122.14705	15.085551	136.76613	-9.16113	-2.98042	1.8017418	23.886768	-14.06397	-122.83103	1.8604517	23605.308051109314
238	720.784	11.752574	740.7171	712.07104	739.4681	31.960789	802.63873	713.73773	731.64716	50.03029	800.9925	633.4094	735.22327	40.392548	801.0595	648.9997	1000.0	1000.0	1000.0	1000.0	951999	122.16761	15.256274	136.69682	-41.00071	122.16643	15.263392	136.04274	-15.130925	-2.9976614	1.763645	22.800797	-15.694333	-122.84445	1.8629804	23721.02163553238
239	744.69495	16.275723	772.3937	732.92096	628.84094	92.32112	802.11804	522.52545	611.4691	76.76097	800.70935	493.6839	634.4249	86.128204	800.87006	546.94354	1000.0	987.3	981.5	992.9	955999	122.14407	15.384333	137.2504	-44.74963	122.14361	15.385005	137.5092	-45.05721	-2.98095	1.7858021	29.57582	-13.601279	-122.82479	1.7305605	23829.522020578384
240	710.4618	12.152999	725.41473	696.40063	646.879	119.5906	780.06134	449.4059	671.3033	92.948326	784.1769	498.4046	661.7198	91.859116	751.28485	445.30588	1000.0	937.0	961.8	940.2	959999	122.12398	15.426306	136.07426	-83.50346	122.1239	15.431067	136.2382	-52.75789	-3.0102696	1.7533875	25.934137	-13.428847	-122.80539	1.5802902	23934.778955936432
241	724.622	23.803366	761.72394	701.2994	675.0586	114.19789	801.5969	434.09912	640.6493	133.39897	801.4531	403.0835	689.03516	60.94277	773.53265	529.1026	1000.0	951.1	929.7	997.2	963999	122.1892	15.27584	136.47957	-32.750187	122.18881	15.278424	138.07414	-41.966908	-2.9923375	1.7694592	27.576645	-11.995902	-122.87048	1.7922415	24041.06507539749
242	713.9338	20.281935	744.27893	689.1932	764.1605	28.502182	800.39716	724.8085	752.17926	42.737003	802.4789	697.6198	732.30505	99.62967	824.6103	537.1085	1000.0	1000.0	1000.0	1000.0	967999	122.26774	15.181011	137.29457	-11.99159	122.26695	15.188642	136.42766	-12.329876	-2.9881074	1.8192265	33.912605	-13.78107	-122.95555	1.732616	24150.191566705704
243	702.97095	24.754627	731.09436	669.21185	656.7623	124.207695	800.4155	452.93704	514.5007	117.8822	756.52386	379.63837	586.6133	145.05562	797.1351	405.2672	1000.0	924.1	799.4	856.7	971999	122.40195	15.073631	136.43356	-8.776978	122.40109	15.081272	144.4839	-47.79063	-3.003307	1.789553	27.953176	-12.685506	-123.087234	1.6812133	24255.70287179947
244	704.3788	14.525691	725.42194	685.0185	659.78436	62.405365	722.74414	547.57697	589.1584	120.04854	775.6223	441.9251	651.3815	64.132515	700.65295	551.4985	1000.0	992.1	908.9	1000.0	975999	122.53372	14.965062	136.33084	-15.863868	122.53321	14.97163	136.60359	-10.831728	-3.0154815	1.7674497	29.351421	-15.391345	-123.217155	1.5657785	24367.256806135178
245	716.0073	10.450509	727.0753	702.01245	498.2697	54.13075	561.1225	406.45197	464.08466	111.71158	594.5268	229.21422	532.5382	83.33012	682.4265	379.4497	1000.0	911.1	795.8	886.6	979999	122.64433	14.759608	136.25185	-48.632256	122.64449	14.757567	136.58775	-22.011335	-2.99975	1.7929274	29.740358	-16.383911	-123.33049	2.0010498	24491.925473690033
246	720.29596	9.121593	728.5829	704.85425	647.33636	73.09517	740.7298	512.72284	688.26117	77.99993	792.91345	537.8974	632.11096	131.83603	770.67834	469.24106	1000.0	971.4	1000.0	925.7	983999	122.78109	14.652386	136.92267	-9.857847	122.78034	14.658411	135.27217	-64.018745	-3.0138056	1.8019974	35.44549	-13.445091	-123.472015	1.6080875	24604.310165166855
247	693.92554	11.223929	705.27075	677.5304	648.5711	59.916668	735.9898	596.1787	631.813	84.35737	725.95905	448.32785	726.8437	23.032145	757.0892	666.9072	1000.0	1000.0	952.2	994.7	987999	122.80161	14.618615	137.02716	-90.030495	122.8008	14.619998	136.53354	-102.1262	-2.9988716	1.7970006	31.06945	-11.138378	-123.475075	1.6539493	24715.150941610336
248	709.01276	17.048288	731.0241	683.1443	769.37854	23.13288	797.6386	708.8894	764.84894	30.11023	800.8708	705.47345	772.75836	8.309187	785.88965	762.0438	1000.0	1000.0	1000.0	1000.0	991999	122.79835	14.781682	136.41235	-15.678978	122.79785	14.784144	136.4946	-9.397073	-3.017072	1.7554181	28.191887	-12.883432	-123.47975	1.7645955	24822.115871429443
249	706.6664	19.008814	737.41077	690.8368	757.1705	6.0417867	773.077	747.51746	767.98816	20.434631	797.6226	743.7395	758.4164	12.963666	796.1087	748.9254	1000.0	1000.0	1000.0	1000.0	995999	122.79147	14.856681	136.66238	-38.4862	122.7913	14.857981	135.97588	-13.628812	-3.0005574	1.7520735	27.38464	-13.411695	-123.47406	1.5952067	24948.39439678192
250	698.98663	14.655018	716.7535	676.0279	758.8983	22.374294	796.7632	737.1067	767.5816	37.47902	797.9817	698.8469	742.156	36.656975	800.2167	699.16516	1000.0	1000.0	1000.0	1000.0	999999	122.85465	14.865657	137.83305	-37.865143	122.8548	14.868432	136.15181	-14.659086	-2.984049	1.7784475	26.324743	-11.166515	-123.539154	1.5995188	25054.627461194992
