Epoch	AverageEpRet	StdEpRet	MaxEpRet	MinEpRet	AverageTestEpRet	StdTestEpRet	MaxTestEpRet	MinTestEpRet	AverageTransferEpRet	StdTransferEpRet	MaxTransferEpRet	MinTransferEpRet	AverageRandomEpRet	StdRandomEpRet	MaxRandomEpRet	MinRandomEpRet	EpLen	TestEpLen	TransferEpLen	RandomEpLen	TotalEnvInteracts	AverageQ1Vals	StdQ1Vals	MaxQ1Vals	MinQ1Vals	AverageQ2Vals	StdQ2Vals	MaxQ2Vals	MinQ2Vals	AverageLogPi	StdLogPi	MaxLogPi	MinLogPi	LossPi	LossQ	Time
1	3.0365837	3.3343377	15.476301	-7.4093175	14.029012	0.5941163	15.291589	13.179596	13.627507	1.9202715	15.828221	8.321788	13.915503	0.62222105	14.9736	12.831935	17.482456	20.5	20.3	20.5	3999	5.7266235	4.7134085	22.795925	-5.6507034	5.726607	4.7135854	23.080025	-5.6585975	-2.6069975	1.5278627	4.783885	-12.718087	-6.853368	0.3982768	42.16036534309387
2	2.6208575	3.3935897	14.466354	-9.259368	16.519527	0.4182634	17.217289	15.821236	16.737806	0.4086617	17.313156	15.948303	16.625866	0.40442637	17.143835	15.679882	17.363636	21.0	21.0	21.1	7999	12.263268	10.002158	44.696323	-7.35276	12.262978	10.002339	44.86523	-7.9946284	-0.97351354	2.1792734	10.88278	-15.596731	-14.231662	0.8382805	102.6017096042633
3	10.09062	31.810959	242.21315	-5.9165287	478.382	189.35542	667.8589	259.03537	502.07587	210.49078	680.422	153.9587	517.28516	185.78745	666.2696	182.30905	30.944	709.2	740.5	768.4	11999	22.462717	22.325123	90.73692	-6.149257	22.462648	22.324928	89.75402	-5.98641	0.85857624	3.2745621	18.99529	-14.95377	-26.533993	3.3574898	193.76126432418823
4	103.0728	102.43823	362.37054	-2.0871546	192.90227	181.31564	684.3991	78.6624	288.88013	257.4433	695.4345	84.64628	227.3093	179.88191	685.48364	78.094604	170.5	262.9	405.4	315.2	15999	38.07355	31.04427	101.138596	-10.384811	38.073105	31.043865	102.49922	-7.5351152	1.2669157	3.0516338	20.587158	-15.771194	-41.68122	9.598278	269.39207100868225
5	411.76672	153.02394	607.55707	213.40382	288.71945	103.65341	435.17874	131.15833	292.42853	177.58038	666.0972	125.02919	172.98984	51.87188	313.974	128.39963	704.8333	423.0	432.6	246.4	19999	45.58032	32.072235	96.6831	-9.727862	45.579796	32.07122	96.60909	-7.5823855	1.221552	3.0564733	25.212486	-13.079024	-48.494663	9.241697	346.42715311050415
6	220.4028	167.68135	626.30884	36.9779	635.3135	76.01261	686.29974	470.77457	557.45526	134.39359	685.8672	312.75098	626.73645	80.94465	683.15717	466.13364	398.125	930.5	811.9	919.8	23999	49.663074	31.178719	99.88533	-10.265564	49.662464	31.176815	99.257515	-7.2319927	0.8729175	2.8634613	21.591745	-13.4108	-52.105362	7.4745727	443.32126212120056
7	312.69882	177.07991	647.78796	144.01501	277.5708	155.5925	689.6505	151.58899	291.49945	156.11589	691.80505	138.95277	223.25012	76.48016	352.18692	152.22429	474.1	393.6	399.3	304.4	27999	53.3015	30.18826	100.47804	-12.198331	53.3012	30.186747	100.12366	-8.630661	0.42444766	2.6360302	19.285444	-15.587117	-55.23923	6.7445693	517.5494070053101
8	503.5091	173.39844	648.93	221.82593	291.75543	107.462234	422.54385	165.88838	418.61383	149.18706	715.2729	219.77638	224.20244	106.61565	446.04507	160.58604	783.2	409.8	607.2	311.0	31999	56.43746	29.637651	96.58224	-27.685085	56.43748	29.63553	94.77295	-28.603525	0.065027036	2.6395903	17.99603	-14.94846	-58.124023	5.6775165	598.2025947570801
9	376.19882	194.05682	650.3691	150.33746	214.40617	104.55456	391.75916	125.891884	159.17064	56.788742	326.34488	120.236565	243.3658	96.76142	381.68237	142.47766	592.5714	307.3	223.8	355.9	35999	59.6622	29.41279	94.686455	-19.772833	59.662037	29.410852	93.66049	-29.704302	-0.22448069	2.6453972	17.387892	-14.083717	-61.227318	6.484244	673.0334284305573
10	412.13257	227.20087	629.45575	64.961555	255.23665	91.30545	472.6613	185.2665	286.16916	113.1376	490.22055	157.6223	242.12996	74.98334	418.3318	174.47243	660.3333	466.6	538.3	427.8	39999	62.880676	28.81309	94.58611	-18.35142	62.88064	28.812075	93.118095	-26.92914	-0.36995932	2.7637336	17.398567	-12.481599	-64.366295	6.0293474	753.8929545879364
11	504.4401	82.924995	615.2353	388.95914	254.48811	107.08865	473.78418	144.63228	247.9897	157.04141	697.3026	139.89667	292.05588	122.47404	479.0135	164.46046	810.5	360.7	349.3	414.5	43999	65.54752	28.402971	96.82081	-31.637053	65.54739	28.402115	96.90061	-33.0343	-0.5833257	2.7320907	20.645609	-15.293268	-66.92043	5.547724	830.2484657764435
12	501.74814	197.8635	653.6133	185.90831	417.40366	147.1294	609.02313	241.74286	338.29474	138.99274	603.29083	156.9916	297.8354	100.32424	520.9388	165.34741	777.5	635.8	507.8	414.7	47999	68.33404	28.165676	97.4699	-32.670994	68.33416	28.164877	97.66048	-41.90776	-0.74328935	2.7116487	20.071335	-13.98915	-69.64899	6.000265	913.7818722724915
13	551.3981	162.49492	645.5317	227.5104	365.07294	147.62442	606.3026	149.96194	379.10867	102.96369	602.0381	293.09827	298.63168	130.28279	605.46814	135.6744	859.0	549.3	574.3	424.0	51999	71.30551	27.87349	99.2886	-38.225147	71.30538	27.872808	99.52689	-41.495213	-0.8398226	2.7232075	22.778149	-13.639904	-72.59686	5.105517	997.5735759735107
14	636.62933	7.372957	644.51605	625.0273	467.09137	153.25246	632.17395	209.55121	505.42838	116.13197	608.80945	227.3079	461.50317	158.49393	695.69464	199.95671	1000.0	737.0	789.0	715.9	55999	74.22951	27.677635	100.41534	-24.096619	74.229546	27.67631	101.14589	-38.24424	-0.958356	2.7301562	23.648926	-14.056026	-75.49514	4.5550327	1087.3187210559845
15	645.37476	13.035983	662.8536	626.23364	238.96667	110.63289	430.33557	155.57365	240.93875	112.58905	513.8803	145.884	281.9704	169.08319	692.84937	153.37991	1000.0	349.0	356.7	413.3	59999	77.15085	27.53232	103.014496	-37.971104	77.1512	27.52865	103.00344	-46.846935	-1.0551456	2.7996564	26.385088	-15.024891	-78.39191	4.404957	1164.196560382843
16	617.2855	32.884243	639.79333	560.5595	423.9776	137.65942	693.6544	185.3617	501.6706	175.03717	699.52606	186.75456	374.6526	176.9465	693.6793	188.49263	967.75	604.0	717.6	530.2	63999	79.88187	26.97864	105.5838	-47.49115	79.88228	26.976755	107.70453	-35.598473	-1.1171011	2.8146348	23.703495	-14.595722	-81.10784	4.5300293	1253.1454594135284
17	638.14844	11.142911	653.3213	622.0102	579.91785	47.131424	699.623	515.0012	455.95517	145.27017	647.3738	237.909	492.85196	145.19933	663.38257	252.61815	1000.0	957.1	755.7	810.1	67999	82.34616	26.785358	108.65615	-64.49582	82.34616	26.782736	107.71609	-58.919144	-1.2159687	2.8523562	21.744377	-13.372545	-83.5363	4.303777	1350.658151626587
18	546.39734	83.82251	630.37	440.07462	479.6848	175.94632	629.20905	185.08812	508.09708	162.53017	673.68475	231.94905	438.91342	196.88454	689.1041	183.51994	866.0	738.2	775.3	677.6	71999	84.70336	26.476225	108.22442	-36.290295	84.7035	26.47286	110.4416	-32.711246	-1.3324908	2.822523	24.054672	-12.669529	-85.85647	4.295957	1441.7031552791595
19	627.55115	10.52007	641.9279	612.20593	198.07323	101.73011	475.30786	101.503	247.13126	162.44655	698.4513	101.22365	245.69333	129.21481	465.94827	101.16978	1000.0	274.9	356.9	354.4	75999	86.66918	26.131325	111.30589	-44.259003	86.66915	26.1286	112.284805	-45.790363	-1.4203389	2.7909737	23.1012	-14.075247	-87.7951	3.997728	1517.4337975978851
20	599.0217	54.08206	636.1989	505.5678	231.99031	43.678696	307.7176	183.7471	293.53656	162.639	628.4567	158.65117	262.12595	136.6724	627.2828	165.9175	948.75	345.6	458.3	388.1	79999	88.49778	26.014393	111.85635	-58.419525	88.49784	26.011173	112.30745	-36.861057	-1.4830712	2.8165178	25.047205	-14.064962	-89.60161	4.3886795	1594.994431257248
21	645.7087	15.446466	655.23016	618.9638	430.03085	206.3535	696.7368	204.65819	495.93222	187.50656	698.9996	162.17996	403.67163	180.38629	635.9684	187.32805	1000.0	656.2	776.9	617.8	83999	90.06134	25.881985	112.87084	-45.57233	90.06128	25.879444	114.093056	-40.664566	-1.561261	2.7806354	24.087662	-14.401039	-91.152985	4.43915	1686.8104934692383
22	628.4727	11.826041	647.9765	617.6536	337.83502	178.55502	645.44977	185.65533	303.17834	150.25554	634.2308	171.5774	320.4033	149.09142	575.7036	201.06215	1000.0	550.4	492.1	521.3	87999	91.72564	25.667141	116.18485	-87.734085	91.72534	25.66541	115.545784	-73.83121	-1.6796684	2.7640789	24.673002	-14.191856	-92.801674	4.06091	1772.0094482898712
23	625.3642	15.906624	642.0107	605.2703	560.58093	18.791464	598.7003	537.3041	564.89655	48.6503	636.99243	486.6457	529.18274	135.55847	685.1969	148.38222	1000.0	1000.0	988.6	922.4	91999	93.16175	25.763876	117.00671	-55.41958	93.16194	25.761549	116.64568	-37.007065	-1.7780446	2.7087674	26.174313	-12.953337	-94.21435	3.8482027	1874.2940454483032
24	509.42667	166.29178	631.23517	249.99146	377.77863	223.9135	678.52423	186.51051	386.4376	190.09982	679.2921	161.65706	199.49202	18.519844	223.67256	161.79839	811.8333	593.9	625.7	320.3	95999	94.59962	25.484083	115.7899	-58.176186	94.59969	25.483671	115.69694	-60.849987	-1.8513921	2.6662037	22.544144	-12.541002	-95.60936	4.01558	1957.8355379104614
25	532.6721	143.19072	621.5807	284.85184	418.58862	99.99424	584.3114	291.3241	464.35	131.76259	683.50323	226.16019	390.02866	124.74378	681.5832	256.08478	861.5	729.3	807.3	657.5	99999	95.80545	25.432367	117.940445	-58.319237	95.80539	25.43001	116.91531	-60.156246	-1.8666987	2.6171348	22.52007	-13.512349	-96.80307	4.1780634	2048.9142501354218
26	572.0065	125.82621	640.5314	320.5237	268.23508	195.0866	676.24994	153.27307	257.60846	147.89037	671.2003	135.53166	193.65828	44.85525	285.468	155.77043	901.6	373.3	370.5	250.4	103999	97.16019	25.329851	117.44493	-57.78358	97.16057	25.327805	117.91885	-46.246017	-1.9074368	2.5592117	24.407299	-12.800626	-98.14471	4.3131924	2123.1463956832886
27	606.2609	50.22502	639.99347	519.48486	245.62007	157.06825	671.72205	163.4725	453.63495	255.34433	727.27905	168.58713	273.4689	162.5946	678.21783	167.25444	954.25	366.0	652.1	411.1	107999	98.21468	25.499943	117.994514	-70.13395	98.21401	25.500177	118.64596	-65.53932	-1.930806	2.5313246	26.167343	-12.928999	-99.18881	4.1614413	2207.312884092331
28	584.1245	91.63893	656.1875	427.3201	216.0682	96.6629	501.85196	158.4332	304.31155	173.33696	641.2829	159.60023	190.6999	44.99078	314.06564	156.4217	919.75	312.8	469.5	279.7	111999	99.35901	25.246233	121.87536	-63.85912	99.35861	25.243935	121.9625	-52.63353	-1.9465019	2.5434809	22.999386	-13.620191	-100.31374	4.1574483	2284.1052453517914
29	626.1957	19.027534	656.79065	610.0279	422.6087	119.275536	603.21063	294.66437	386.4164	114.55823	540.1245	232.5869	351.92194	47.15084	450.29218	277.97958	1000.0	727.5	691.3	617.4	115999	100.47024	25.130789	132.2639	-49.502323	100.4697	25.128408	132.6991	-62.338303	-1.9600375	2.5987458	25.258419	-13.056786	-101.43861	4.667353	2371.93857049942
30	638.46313	28.568388	685.5624	609.13617	241.00159	108.20921	546.2416	174.19264	335.88934	165.40823	674.1122	158.10858	227.0521	49.292015	309.89673	179.98471	1000.0	374.0	531.0	352.0	119999	101.73642	24.267035	131.94644	-59.26852	101.73623	24.264585	133.74577	-47.24027	-2.0530736	2.5364258	24.242655	-15.751066	-102.666435	4.441639	2452.069658279419
31	456.69492	209.33186	631.84296	145.67363	259.4395	173.09459	667.065	160.31343	431.6251	219.52267	673.57513	162.00716	313.05252	208.76173	672.1848	156.22685	733.8333	377.4	695.6	458.2	123999	102.3657	24.174072	127.31544	-82.42202	102.36568	24.172104	127.00821	-67.574104	-2.0751443	2.5084634	28.230206	-12.939571	-103.27383	5.157928	2536.672746181488
32	423.3103	135.29462	640.98737	265.2976	215.54874	80.71695	436.17816	150.98367	410.81583	142.12663	529.4703	153.86858	270.82706	111.08208	406.87366	146.64433	664.8333	340.3	749.2	452.1	127999	102.86526	23.987331	135.47794	-105.58431	102.86563	23.985897	134.44348	-70.8527	-1.9811722	2.521307	29.796906	-13.017458	-103.77128	5.9716425	2621.0843291282654
33	365.23715	171.1612	627.9417	168.78946	227.87508	89.519196	495.05167	182.33182	286.98456	205.8395	722.15173	152.54346	247.29245	139.54	663.40076	169.58717	563.5714	297.3	388.7	329.7	131999	103.30613	23.472424	132.06892	-70.1707	103.30627	23.471786	133.24054	-40.535095	-1.9072407	2.4976735	30.817661	-13.2847395	-104.20902	6.7009144	2698.849039554596
34	372.9457	150.2869	666.2463	190.18056	383.36407	230.18095	659.8186	142.15942	402.4334	212.72586	699.6274	162.26662	292.35318	174.28256	609.1459	163.40709	561.3333	585.2	612.4	447.1	135999	103.54639	23.056412	130.83952	-69.44657	103.54666	23.054579	132.85455	-56.755123	-1.8358964	2.5434625	43.167152	-13.543033	-104.40797	7.2406874	2783.3949637413025
35	545.8826	174.05591	642.29205	197.91763	508.6415	197.2061	706.40216	217.76033	426.9533	224.33894	711.3806	167.23546	351.6314	100.971886	494.8483	157.73552	860.2	728.5	612.5	506.5	139999	103.53582	22.850452	127.76198	-88.64636	103.53585	22.848028	127.03419	-71.307755	-1.8686167	2.573379	36.285133	-14.8172455	-104.39175	7.3136535	2870.240276813507
36	524.2416	158.74701	611.53314	207.0739	346.37668	204.1778	705.51074	175.6532	420.61807	220.675	702.1739	181.07585	529.4073	220.80742	689.811	186.41371	854.8	491.9	617.7	775.3	143999	103.43752	22.961506	128.14333	-57.574257	103.43814	22.959251	130.293	-51.237095	-1.9422952	2.4808824	26.82609	-12.875668	-104.28635	6.820215	2957.0045926570892
37	618.1837	21.471605	641.4938	583.9386	233.51486	143.51259	628.2318	140.07077	395.92575	211.11005	727.8086	134.01094	224.44096	143.06845	626.0278	138.95387	980.25	358.2	592.7	344.9	147999	103.41235	22.8738	126.71571	-90.15954	103.41237	22.87088	126.71479	-103.249275	-2.0336409	2.4285722	32.135162	-12.542675	-104.22819	5.9677463	3040.8395235538483
38	441.24637	198.05994	627.79443	164.55688	151.90552	10.630488	164.4913	130.4505	248.37186	105.16739	414.93457	131.88577	282.53394	86.34772	374.42505	142.50179	696.6667	218.3	371.5	419.1	151999	103.43631	22.91807	127.159355	-37.103638	103.43588	22.917439	127.97333	-46.737858	-1.9984065	2.4572122	22.272072	-14.480425	-104.25865	6.7251835	3117.050264596939
39	626.7156	27.30539	673.6881	607.3948	178.29538	67.074875	307.03937	116.17806	337.25555	167.59229	621.3733	144.84886	245.44873	105.06364	401.27936	130.69142	1000.0	275.9	510.3	374.2	155999	103.47799	22.768623	127.89805	-45.46471	103.47819	22.765265	128.60664	-63.996067	-2.067673	2.384958	27.35981	-12.402365	-104.2845	6.5249677	3192.7364344596863
40	408.20483	189.38272	637.8259	145.47754	275.3706	89.7746	389.76538	144.0414	348.23892	228.74799	695.0627	148.87988	264.30157	49.79878	329.64233	177.159	640.8333	397.9	505.7	379.8	159999	103.45732	22.193205	127.35077	-39.083054	103.45708	22.196468	127.00352	-57.823933	-2.0493977	2.592632	42.815414	-12.913885	-104.2878	7.8596954	3270.918530702591
41	53.129757	146.37549	509.025	-13.862175	435.24872	116.836784	591.13324	296.97598	504.28702	105.22564	598.9628	338.75024	528.66956	91.03995	581.2196	277.58282	126.93104	732.2	857.9	897.5	163999	105.14481	20.794128	152.15306	-164.4125	105.14267	20.793715	152.44952	-159.80717	-0.70514995	3.5149493	51.316494	-13.23226	-106.317055	12.274346	3368.1498684883118
42	515.6444	63.71911	592.66956	399.279	276.38382	95.58243	365.47076	117.10279	315.54437	193.36653	628.43353	130.34207	215.97717	109.62565	374.18127	115.99374	921.6	401.8	474.7	308.8	167999	108.28319	24.22947	145.48904	-66.57138	108.2826	24.227913	143.5107	-91.310745	-0.9583845	2.5762565	28.107903	-13.758196	-109.33378	9.690099	3453.3788282871246
43	96.58694	167.57887	645.0962	11.367233	206.41508	79.25383	368.05322	149.60059	271.05725	166.29152	625.9457	143.62659	201.17795	71.13542	361.89996	145.49698	141.84	302.0	410.5	293.3	171999	108.45893	25.016026	135.05084	-65.093895	108.45779	25.013378	134.11516	-79.26426	-1.7594669	2.4385421	30.417067	-14.673597	-109.26779	8.94164	3529.6506807804108
44	291.77087	100.61308	444.97186	130.7191	411.58868	205.74562	652.79395	167.96892	454.4063	200.85175	679.6314	167.76411	422.92926	136.89601	641.5557	172.50719	446.0	675.7	708.0	651.0	175999	106.82805	25.570627	128.57654	-72.16542	106.82742	25.56968	128.83669	-41.685154	-1.9193614	2.3985493	30.749489	-13.756753	-107.58503	9.048299	3618.6430435180664
45	366.16592	147.42613	658.8722	205.43224	463.82153	196.3564	707.8835	166.84274	376.8169	196.69118	696.18646	162.92911	452.841	183.08461	701.56287	170.77545	563.2857	692.7	563.5	684.4	179999	105.81904	25.489561	129.42819	-95.083725	105.81925	25.48353	128.61174	-79.36464	-1.9280729	2.4304905	26.906322	-14.370384	-106.58703	10.073015	3709.0937700271606
46	481.1101	154.29605	648.02045	280.82028	528.5382	214.4429	705.427	236.63937	608.98975	127.69028	735.0603	298.01303	424.56122	116.712265	648.7794	267.32776	746.8	764.3	877.3	640.9	183999	104.99438	25.308315	128.24828	-124.77857	104.99326	25.30464	128.46404	-57.71095	-1.91784	2.438256	23.271587	-15.723252	-105.740295	9.17092	3804.4987778663635
47	587.83826	88.62629	647.0334	412.517	373.9549	161.87292	679.2279	211.1272	423.65195	209.34921	684.73505	179.83469	427.84586	199.48625	681.002	199.20917	941.4	567.8	646.1	637.2	187999	104.58064	24.493279	129.7683	-103.57899	104.58036	24.490864	129.41576	-64.98709	-1.9178716	2.4685695	30.352022	-13.40493	-105.33637	9.279686	3893.194116830826
48	420.78085	147.84085	616.935	236.17836	431.66504	205.0652	675.6628	148.66249	486.0515	148.46101	673.25385	145.2412	413.49545	152.68982	656.1731	153.24734	662.0	667.5	742.3	621.3	191999	104.39966	23.76377	129.28401	-80.173676	104.40021	23.759134	129.12238	-84.19068	-1.9507731	2.498767	33.000965	-12.350455	-105.17278	9.594936	3982.881279230118
49	198.4733	212.26927	616.15485	15.365392	429.79623	90.17493	462.4648	159.33365	457.67343	4.559057	463.32382	447.77026	426.23535	98.987755	463.99872	129.43985	316.73334	930.0	1000.0	923.8	195999	104.50506	22.227001	145.01068	-125.0691	104.50516	22.221724	145.56306	-149.55989	-1.8970436	2.601068	30.998499	-15.088808	-105.25008	11.222436	4083.5104715824127
50	58.83332	134.01204	615.26416	5.400815	275.17227	112.252655	471.5996	147.23907	273.6471	179.96071	722.14215	143.31123	207.90279	38.637684	269.09753	161.21196	100.64103	379.2	377.9	285.9	199999	103.12377	24.20369	135.17323	-92.210304	103.12211	24.202496	136.97234	-110.37291	-1.9173683	2.4757628	33.01607	-12.090086	-103.81459	10.342088	4158.450970411301
51	424.1062	169.04774	654.4834	258.21454	197.90315	42.22617	288.51105	161.39998	266.99802	155.17015	714.46246	153.82806	201.54105	35.838966	294.83316	172.20216	662.6667	273.9	368.5	278.0	203999	102.26107	25.377192	127.84449	-145.73997	102.25907	25.37731	127.498825	-90.582695	-1.9375169	2.3798563	27.125551	-13.44573	-102.95308	9.90417	4232.722795963287
52	431.1513	153.19896	578.81177	214.89694	445.63412	216.26666	775.5588	273.49664	611.395	223.85393	777.2312	242.91241	397.766	172.14659	763.4155	211.0254	699.6	593.1	814.2	544.6	207999	102.05156	25.20213	127.73761	-98.13732	102.04875	25.202099	126.71526	-106.17499	-1.9801906	2.3594742	23.802711	-12.339354	-102.756454	9.365654	4323.402491092682
53	584.1255	77.70636	643.1366	450.72305	212.6379	40.45977	258.72742	148.63312	288.41525	143.27028	699.6906	152.48909	253.37564	29.100601	299.48407	186.94809	927.75	310.2	416.9	359.0	211999	101.84906	24.973871	127.75569	-92.445755	101.84875	24.975266	127.39406	-78.82959	-1.9618194	2.3780742	33.779278	-13.1772785	-102.54923	9.84416	4404.5182185173035
54	596.59985	62.278557	631.017	472.17096	169.6643	64.33802	272.83606	107.20589	171.78128	61.62731	298.46286	105.19274	165.68338	65.27136	270.6013	109.17363	951.8	244.0	248.6	234.6	215999	102.01902	24.731041	128.63138	-81.99574	102.01817	24.73271	129.93474	-124.181564	-1.9462503	2.39017	27.55186	-13.866843	-102.724205	9.348291	4477.704702138901
55	436.9217	218.49362	617.61707	142.97176	218.52039	66.49988	326.55365	107.20598	239.13667	168.80412	677.70087	103.707855	259.12268	87.67424	378.8967	124.500305	704.6	330.7	352.8	396.9	219999	102.34246	24.465004	161.70331	-50.46918	102.3409	24.466074	159.82892	-59.58578	-1.9747694	2.4529557	30.654009	-14.151948	-103.08513	8.579177	4555.233770370483
56	132.34883	145.87178	560.73553	21.820414	281.07867	180.73813	585.65735	27.213371	519.7446	83.47274	721.27124	447.75146	414.29916	163.96121	581.387	95.62393	216.58824	547.3	1000.0	803.9	223999	104.19611	24.20863	176.67427	-72.18344	104.19471	24.207762	176.34836	-57.578026	-1.5873314	2.658928	34.551567	-14.336063	-105.04568	10.72609	4653.312354326248
57	591.042	37.785156	623.9874	526.9378	475.8401	192.03693	697.9211	157.60303	454.27423	203.38316	696.5238	159.83574	373.23712	122.21516	516.6613	155.7242	1000.0	672.1	645.9	520.5	227999	105.23364	25.153053	155.0282	-79.44099	105.23321	25.149446	152.72142	-71.931404	-1.7118757	2.5653088	29.755348	-12.870124	-106.008446	10.492595	4744.038036346436
58	673.92804	5.55028	681.2626	667.1486	272.37286	99.146996	417.05353	112.910515	395.8078	215.98561	715.46155	136.55357	326.146	99.60562	487.41733	170.18509	1000.0	397.7	558.1	465.3	231999	105.36272	25.091028	148.15517	-59.21014	105.36011	25.09169	150.05217	-61.659164	-1.8867881	2.5469077	29.688192	-12.605093	-106.10256	10.548522	4825.690766096115
59	609.3984	76.75819	675.3608	462.08063	369.6402	177.32545	703.26666	97.6174	360.51636	248.44449	707.088	104.02889	340.36618	98.71906	501.44626	232.93942	944.4	527.4	514.4	487.1	235999	105.36034	24.910378	146.48866	-61.591698	105.35631	24.909182	148.42114	-82.96342	-1.971034	2.4902205	35.87798	-12.925737	-106.080986	10.227643	4908.705169916153
60	625.1778	13.0639305	639.60535	604.14453	418.01993	163.92902	613.7328	156.33528	449.52863	168.8353	613.64935	152.92839	562.142	97.58742	620.4612	357.53195	1000.0	633.0	711.2	894.8	239999	105.259	24.690363	150.87955	-80.35031	105.25738	24.690971	152.31232	-73.31465	-1.9883109	2.4994724	27.474527	-11.816203	-105.98005	9.475828	4999.960551977158
61	617.23914	29.530874	668.2218	596.95435	190.0072	71.4313	310.78137	105.68442	233.48483	216.2178	696.2369	91.902115	240.71916	66.60364	349.07422	135.35428	1000.0	278.5	342.9	341.7	243999	104.92802	24.49762	149.71613	-68.26762	104.92545	24.499126	151.6804	-73.65537	-2.0141885	2.4392695	29.655506	-13.217273	-105.62713	8.946723	5076.087807178497
62	631.32227	16.15377	651.18805	612.2994	455.43823	211.96773	698.3628	174.83768	525.07935	216.33466	705.36676	145.91302	329.70428	131.90457	623.9368	190.2436	1000.0	655.7	755.2	471.9	247999	104.86362	24.026796	141.4402	-103.76936	104.86254	24.02655	142.36487	-95.86615	-2.0209136	2.4215918	22.94514	-12.86525	-105.56235	9.210153	5167.54331278801
63	617.82886	23.306526	654.3196	589.47644	338.41495	253.6429	697.6065	100.417336	326.63602	258.69513	698.1851	77.90446	315.0386	218.7441	621.9139	91.14979	1000.0	488.2	475.5	464.6	251999	104.91137	23.796057	137.33496	-94.02171	104.91022	23.79556	136.46469	-103.269745	-2.0305393	2.4017406	27.173862	-14.004527	-105.608406	8.369494	5249.9243133068085
64	620.1416	14.06909	641.1224	605.1982	179.145	56.259396	272.30762	108.65739	310.981	202.48825	618.39923	125.53262	170.49751	52.205055	288.5424	125.22869	1000.0	263.9	483.2	248.8	255999	105.05536	23.699608	135.96896	-76.36374	105.05401	23.703867	136.43417	-76.47838	-2.0573063	2.4151804	37.621002	-12.430923	-105.757706	8.947744	5324.760854721069
65	617.4519	6.85335	629.30786	612.9975	574.12024	91.66071	628.005	359.03183	406.73218	154.73021	628.46533	203.3779	401.6725	151.34999	615.7998	222.33742	1000.0	915.6	628.0	626.3	259999	105.29197	23.594273	137.06305	-85.90345	105.29104	23.598019	134.6555	-112.63756	-2.0854867	2.4211555	39.516846	-11.913845	-106.00336	7.95979	5417.379523038864
66	627.2427	12.703355	641.80237	609.56165	282.06537	67.85224	384.62772	182.69669	305.5779	140.45157	636.55945	187.25664	228.3179	39.74454	306.3701	174.77034	1000.0	417.2	452.4	332.5	263999	105.64054	23.166895	138.02936	-89.286255	105.64017	23.170868	137.62648	-90.80011	-2.138006	2.4097207	36.246304	-16.448776	-106.32429	9.337734	5501.6055064201355
67	630.50604	12.658608	647.56226	613.5869	209.11624	67.87098	310.2571	131.41057	212.45193	148.6391	635.12006	122.53514	171.77606	46.93261	272.25558	138.13246	1000.0	310.3	312.7	238.8	267999	105.76823	23.103504	134.90865	-114.19017	105.7665	23.103106	136.56187	-106.40687	-2.1336756	2.3970206	32.823875	-12.53018	-106.44366	8.804969	5575.566925048828
68	610.974	7.4374905	623.1615	603.015	439.30527	215.51637	654.3825	131.13275	491.9812	171.94864	672.83203	137.76591	380.91043	175.03682	632.0202	140.9866	1000.0	683.7	768.7	601.2	271999	106.19012	22.862331	137.8147	-94.898155	106.18857	22.863024	137.00089	-89.56629	-2.1878607	2.3557415	25.80423	-13.967678	-106.86717	7.9146757	5664.895782709122
69	619.2617	7.5025754	628.3543	611.2974	263.47128	127.94763	400.48853	94.197525	378.3858	192.19527	615.25525	106.178085	170.08922	108.57957	390.5918	104.02635	1000.0	376.6	584.0	238.1	275999	106.38612	22.897892	153.64699	-97.083	106.38499	22.896893	151.78903	-75.89511	-2.1703556	2.4243035	38.03392	-12.531805	-107.07825	8.691673	5744.869631290436
70	602.44885	13.066227	619.77374	583.54767	472.49008	131.3204	608.2293	204.68735	331.50113	114.31363	592.72656	174.78271	292.29712	59.247555	368.65988	210.40144	1000.0	754.9	505.4	435.6	279999	106.89947	22.609196	159.92676	-81.99934	106.89932	22.60741	160.30084	-81.619484	-2.1733742	2.431994	32.850533	-12.07382	-107.59764	9.747042	5834.308063030243
71	497.8449	166.31146	639.9352	204.5935	459.70306	1.5293003	461.9965	456.94748	473.39557	38.17351	587.7636	458.1896	506.2937	47.001637	565.678	457.72235	840.0	1000.0	1000.0	1000.0	283999	107.129	22.464811	158.36264	-106.48305	107.12953	22.464134	161.25179	-94.498825	-2.1333623	2.435728	45.247356	-12.352434	-107.84832	9.022552	5940.759190797806
72	356.51233	200.07422	614.4204	106.30783	458.73087	198.10144	708.91205	131.55078	484.10236	215.53264	706.9031	142.77724	347.18246	58.92607	432.15482	252.40944	647.4	675.8	728.7	535.1	287999	106.98062	22.812582	156.75244	-118.121796	106.98041	22.81596	149.07028	-125.11358	-2.1437614	2.4546793	42.62243	-13.047646	-107.687744	8.7257185	6030.946227312088
73	614.6446	24.329191	654.64343	588.8172	342.6874	254.0972	667.96936	118.90756	307.2002	224.02371	668.2676	106.205376	369.00034	237.57292	681.0091	140.18854	1000.0	513.2	464.1	547.9	291999	106.84087	22.953747	133.77286	-110.6833	106.84167	22.953987	134.76518	-106.74541	-2.1682456	2.351929	38.239815	-13.076836	-107.50828	7.6627507	6116.42883181572
74	614.131	14.7385435	633.80225	593.40784	210.36653	126.12117	446.11377	101.41144	355.7775	246.15536	711.64325	100.422165	188.93257	102.32965	419.50574	102.07495	1000.0	319.6	526.8	280.9	295999	106.95342	23.08782	131.93208	-116.66074	106.95361	23.08688	130.46153	-122.18851	-2.2384102	2.3297663	47.684895	-13.206242	-107.61433	7.569638	6192.913694858551
75	607.8791	6.8239946	618.56055	600.60126	438.40112	213.47902	684.5232	147.38277	490.60678	175.81015	665.3658	185.58496	471.3934	178.1914	677.46124	206.53302	1000.0	674.8	776.8	721.0	299999	107.27203	22.688915	132.03085	-135.84462	107.26925	22.68737	131.92929	-116.134415	-2.2182443	2.3170812	35.350483	-13.869031	-107.94309	7.3876143	6286.990301132202
76	609.2708	22.700813	645.5682	588.75616	499.8077	200.76096	715.55646	138.69078	571.0294	171.61504	720.4715	156.86714	430.7024	251.51955	712.51135	145.35233	1000.0	758.7	865.5	615.9	303999	107.47722	22.750246	132.61267	-120.47406	107.47793	22.749306	133.26854	-114.64859	-2.2173488	2.3286629	48.13468	-14.290009	-108.147125	8.718187	6383.573268651962
77	615.3695	10.689087	628.2219	603.4973	516.64905	174.46684	626.3475	185.3492	533.0477	150.7842	640.3656	213.28136	341.74432	36.357567	443.74	312.0399	1000.0	818.0	849.4	528.1	307999	107.64191	22.617777	133.06673	-78.56965	107.64053	22.609737	132.5829	-86.234085	-2.2601225	2.2822442	37.06552	-11.798207	-108.301926	7.38691	6479.577720403671
78	620.09546	22.278975	645.2298	591.89923	539.5264	119.88629	619.35944	336.5746	563.7728	121.13114	666.1766	307.23203	385.31436	82.61186	474.59766	170.00803	1000.0	847.9	898.2	597.7	311999	107.7889	22.439741	132.37314	-87.70112	107.78726	22.439482	131.22852	-90.49466	-2.2096746	2.2843323	47.06774	-14.578544	-108.46356	7.817793	6581.094639778137
79	612.77405	16.170227	640.0824	600.62317	593.9746	88.098564	644.0035	330.56467	616.2595	63.133053	681.6997	440.1859	533.9298	82.9736	618.1436	424.16757	1000.0	949.2	965.4	841.8	315999	107.97009	22.329172	131.00098	-98.757095	107.96984	22.322258	130.9521	-88.311714	-2.2458267	2.2885463	29.10977	-13.189414	-108.65462	7.9596086	6682.939345359802
80	615.8281	9.204458	626.8274	602.5433	400.24554	175.79744	624.8974	168.65207	429.16193	196.4567	629.4301	148.58556	400.5212	179.15201	692.7455	149.13399	1000.0	606.5	653.3	611.0	319999	108.22434	22.088335	132.92662	-97.08786	108.22419	22.081667	131.15608	-85.135666	-2.2399545	2.258097	40.02919	-12.991205	-108.90677	7.512793	6772.140499830246
81	619.8989	18.760036	645.7493	595.75653	458.74103	116.22818	624.41675	288.04013	359.36026	189.21815	626.37634	138.01863	314.02295	96.09406	448.18933	148.5399	1000.0	725.6	551.5	470.0	323999	108.36554	21.84675	135.35251	-87.147194	108.36642	21.844173	134.06386	-84.8035	-2.2484415	2.2563045	34.259686	-12.305552	-109.03993	7.159799	6858.525159358978
82	628.4967	16.254314	652.0828	609.4188	452.83945	156.87549	620.0443	165.01315	501.07745	223.46223	719.49963	135.75002	485.37372	141.37697	622.804	210.23605	1000.0	666.7	767.2	755.6	327999	108.66173	21.59057	149.98257	-90.707634	108.66174	21.587955	151.24524	-113.18186	-2.1890771	2.340112	33.605152	-13.532116	-109.33708	7.9047694	6950.402215719223
83	616.85504	16.50478	642.7952	601.8038	217.65381	113.12492	457.54147	133.00345	289.29803	142.84218	528.3747	137.1672	215.62224	101.80125	429.61432	136.60477	1000.0	322.3	426.8	320.2	331999	109.02272	21.490562	158.25194	-80.55675	109.02249	21.493233	159.51605	-87.3669	-2.1880429	2.3322809	33.93374	-15.6822195	-109.70739	6.9632154	7027.316734313965
84	607.09357	7.7032027	617.6282	599.21796	465.95197	225.07924	671.9881	149.54675	631.0572	73.7243	690.6065	419.506	575.1431	77.30471	669.36993	451.42978	1000.0	714.3	966.4	892.9	335999	109.18834	21.079273	162.28581	-74.284225	109.1884	21.073156	161.5946	-74.390785	-2.29079	2.3079844	38.18543	-13.149968	-109.853905	7.507746	7128.499767303467
85	625.1098	12.362215	636.7256	607.18286	556.0374	66.81038	703.7561	483.8768	588.3567	57.30586	661.4606	498.026	598.9207	41.491913	679.48047	557.43256	1000.0	1000.0	1000.0	989.4	339999	109.16536	21.206045	163.25769	-92.16118	109.16697	21.195597	163.00182	-72.84608	-2.2283921	2.3942673	28.618504	-13.473	-109.86979	8.002811	7233.480652093887
86	630.13513	20.907722	659.5266	604.2119	217.74112	143.84332	619.6935	133.77888	358.53748	229.25275	653.2418	132.9643	286.10794	171.36075	601.22046	141.18097	1000.0	313.1	545.0	422.2	343999	108.87881	21.284628	153.4792	-144.67383	108.88022	21.274584	154.85179	-125.2843	-2.2255294	2.316748	37.566048	-12.404872	-109.5533	7.7035055	7315.049478292465
87	612.17285	15.900844	633.0631	588.46216	405.8896	243.99907	676.2109	145.43492	343.86554	225.13722	659.87555	148.59511	420.0664	186.9873	610.50244	141.97577	1000.0	619.0	522.4	673.8	347999	108.97758	20.9325	146.85042	-122.83477	108.97628	20.922857	147.36412	-112.1038	-2.2718396	2.3165164	38.790028	-12.554209	-109.65428	7.054732	7400.4475700855255
88	617.078	13.223325	629.92883	596.37415	352.46884	262.10464	674.2988	112.44457	461.3482	205.32454	680.8087	134.76656	186.97128	71.39624	344.7678	134.98009	1000.0	518.3	700.6	272.1	351999	109.06769	20.683252	140.27338	-96.127754	109.06737	20.674168	140.8437	-96.09659	-2.2920496	2.266779	40.831192	-12.553631	-109.74318	5.9258122	7482.173891544342
89	619.95825	12.597962	631.7174	599.4914	188.92386	84.164	368.4451	128.6417	334.8671	247.67908	775.40894	123.3896	187.64276	73.15294	348.14035	130.46225	1000.0	265.5	456.8	259.8	355999	109.12419	20.659863	133.71713	-95.224846	109.12516	20.653536	133.04138	-112.38195	-2.314762	2.235026	35.43707	-17.923866	-109.79264	6.3091564	7559.497308254242
90	621.53864	18.6884	648.05505	595.2643	293.89972	188.18945	666.39233	160.96486	372.99683	243.71873	679.9457	148.25052	316.62836	215.95639	670.6206	151.89096	1000.0	434.8	549.1	467.9	359999	109.34757	20.535515	130.83614	-84.03585	109.35047	20.528519	132.10524	-79.58027	-2.305116	2.2417076	32.045193	-12.195844	-110.01844	6.5969	7643.916581392288
91	631.8591	21.080982	664.9238	610.5287	319.9028	212.34941	678.1855	143.42044	331.36432	186.54115	681.6261	160.75597	530.72784	166.62904	695.47595	184.78271	1000.0	462.4	493.9	780.4	363999	109.45731	20.476475	132.16096	-70.80297	109.45822	20.470943	133.71191	-63.250378	-2.3485658	2.2188058	38.93774	-13.418472	-110.13499	6.146551	7730.696681499481
92	616.7925	15.744003	634.8668	599.279	451.3693	171.57332	659.29596	199.61624	319.9972	129.66914	633.9683	165.96031	355.8508	101.0118	530.9486	252.02155	1000.0	701.4	481.2	528.6	367999	109.55014	20.365093	131.92609	-79.41365	109.55142	20.359259	131.25566	-67.26491	-2.3742883	2.1751149	34.755077	-12.845881	-110.21899	6.962871	7816.262454032898
93	619.8852	12.872059	641.456	607.773	336.27032	158.05698	695.8645	134.3278	297.94806	176.13084	627.7973	154.33311	345.86755	121.165474	538.59906	150.45616	1000.0	511.7	452.3	529.5	371999	109.64882	20.213696	129.72195	-96.12825	109.64924	20.2053	129.37831	-70.54113	-2.3832963	2.2190387	27.225615	-12.381627	-110.30269	6.594379	7899.309165716171
94	608.4945	13.525794	629.25085	593.7433	574.05927	208.2586	699.7991	147.56442	605.18994	151.30687	697.6228	157.8932	546.297	196.41682	682.5974	152.49733	1000.0	849.6	923.7	826.2	375999	109.74814	20.102188	130.90977	-74.781944	109.74674	20.104088	130.57578	-86.785706	-2.4148343	2.151825	25.293104	-14.973937	-110.41981	5.709908	7997.311987400055
95	623.04517	12.773414	637.09705	606.63806	327.20135	189.91534	613.4374	141.75455	284.4704	161.26851	600.90826	155.60255	348.76822	192.46544	611.19574	150.08762	1000.0	525.7	450.3	556.3	379999	109.90369	19.934555	129.96907	-122.81006	109.90289	19.929203	129.21136	-76.04222	-2.4191198	2.1645367	23.986544	-12.648105	-110.56501	6.5193124	8082.118407726288
96	624.25745	15.922901	643.91876	599.55634	552.82837	175.73843	705.34717	157.30957	495.3121	228.6493	706.56055	149.43457	530.37823	243.9524	699.18994	139.0423	1000.0	817.6	731.8	765.5	383999	110.0916	19.770323	129.4104	-69.42712	110.09169	19.765175	129.00226	-97.49644	-2.4304776	2.1483755	25.970367	-13.409726	-110.75995	6.5979314	8176.245687484741
97	625.9729	18.222176	648.55206	598.5251	200.25363	101.08824	442.4307	129.34251	288.28424	176.70534	636.7202	127.069084	211.67236	164.41727	702.3704	136.41937	1000.0	273.1	398.3	288.0	387999	110.14412	19.771273	129.7212	-71.36313	110.14344	19.769054	129.07912	-79.91932	-2.4457724	2.1264422	28.955147	-13.270794	-110.79872	5.913793	8250.888454675674
98	625.60767	17.53052	655.156	611.96436	216.6292	89.29083	359.45206	144.60495	245.19467	146.82983	655.8809	153.05771	195.31831	66.00049	331.14932	145.39569	1000.0	322.7	355.7	281.2	391999	110.2559	19.685608	134.79045	-67.35688	110.25748	19.682722	131.38206	-86.11562	-2.413665	2.1329339	33.422493	-12.360563	-110.915886	5.638252	8323.946323633194
99	624.9018	20.331676	658.0809	603.5906	188.85623	64.49882	297.40887	134.74469	355.1162	188.07646	620.06934	146.55045	216.31902	78.233894	353.96918	142.54283	1000.0	283.1	563.6	320.0	395999	110.37161	19.73703	130.87837	-59.757755	110.37395	19.732594	130.96268	-75.21246	-2.4385846	2.1275423	23.798477	-12.9843025	-111.02372	6.1593103	8406.409521818161
100	634.30255	13.004931	644.6012	612.16785	311.56708	198.75903	614.0008	154.09265	401.60403	207.83728	619.1285	152.32558	292.27438	164.21423	606.19855	154.16248	1000.0	494.6	646.2	461.4	399999	110.47474	19.642694	130.25159	-77.70673	110.47542	19.642048	129.04297	-90.47043	-2.3921344	2.158979	32.661922	-14.6128645	-111.1234	5.742411	8488.546425819397
101	624.4566	11.480525	636.836	606.2527	262.51385	153.00084	602.05115	136.07307	316.88672	200.50006	614.94	141.64948	346.22305	157.44221	600.3482	143.98573	1000.0	403.9	496.6	548.7	403999	110.62748	19.521322	130.15663	-69.772675	110.6258	19.516088	129.6626	-78.8165	-2.3978424	2.1633363	23.081701	-13.061821	-111.292076	5.6639	8566.935299873352
102	611.33954	13.1693125	628.7117	591.6124	295.50592	153.2604	685.9518	138.03963	416.34576	200.23766	621.97473	121.47076	314.51874	110.5807	472.8998	141.8431	1000.0	429.5	664.7	479.3	407999	110.85167	19.388456	131.14317	-90.52591	110.85237	19.392933	130.6829	-121.55369	-2.4622798	2.1456769	32.275276	-12.699318	-111.528595	5.858256	8650.499321460724
103	616.05457	6.410873	622.3338	606.614	455.88818	172.65396	623.3287	162.436	392.7827	197.94708	626.31635	143.23618	450.65176	92.74435	536.7445	274.63675	1000.0	719.8	614.7	711.9	411999	110.87609	19.381784	131.5689	-81.61069	110.87638	19.378061	133.61877	-93.27056	-2.4587033	2.1369264	31.445951	-16.394001	-111.54272	5.630334	8741.318343877792
104	627.8294	6.295039	635.1996	618.32916	208.4071	74.81773	383.73914	143.92656	264.6697	178.17395	623.33	124.15213	382.78775	184.81586	615.9521	160.72998	1000.0	304.4	409.4	597.2	415999	110.86733	19.270214	132.00224	-103.21097	110.86775	19.269112	131.33385	-84.91002	-2.4467876	2.1154072	28.481213	-12.412417	-111.50898	5.949411	8820.470018148422
105	621.2194	10.532905	638.5566	610.2825	204.86942	70.438545	319.5302	143.02776	231.50443	169.27248	691.5897	125.93966	185.93387	55.532593	311.97287	146.47354	1000.0	304.0	343.9	271.5	419999	110.90704	19.08351	139.65367	-78.29441	110.90655	19.084528	136.21458	-88.70049	-2.415843	2.1461267	30.588413	-14.122459	-111.57441	5.5619035	8894.279868841171
106	625.0631	16.38527	646.4197	604.97345	243.2767	73.43588	333.8492	149.76729	366.00415	200.7385	685.26556	155.92226	218.80745	91.55003	459.29303	155.09958	1000.0	361.6	547.8	317.4	423999	111.11413	18.844051	142.39006	-90.12747	111.11342	18.846468	138.37703	-102.21368	-2.4343498	2.146168	39.85827	-12.789413	-111.782745	5.458436	8973.656372308731
107	618.1026	6.3951445	629.1468	614.0195	333.1983	203.96683	684.96155	138.32382	395.08624	213.7441	685.04755	144.90053	463.90753	225.9512	676.7658	156.13013	1000.0	496.6	584.0	689.7	427999	111.36035	18.477	133.30092	-73.39567	111.36124	18.47279	132.3822	-79.27203	-2.4570692	2.115704	45.402496	-13.106499	-112.02153	5.411161	9060.859628915787
108	622.62244	16.229902	646.0263	603.0391	267.89496	104.326775	466.55246	178.28012	383.8045	185.22577	680.62494	164.37009	343.3324	143.94391	679.12244	169.98286	1000.0	380.8	571.0	490.9	431999	111.49121	18.351934	130.31165	-83.00128	111.49044	18.352736	128.75308	-91.46521	-2.497206	2.098284	35.04765	-12.627878	-112.14854	5.976951	9145.236041545868
109	610.0406	3.9098117	614.8829	605.56726	463.35175	98.62996	694.29193	306.04593	486.08536	169.56998	698.84467	155.00955	484.29364	138.2705	616.9122	164.68642	1000.0	667.4	723.5	695.3	435999	111.57068	18.468395	130.75473	-82.19684	111.57139	18.464985	131.53375	-76.809784	-2.4889867	2.086363	26.92833	-13.16582	-112.228874	5.3884864	9232.783734560013
110	624.2566	13.521724	637.3502	603.4167	206.05444	85.44398	361.95032	139.79068	171.36093	64.059135	359.64896	128.05405	240.66267	119.2741	446.2884	143.36179	1000.0	288.0	236.1	331.2	439999	111.499	18.66068	131.43709	-74.05349	111.50119	18.65567	131.30284	-85.59964	-2.5055108	2.0571928	43.65014	-14.491646	-112.15148	5.994367	9307.285060405731
111	620.7196	12.459818	639.6183	607.6846	307.88284	180.84482	617.1718	148.03662	250.4545	170.16661	694.32324	143.50253	237.07178	104.65644	409.29553	153.90714	1000.0	473.3	358.9	346.1	443999	111.68195	18.456923	134.01784	-95.944466	111.68397	18.450754	134.54395	-125.622055	-2.515765	2.0523498	32.991783	-13.009651	-112.33004	5.438251	9386.97240447998
112	614.9287	16.731009	638.3081	594.69116	336.68378	131.93948	520.1315	138.8085	353.22458	206.6698	699.092	137.33357	358.77536	233.10822	693.21533	139.99014	1000.0	503.1	524.4	520.2	447999	111.71719	18.484144	133.76422	-104.73422	111.72	18.481253	135.15717	-101.51276	-2.5362542	2.0849535	31.934875	-14.331143	-112.36139	5.2889495	9469.143089294434
113	616.75635	6.2451982	624.0898	607.7323	462.59808	198.83052	672.1032	153.87093	442.54413	237.97675	680.3281	168.71301	447.01962	237.06099	669.0417	148.85905	1000.0	737.4	651.9	690.1	451999	111.95405	18.041986	131.34344	-103.00891	111.95339	18.035534	131.08125	-113.9411	-2.5228193	2.0984616	35.245174	-13.644236	-112.609955	5.4774737	9558.083163499832
114	622.814	14.081687	638.83545	604.65137	651.6251	154.71284	775.1497	208.29657	690.1708	49.29553	761.70184	570.89453	679.3078	36.744717	716.3412	612.19604	1000.0	922.3	982.6	978.4	455999	111.9766	18.010109	130.63976	-127.28379	111.97684	18.007475	129.37407	-136.78194	-2.5252748	2.088761	33.3397	-13.38602	-112.61884	5.069794	9656.807605028152
115	616.02405	12.664786	635.7118	603.54767	243.81038	256.5478	646.9472	65.07582	231.94075	221.37944	637.5521	69.50652	187.71754	218.09215	626.0179	58.458347	1000.0	373.1	353.3	288.5	459999	112.02707	17.942026	129.9561	-102.34216	112.028	17.941803	129.70093	-106.5831	-2.4976966	2.1063757	31.455406	-15.415984	-112.68665	5.308578	9731.408398389816
116	626.5066	2.7670746	631.2496	624.5389	168.57796	148.05019	611.4767	108.1923	318.17255	242.9536	630.4113	106.42518	359.06912	249.31575	627.27606	104.757286	1000.0	249.2	501.0	567.8	463999	112.06478	17.943432	131.93546	-100.99753	112.06741	17.932732	131.61131	-101.810974	-2.5061128	2.0758383	36.49342	-13.64778	-112.72258	5.9458146	9810.832485437393
117	615.66064	6.2801013	620.7499	605.0656	682.6954	27.715498	707.07196	610.36694	619.31537	150.13922	714.4716	179.61728	570.88885	92.96459	683.9547	351.4407	1000.0	1000.0	923.3	867.3	467999	112.19372	17.400259	135.60728	-81.41878	112.19559	17.383623	130.4709	-87.21578	-2.467124	2.182466	45.53858	-13.955269	-112.83774	6.8416777	9908.775741100311
118	21.504425	144.74913	637.1965	-17.121248	-12.04116	1.1013483	-10.505394	-13.637414	-11.347538	0.7410733	-10.224292	-12.735061	-12.149055	1.5218755	-9.192944	-13.779711	65.60274	10.9	11.1	12.3	471999	112.94402	15.710959	242.65506	-196.77649	112.94432	15.695617	252.56065	-117.0288	-1.2342851	4.5966525	79.17711	-14.59864	-114.60635	15.577219	9968.813952922821
119	17.346062	102.18979	660.045	-10.224353	546.79486	200.8961	691.5372	124.03701	619.273	165.3492	690.5956	131.00137	559.3318	151.34988	634.9419	131.44975	44.44304	804.3	905.0	890.0	475999	155.66714	28.21142	228.08893	-240.88292	155.67244	28.207842	229.73598	-79.8367	1.5234069	3.7129328	58.175247	-13.305892	-158.95537	25.267204	10064.283220291138
120	627.76575	27.2206	673.18365	601.6892	454.08112	150.53859	598.6129	183.81369	508.64243	119.22272	648.87177	222.15671	585.9977	67.99788	666.46906	423.99884	1000.0	863.9	937.4	1000.0	479999	155.08192	26.760624	225.39378	-98.3349	155.08041	26.781311	227.55882	-86.34865	-1.3725497	2.6590462	32.345535	-14.022545	-155.8936	13.047149	10163.325956821442
121	345.96613	198.3501	608.1358	85.56253	199.91881	136.47827	509.73032	89.23724	164.96881	116.26374	454.6016	83.769775	148.2424	89.80266	383.22562	85.46617	703.2	343.6	283.3	261.8	483999	148.17807	25.65518	239.60162	-84.54533	148.1764	25.670673	238.28137	-86.315056	-1.2307882	2.9381845	27.904577	-14.512109	-149.2268	11.470677	10237.894411087036
122	408.39725	168.73885	562.4227	132.72385	221.19832	102.0611	391.68307	130.22182	231.078	122.201836	506.72015	132.38107	226.10017	97.93668	408.89294	143.07971	764.3333	364.7	392.4	372.3	487999	157.82399	30.885899	253.87912	-106.07196	157.82468	30.884441	250.8498	-90.78664	2.0042288	3.210248	37.419212	-15.83151	-160.48816	17.328259	10313.415892601013
123	496.99347	95.104836	631.3899	398.62756	517.82623	206.8803	685.29865	133.18779	451.59552	200.3983	686.2895	186.37918	365.53265	111.82443	481.25937	135.5003	911.75	759.5	664.0	567.0	491999	174.80844	35.361683	248.42207	-37.201946	174.80621	35.36227	246.84123	-48.154015	0.026253086	2.8035767	29.53853	-12.439675	-176.27126	16.630825	10401.242339134216
124	526.32306	119.86315	632.9926	337.4672	607.09515	64.00966	676.2463	512.6851	619.74805	65.36245	676.95013	515.903	598.0597	59.711624	670.5026	521.69745	849.0	1000.0	1000.0	1000.0	495999	167.27013	32.176903	253.74377	-35.22069	167.26932	32.18064	250.63193	-40.82951	-1.141575	2.6530151	30.880407	-13.897076	-168.23122	15.795371	10507.102499008179
125	616.13007	18.14637	643.0978	596.53094	514.6646	103.658554	623.26544	270.5285	562.06946	177.79752	747.5556	221.8539	552.9726	106.85319	611.11127	275.2321	1000.0	804.7	854.6	884.8	499999	157.48146	29.411087	241.64731	-51.103462	157.48213	29.41232	236.90802	-58.52055	-1.6953683	2.5003586	25.497355	-12.899571	-158.29346	13.1995735	10601.891315460205
126	596.7786	33.53223	626.71356	540.08466	361.95923	208.28137	762.9154	182.16693	318.15195	184.8757	777.1545	189.14056	344.39117	124.86354	672.7134	259.5388	1000.0	470.3	416.4	482.1	503999	148.04443	27.02132	214.32635	-51.490658	148.044	27.020641	215.7206	-73.471565	-2.1003861	2.3549135	35.098522	-13.029167	-148.75116	11.92142	10682.383174419403
127	640.4719	23.505686	667.2243	606.3989	622.4464	141.41971	719.7732	372.22525	615.4118	115.3779	733.9174	402.3361	438.6386	83.128334	613.63684	337.7048	1000.0	871.4	867.9	644.0	507999	140.2167	25.32107	203.54892	-56.713593	140.2156	25.315245	202.84299	-63.057007	-2.2501872	2.3498528	32.567207	-12.931155	-140.94394	9.32459	10774.033088684082
128	635.5751	35.17056	682.1981	588.8554	601.23846	71.39577	659.4225	416.90155	563.36566	107.30098	658.3354	304.34714	474.90875	53.974667	536.5476	376.35925	1000.0	935.6	870.8	737.9	511999	134.55742	23.642036	194.44545	-34.527676	134.55882	23.63434	194.4874	-48.915207	-2.3762743	2.2688005	21.869938	-12.12107	-135.25693	8.745775	10871.160141944885
129	624.3418	10.992327	636.33606	607.195	576.0451	100.70297	689.6409	415.52765	620.06	98.89126	690.3268	381.99966	424.99112	43.510277	522.8357	370.1353	1000.0	836.7	907.0	621.6	515999	129.59137	22.74571	175.45312	-62.068203	129.59224	22.739641	176.96086	-67.875946	-2.427741	2.2031777	28.252232	-11.639748	-130.27463	7.3158636	10965.4301841259
130	649.5543	14.011633	668.421	633.80334	434.75577	64.825356	519.8064	308.3804	495.28476	137.90923	619.1009	255.49246	354.77835	20.211384	375.79187	318.41876	1000.0	681.2	791.6	549.6	519999	125.71086	22.023361	155.70695	-32.24112	125.71212	22.023037	156.15324	-34.806126	-2.4796984	2.135667	26.267189	-13.340235	-126.38696	7.1652713	11054.985732793808
131	631.8132	14.500879	650.21606	609.85956	298.75055	101.94793	497.19583	181.8758	393.9939	128.82364	677.4058	222.42798	335.33527	34.769188	379.3065	275.9517	1000.0	455.9	593.5	516.0	523999	122.57938	21.390947	146.71281	-34.95638	122.58014	21.38881	146.99751	-40.333797	-2.508437	2.1336634	24.045753	-15.583788	-123.25209	7.349961	11137.912157773972
132	630.46326	5.8200254	636.3312	621.0641	373.14212	163.00381	799.0001	214.26227	379.7915	160.82823	798.14056	211.06026	526.27515	168.32002	795.18585	315.96417	1000.0	485.9	500.9	737.1	527999	120.14487	20.789766	141.37659	-47.11533	120.14621	20.791372	140.79095	-46.0634	-2.5228157	2.0828457	27.070301	-12.349729	-120.80955	6.0100207	11222.192097902298
133	638.1792	9.514711	647.1672	622.3006	457.5976	141.0667	621.96277	219.59883	599.8703	96.494804	695.1229	329.63754	629.0333	22.949135	656.5385	582.14795	1000.0	711.2	948.0	1000.0	531999	118.21539	20.372204	139.65189	-33.385178	118.21592	20.366537	139.19122	-41.049904	-2.5337772	2.0431185	25.243826	-13.1944685	-118.885376	6.9129715	11318.458900928497
134	635.8192	8.018891	647.5334	624.89874	389.2645	173.80058	694.9443	202.1403	354.53036	138.3783	633.50494	221.66565	409.5146	132.44287	697.5148	212.26889	1000.0	549.4	491.8	577.4	535999	116.7101	20.14506	142.36626	-29.680502	116.70911	20.14862	137.04343	-18.97194	-2.5874414	2.0279064	21.955414	-13.078285	-117.3783	5.653341	11401.548568248749
135	647.55	11.697027	662.14777	629.51	262.1928	39.56867	352.0426	214.23355	394.43158	187.89618	649.8529	220.57306	460.2422	162.68182	630.9538	260.89813	1000.0	381.0	608.5	714.4	539999	115.56629	19.599583	136.02534	-16.276306	115.56597	19.596352	135.78749	-19.187449	-2.5545788	1.9869126	24.507204	-13.548271	-116.2238	5.728873	11488.822540998459
136	632.7374	9.335811	648.059	623.6779	538.2465	178.68777	701.5681	287.83627	509.44858	184.44254	706.4885	189.08812	453.1434	64.745674	545.9577	334.57388	1000.0	772.6	762.0	657.0	543999	114.56503	19.631392	134.55971	-20.814655	114.56566	19.628662	134.16595	-28.429104	-2.525652	1.983909	28.785461	-12.401536	-115.220436	5.208512	11580.997634649277
137	617.40234	16.592764	644.6168	600.0558	376.486	125.12704	624.0423	249.43419	340.9479	131.7547	627.785	203.07568	325.0294	58.52444	416.78314	225.29964	1000.0	540.8	498.3	461.0	547999	113.90947	19.188425	133.49464	-25.304703	113.91113	19.18829	133.72592	-28.673466	-2.518018	2.0136094	22.341242	-12.851448	-114.556	5.8772316	11662.935846090317
138	624.34546	8.7801485	632.2701	609.4671	233.66203	91.361984	373.67856	138.90883	359.65836	175.75122	677.1527	151.90309	264.91913	82.75975	377.56775	148.8881	1000.0	308.9	500.7	353.4	551999	113.2813	19.363943	133.23483	-14.302624	113.28323	19.364513	133.58464	-24.696074	-2.527496	2.0151591	20.67279	-14.456269	-113.93725	5.589947	11740.121049880981
139	627.7996	14.349682	641.8405	606.08453	524.9514	181.57141	714.5348	191.09961	496.34604	213.00783	709.4716	190.12842	513.8617	68.13931	612.11646	376.56183	1000.0	738.6	697.6	766.0	555999	112.70456	19.212961	131.7705	-25.613285	112.70536	19.212902	131.63979	-22.948193	-2.580555	1.9609284	19.596495	-12.932524	-113.350235	5.2007937	11835.918166160583
140	621.4072	7.6923456	630.8237	611.5799	226.87175	63.105774	324.29846	151.13335	344.0793	244.4028	710.08514	117.35904	255.65073	41.01573	324.55893	198.64487	1000.0	300.4	467.5	345.4	559999	112.52786	19.130732	130.76106	-31.137955	112.52941	19.131527	131.14592	-31.103357	-2.5552073	1.9724635	24.718082	-13.096142	-113.17533	4.544662	11914.60943198204
141	626.95935	10.211495	641.9073	613.295	210.13364	85.63319	364.2439	134.92712	235.6138	97.17404	374.87967	133.06496	304.06326	81.04287	378.2055	155.32727	1000.0	286.2	327.3	417.6	563999	112.446	19.034365	132.08482	-21.179304	112.44643	19.030611	133.5826	-42.09048	-2.565938	1.9823717	24.175188	-14.258837	-113.08713	4.991429	11989.298417329788
142	624.57214	14.070326	640.46466	607.58075	523.6174	155.06555	717.34534	365.4225	585.07635	193.45909	716.8617	207.26302	401.23526	34.246105	458.24716	356.61935	1000.0	704.9	815.3	541.4	567999	112.20434	18.771568	131.06816	-17.691727	112.2054	18.773504	130.4264	-28.72341	-2.5521457	1.9554796	22.477463	-12.780313	-112.84961	5.1963525	12078.497413396835
143	620.3353	7.844429	632.3399	611.6484	239.42566	103.12917	385.53455	141.1712	283.00366	210.0312	618.3579	124.643486	209.48291	101.78179	384.4814	131.86159	1000.0	336.6	434.1	285.7	571999	111.88562	18.924395	130.79492	-31.670448	111.8872	18.924524	129.9243	-74.87666	-2.5631163	1.9451755	20.60855	-12.674696	-112.5292	4.9336123	12157.84976863861
144	619.60657	12.726521	634.41705	603.0913	346.83936	90.922844	526.0411	225.90561	441.64746	172.43434	710.37946	164.12674	244.65512	73.67151	387.97076	168.10077	1000.0	472.9	597.1	325.3	575999	111.95043	18.715145	130.75554	-20.156494	111.95151	18.713001	130.66315	-24.32023	-2.5754044	1.9362309	21.611473	-13.648417	-112.59305	5.0964327	12240.04626750946
145	621.8723	7.277763	633.5645	614.0342	342.3067	116.007645	556.65924	234.69524	528.82336	192.36113	793.62537	211.45117	245.05972	58.83706	401.8911	198.02144	1000.0	477.1	743.9	336.7	579999	112.01508	18.623873	131.39395	-26.323076	112.0166	18.624414	132.08578	-24.560263	-2.5794816	1.9281796	19.594559	-12.881759	-112.65405	4.9565926	12323.112501382828
146	623.85535	13.171678	636.12714	604.31525	272.68784	97.27475	419.30658	156.65843	468.3694	217.96948	709.68884	162.68127	251.0636	109.183395	420.1462	155.69981	1000.0	382.6	714.0	354.8	583999	112.04238	18.569971	130.21878	-19.953829	112.04311	18.56628	129.78188	-20.885029	-2.5829797	1.946212	27.451578	-12.746412	-112.69589	3.8507304	12407.20833849907
147	628.074	10.29091	638.3354	614.93915	589.7617	199.35915	758.1107	199.35521	567.6034	208.84523	778.15204	163.46547	445.56586	244.6764	729.44604	191.69647	1000.0	850.6	808.1	626.1	587999	112.15549	18.454828	129.92781	-26.088	112.15643	18.453806	129.3087	-44.363224	-2.5576668	1.9364262	20.008167	-12.08817	-112.80961	4.990801	12502.413164138794
148	642.52747	13.784912	661.7496	627.2871	308.38876	112.5727	516.92194	210.85446	389.35135	191.59268	664.8727	182.75357	337.34583	72.08953	436.63217	246.71182	1000.0	445.3	570.9	469.2	591999	112.29936	18.276262	130.10045	-28.33054	112.30046	18.271887	129.8654	-28.28553	-2.6025689	1.9432495	24.168213	-14.234828	-112.95143	5.2986445	12589.375069379807
149	627.45935	20.30024	657.20514	603.6175	238.72266	91.8164	361.64023	147.25728	338.8391	196.79901	633.97314	140.51556	230.11194	99.15645	431.8412	159.31335	1000.0	303.1	495.1	289.8	595999	112.39911	18.300047	130.1843	-31.626728	112.39991	18.297697	130.35962	-27.7839	-2.6145093	1.8963181	25.717787	-15.033888	-113.04663	4.2997117	12665.975524187088
150	631.1283	9.884446	643.34344	615.862	296.43408	118.25438	423.66748	136.22578	465.15204	191.85991	669.08575	150.11899	200.84099	95.443565	400.52264	136.1448	1000.0	392.8	693.3	263.5	599999	112.4306	18.356619	131.45126	-34.597878	112.43064	18.354387	130.76341	-32.31817	-2.6332707	1.9235175	25.174461	-12.056763	-113.07653	4.760911	12744.098362445831
151	622.7134	10.696162	639.1019	609.5403	209.11234	50.198975	347.46786	163.83018	488.2744	222.09033	681.1301	146.1693	273.9014	95.008644	405.1257	173.236	1000.0	273.5	726.4	359.7	603999	112.49738	18.386446	130.52231	-38.975555	112.49814	18.38731	131.8211	-35.414814	-2.680775	1.8774756	23.836418	-13.491675	-113.14155	4.6036816	12826.793275594711
152	629.95874	6.3798814	637.0263	623.5709	290.97406	121.64319	507.5577	177.71967	296.95715	180.2612	728.34753	154.14812	242.56824	103.683174	474.90726	173.66295	1000.0	364.4	379.2	302.6	607999	112.54647	18.324884	130.7512	-28.039442	112.54737	18.328852	129.79776	-42.570396	-2.6607335	1.8883477	23.567833	-12.316403	-113.19298	4.7452846	12913.009376764297
153	640.40076	19.621328	659.2037	607.4593	204.87448	67.31332	338.38815	160.53319	305.93362	153.21098	712.17676	173.7139	227.7596	70.539024	372.93677	168.44469	1000.0	267.7	411.5	300.3	611999	112.58337	18.256424	131.69612	-31.846092	112.58291	18.263588	131.39218	-33.372925	-2.6676397	1.9163666	24.329939	-12.85954	-113.23822	5.234129	12989.734605789185
154	640.97406	9.117204	656.39166	632.9392	365.6559	90.777534	462.1449	200.50917	422.7329	168.35422	657.9239	186.62648	326.86823	92.53843	486.4197	211.56296	1000.0	508.0	640.0	466.5	615999	112.70351	17.924747	130.46182	-26.900055	112.70423	17.931263	131.07689	-36.316498	-2.669294	1.9002888	27.789509	-13.741802	-113.34059	4.4963174	13071.556475400925
155	643.828	15.01147	657.3081	618.64325	315.9903	129.01297	573.0707	189.99915	342.8448	199.47998	800.0794	153.37445	264.29626	82.37188	421.09827	182.02946	1000.0	400.6	456.2	337.3	619999	112.74963	18.068375	130.13579	-29.711473	112.74978	18.071129	130.42375	-23.462145	-2.666385	1.8763242	30.994907	-13.083241	-113.39744	4.8784375	13147.732295513153
156	632.1686	10.37023	649.17694	623.2794	548.66766	179.12349	718.4738	196.96332	559.5829	174.67438	721.3291	190.64735	420.44238	76.33694	511.82834	227.43698	1000.0	758.5	797.6	581.2	623999	112.90085	17.874523	131.90195	-62.255745	112.90214	17.872963	131.53067	-44.81749	-2.6438868	1.863591	23.640675	-13.810238	-113.54762	3.7952266	13244.713563919067
157	629.342	11.168222	646.30554	615.38934	199.91464	35.884636	304.25983	175.42407	325.50342	182.43706	697.4276	155.74571	254.05246	71.02669	365.14267	173.46442	1000.0	267.5	458.6	344.1	627999	112.89657	18.028336	130.49428	-47.30903	112.89753	18.034634	134.25986	-54.012325	-2.6945655	1.8599119	22.951178	-12.804979	-113.53227	4.5653152	13321.110601902008
158	637.9895	9.294322	651.8409	627.7661	338.14368	114.275185	499.08487	224.47563	437.1642	197.64548	708.33386	229.27234	400.67828	168.04611	647.86743	228.40117	1000.0	443.1	596.9	541.6	631999	113.07865	17.785898	130.42557	-46.968483	113.07814	17.787804	130.96118	-44.042114	-2.6620748	1.8643161	23.243555	-13.028597	-113.72067	3.9836447	13406.484700202942
159	633.3849	7.7254014	639.7537	620.50433	379.14737	135.55702	627.75684	216.40703	444.00235	157.08244	625.4837	237.2296	366.91943	61.54249	446.16434	225.66759	1000.0	539.1	677.0	520.1	635999	113.08489	17.825138	130.2243	-49.004166	113.08574	17.827183	131.6572	-51.861267	-2.6456094	1.8643169	22.717817	-12.643459	-113.71482	4.351035	13492.441549062729
160	629.248	7.6666713	636.5915	616.3727	475.7818	205.48386	723.18854	216.29008	619.9584	147.47974	730.9555	304.08005	406.2771	33.519596	456.1807	354.94028	1000.0	635.4	849.6	561.8	639999	113.2334	17.661	131.58537	-40.714287	113.23413	17.666464	130.69911	-34.377636	-2.62825	1.8754588	31.256802	-12.777249	-113.875404	4.1117783	13582.094845056534
161	622.33624	11.235007	640.8924	611.0984	319.73187	149.0895	526.31384	189.82326	332.45978	213.89032	789.2861	152.73322	440.90552	116.38635	675.38617	201.97183	1000.0	401.8	446.0	570.2	643999	113.38122	17.477743	131.0108	-34.869457	113.37994	17.481743	131.19334	-27.669348	-2.649577	1.8793616	25.681755	-12.865819	-114.02431	4.561561	13661.925436019897
162	622.12	5.787459	630.80505	614.5772	441.44818	215.3653	711.4375	163.72267	456.47583	236.53072	709.60187	129.08525	303.15125	54.164	361.6274	182.35184	1000.0	604.8	643.8	410.9	647999	113.54093	17.425787	131.83469	-41.154865	113.53877	17.42475	132.47728	-37.39368	-2.6548963	1.860659	23.51582	-12.822868	-114.181625	4.6262765	13752.125306367874
163	627.9537	7.7208514	641.321	623.1817	314.79086	119.52735	551.52844	177.17836	469.59164	175.08002	713.1754	175.60207	339.6772	81.804	413.12653	181.29991	1000.0	419.5	662.7	464.6	651999	113.56162	17.401678	131.71124	-42.029533	113.56178	17.407814	132.07968	-63.5045	-2.6593432	1.8655212	29.16851	-13.180965	-114.18987	4.5047436	13833.043423175812
164	629.52673	7.7792325	641.60895	621.1569	597.73926	76.88894	659.20807	419.9726	525.04376	196.72542	711.0523	195.1602	583.0481	95.73442	669.01526	418.029	1000.0	919.8	764.1	876.3	655999	113.76037	17.108326	133.3838	-37.95524	113.76026	17.111223	132.96179	-39.197994	-2.6578252	1.8893949	25.328066	-13.761801	-114.40261	4.71747	13930.172112703323
165	638.15875	14.198768	655.0069	617.231	248.52751	77.26079	403.34552	180.25877	357.04736	203.3103	709.56	171.8213	276.2022	95.06067	421.06732	166.55966	1000.0	344.9	525.8	379.2	659999	113.82657	17.388298	144.26027	-56.41663	113.82437	17.384626	134.97266	-47.056812	-2.6830509	1.8523816	24.867783	-11.678197	-114.47785	4.4116983	14009.683032989502
166	636.822	11.2424965	652.74274	621.0274	272.2737	86.584236	392.06125	188.3744	309.01013	190.94824	671.7693	170.62198	303.33716	117.27476	476.84256	178.82854	1000.0	355.4	427.3	392.5	663999	113.82563	17.596945	133.36803	-24.150234	113.82516	17.592579	131.33968	-26.29118	-2.6713784	1.86702	29.333849	-12.477832	-114.475624	3.901234	14091.063123464584
167	630.60205	10.484832	648.7543	624.17065	235.80484	55.904667	336.26724	177.35062	326.46008	190.41321	705.0992	179.72263	239.29607	57.297028	321.25534	170.4825	1000.0	317.9	450.2	319.2	667999	113.89244	17.306135	130.70787	-66.56255	113.89109	17.303816	130.76866	-64.652405	-2.6921728	1.8400601	22.881737	-13.865452	-114.52949	4.16682	14168.365515708923
168	622.49207	7.2936645	634.1134	614.333	590.4951	192.617	720.0008	196.55547	632.7985	160.5289	722.26764	166.99448	315.2042	119.593315	505.67273	181.79065	1000.0	817.0	907.8	431.1	671999	113.94223	17.148682	130.99445	-48.4822	113.94268	17.151163	131.99138	-64.55502	-2.6900918	1.8749453	22.734224	-12.470493	-114.58955	4.6104736	14258.852079153061
169	637.53766	16.809057	655.5445	610.10425	462.75156	226.25731	744.41125	213.9389	504.4457	202.67462	725.66315	190.02626	628.3436	120.528885	718.1812	393.2107	1000.0	625.2	697.2	897.4	675999	113.97131	16.828693	137.35944	-64.55186	113.97056	16.826878	130.92722	-58.52984	-2.6720743	1.8632851	26.422134	-12.638438	-114.60256	3.7002172	14350.164259433746
170	637.8468	16.733698	657.1192	614.7229	397.66968	178.9144	675.2192	211.93048	431.4035	190.70851	694.30316	190.71379	369.30258	177.11629	721.16486	206.38942	1000.0	562.5	657.1	529.4	679999	113.96298	17.034845	132.44601	-90.23966	113.9623	17.037748	132.80801	-75.521164	-2.67586	1.837712	26.227484	-12.845661	-114.59934	4.675973	14434.220337152481
171	649.6553	13.380046	670.31696	632.9362	540.55927	163.19153	701.4829	216.8976	429.398	175.59314	698.9281	206.92328	430.75098	219.5283	763.92645	190.60095	1000.0	772.7	618.0	583.0	683999	114.18761	17.02809	131.67488	-85.541626	114.18926	17.030457	130.79744	-70.338554	-2.686199	1.8337525	22.847898	-14.59532	-114.82958	3.4898195	14524.91874551773
172	628.5425	6.4015713	633.5085	617.8624	576.1144	69.2933	653.90784	436.12186	565.4027	149.61491	798.0736	294.19476	429.9124	59.720398	541.5991	335.9597	1000.0	853.8	827.6	619.1	687999	114.26267	17.001982	130.16682	-77.70727	114.26196	17.003483	130.453	-69.34915	-2.6973095	1.852599	28.942589	-12.863471	-114.90575	4.3712363	14618.555599212646
173	629.20337	13.507898	646.2804	612.3049	313.11902	129.53738	511.24124	163.79172	415.55655	220.60526	662.80536	154.84769	269.91498	79.121025	374.74988	161.64848	1000.0	458.0	622.5	383.8	691999	114.46794	16.742685	130.38574	-47.77704	114.46837	16.744972	130.4568	-54.02316	-2.7129738	1.825356	23.644245	-14.629086	-115.103905	4.2511816	14698.361777067184
174	616.37036	9.4942	625.9958	601.6339	307.2086	74.398415	400.66867	188.47423	190.86989	33.8022	261.55164	145.1408	230.31625	70.317825	354.97	156.58554	1000.0	415.1	251.9	315.5	695999	114.45399	16.962154	130.7679	-50.514153	114.45563	16.972883	132.76329	-51.4773	-2.6800256	1.8299425	27.683327	-12.691008	-115.08693	4.0309935	14772.530669927597
175	636.7295	23.367409	660.7408	606.11456	439.06064	45.680466	510.5365	354.4445	543.75555	142.33769	682.47076	209.9446	393.0274	53.89439	469.28482	311.33862	1000.0	650.8	821.0	560.1	699999	114.63638	16.828123	132.27267	-67.46444	114.63697	16.830776	131.8401	-62.909473	-2.6869411	1.8158157	24.586233	-13.489338	-115.27963	4.351116	14866.210064411163
176	633.59973	10.63932	650.1356	621.6388	544.09656	192.24062	700.68994	187.23582	570.8245	175.3394	696.0315	184.91025	501.58228	88.971794	624.8968	369.44205	1000.0	776.4	829.7	717.7	703999	114.77586	16.782446	134.89493	-45.203857	114.77551	16.784643	133.2746	-39.171658	-2.715463	1.8120998	24.834711	-13.959975	-115.420074	4.0127263	14949.680810928345
177	639.7321	8.858502	652.60443	627.7933	620.3984	132.33093	709.2613	414.62888	553.4596	208.87714	709.0874	163.83049	385.5733	41.72088	480.6979	309.5675	1000.0	879.9	800.3	571.2	707999	114.86061	16.881239	132.2305	-50.62431	114.86154	16.879267	131.96855	-44.42083	-2.6897345	1.8047739	20.604267	-11.996466	-115.49022	3.6078062	15032.095335960388
178	624.6383	10.492632	640.136	610.6036	370.36594	63.017788	453.27347	287.35873	460.61963	150.06898	715.6497	184.49812	338.14386	41.65884	411.49167	280.979	1000.0	525.4	650.2	459.1	711999	115.00916	16.775257	131.13275	-18.692085	115.00946	16.774342	131.69177	-70.39556	-2.6546633	1.827	20.359818	-13.056526	-115.64988	3.91106	15105.834201812744
179	628.6764	13.880951	647.89996	609.23254	338.18997	89.93648	563.09595	230.22342	342.824	143.0444	644.06396	225.666	362.41376	139.10931	630.8349	258.3618	1000.0	448.7	461.6	488.1	715999	114.91519	16.914948	134.2074	-67.4672	114.91614	16.915316	134.36429	-57.139835	-2.7172093	1.7936679	21.183449	-14.001993	-115.55081	3.6502798	15176.494517326355
180	635.09216	9.946898	650.2823	622.37476	191.72615	63.576485	334.12222	144.04501	392.89032	224.24356	693.366	150.31961	227.22737	94.80651	364.25394	134.09325	1000.0	265.2	569.6	316.4	719999	114.91152	16.758389	131.78197	-47.534084	114.91316	16.765446	133.20209	-63.669174	-2.7402806	1.7981315	26.74434	-14.342726	-115.54786	4.1135674	15247.070013999939
181	632.24414	11.6543665	644.83704	614.35535	215.11533	86.3073	471.7744	173.01074	282.10922	171.3145	693.2554	145.47783	237.76643	94.39938	438.07257	164.72557	1000.0	287.6	392.6	323.0	723999	114.95663	16.822153	131.64047	-35.571545	114.95637	16.82369	132.79579	-43.173107	-2.7093387	1.8206503	31.965105	-16.08427	-115.593315	4.063042	15319.436695814133
182	641.9534	10.142041	655.2626	626.7276	301.96664	82.807365	437.28638	186.88657	409.11102	205.09494	638.95154	159.07265	361.01147	50.727615	446.94662	294.43768	1000.0	431.5	631.4	519.9	727999	115.03628	16.630949	133.02496	-44.049313	115.03543	16.629831	132.32895	-43.57382	-2.7396185	1.7794669	23.663261	-12.843561	-115.65752	3.8652596	15397.98843550682
183	618.52545	6.6200666	626.2047	609.6054	544.2277	110.85716	637.9528	382.6314	502.51114	134.05629	676.8063	329.26895	456.09857	43.014168	493.02084	367.83447	1000.0	830.7	748.2	701.3	731999	115.13342	16.501999	131.69836	-61.803616	115.13403	16.502377	134.07045	-57.62841	-2.7148366	1.7969215	34.454704	-12.549257	-115.77961	3.7237897	15487.662543296814
184	638.6146	8.99882	647.76337	624.4642	652.20624	107.77975	703.8966	352.18268	521.2269	190.80676	701.9919	187.07861	468.04898	75.073875	556.5752	350.7274	1000.0	933.6	745.4	684.7	735999	115.27689	16.399883	131.48296	-42.52735	115.27644	16.402418	132.94568	-37.938267	-2.7193282	1.8130741	27.484325	-15.66328	-115.90613	3.6183934	15590.482445716858
185	624.0402	2.1293325	627.1356	621.5775	232.50957	55.390774	389.7348	185.73746	304.95267	167.14235	684.0214	183.4069	390.02115	175.3189	796.54065	210.07285	1000.0	329.4	433.3	549.5	739999	115.19105	16.54193	131.46083	-54.27319	115.19089	16.543724	132.27959	-65.47088	-2.7206953	1.7953835	22.210976	-13.605591	-115.82555	3.6636004	15662.30816912651
186	627.59766	16.028837	653.3381	609.365	300.79254	82.17073	425.0551	199.9793	404.25677	230.62714	702.0263	178.60028	207.58932	13.989584	225.86223	177.69093	1000.0	428.2	582.6	286.6	743999	115.18765	16.521791	130.46033	-54.719837	115.18668	16.523903	130.75676	-59.035667	-2.7241316	1.7751471	22.105722	-13.292873	-115.81955	3.7193184	15733.930146217346
187	636.55414	7.601276	645.36115	626.5494	280.01166	95.44158	383.65054	154.85176	345.3543	239.56123	690.5411	133.24849	300.57523	80.492485	363.68146	171.75693	1000.0	401.1	496.6	429.4	747999	115.26148	16.514418	137.19662	-48.15792	115.2625	16.517628	134.16296	-47.267452	-2.7200663	1.7822821	20.094158	-13.419667	-115.8903	3.5776067	15815.466061592102
188	645.07764	13.069278	666.8807	634.88556	254.53809	75.39555	367.75232	167.2392	373.81033	194.39606	670.19257	180.98785	274.77396	78.93648	371.06387	170.29858	1000.0	360.4	548.1	391.6	751999	115.28692	16.454865	131.76698	-75.13985	115.28698	16.455904	131.88379	-71.91214	-2.7549334	1.7623491	22.88753	-13.14157	-115.90961	3.9638913	15896.846772432327
189	628.5393	11.570438	642.93835	614.5251	182.21466	53.949852	330.8143	141.67798	235.50546	158.65427	689.22656	125.286644	253.43904	120.06581	546.4604	143.53934	1000.0	254.7	330.3	356.3	755999	115.31472	16.26427	130.91095	-73.67653	115.31576	16.266846	133.37436	-62.760048	-2.73603	1.7494004	30.451015	-12.858065	-115.945984	2.9783554	15963.967456579208
190	618.6295	10.207573	631.1533	607.8921	204.9108	113.98241	440.2587	114.689064	320.59012	240.59927	685.9815	110.46384	190.80829	83.25922	347.63504	117.08004	1000.0	293.1	465.0	275.6	759999	115.33043	16.14102	131.63809	-67.47638	115.33208	16.148075	132.14188	-69.776215	-2.7539506	1.7609875	19.372921	-12.039513	-115.94842	3.9046934	16033.535212278366
191	625.37335	12.770906	644.23083	612.76855	251.83157	86.29471	395.18985	162.76141	375.02554	201.4465	687.19525	162.5931	264.50082	92.01584	429.94135	163.82149	1000.0	355.0	544.8	374.5	763999	115.29868	16.190992	131.68738	-15.331072	115.29856	16.193815	132.4644	-17.46673	-2.7339768	1.7527634	22.492876	-12.987974	-115.92976	3.6974175	16108.69907784462
192	626.4829	12.456776	646.93445	613.19385	345.19775	53.274323	405.1465	204.16429	376.6758	181.88263	716.3097	173.47017	296.49176	108.62845	563.28644	201.61339	1000.0	502.9	539.9	430.5	767999	115.43087	16.021608	133.08472	-42.643463	115.43001	16.024183	133.3147	-49.445175	-2.7560968	1.7386571	21.240473	-12.764858	-116.0557	3.4770572	16181.412638902664
193	643.918	18.103407	664.1342	614.5908	430.9629	128.61002	683.01636	302.51425	466.121	174.0951	694.93964	245.19986	363.1795	105.20095	652.0714	282.28568	1000.0	622.3	700.3	523.2	771999	115.41687	16.027807	136.00157	-64.06464	115.41672	16.030756	134.00781	-55.40005	-2.7676506	1.7447208	22.136522	-12.680889	-116.039	3.7543535	16263.007519245148
194	637.4675	15.835417	663.56177	623.86066	489.90997	79.4156	616.21625	418.46973	546.69495	109.8449	659.286	392.80798	382.68625	39.596115	431.55188	314.38394	1000.0	756.0	849.8	581.8	775999	115.48048	16.1459	133.66104	-55.581078	115.47987	16.152962	131.49516	-49.611446	-2.7227058	1.772889	23.859226	-12.2341385	-116.101204	3.8922496	16344.150228738785
195	628.41626	5.4419003	635.7818	620.4941	360.77084	128.23978	577.4594	184.3502	419.22006	218.20137	697.01245	170.39964	332.1359	103.29393	515.3881	177.20952	1000.0	524.5	617.8	487.2	779999	115.41879	16.27244	132.59839	-49.408134	115.41882	16.269373	132.78711	-42.21275	-2.740815	1.7812078	25.462538	-14.5047	-116.0321	3.8268898	16419.144924640656
196	635.1174	15.611008	653.2646	615.32025	408.28864	128.59883	697.6585	192.19984	555.94055	176.40477	730.5593	198.47896	353.46387	106.3306	609.2331	178.12343	1000.0	614.8	818.7	513.8	783999	115.51578	16.072693	132.65327	-51.017677	115.51586	16.077389	132.80997	-50.144386	-2.7455378	1.7924898	26.13262	-13.568771	-116.14197	3.5362728	16498.919907093048
197	633.5365	27.825323	666.5569	600.276	566.86487	247.57628	789.4978	210.16228	664.3176	203.24875	789.8579	248.49101	488.7356	206.51059	738.2531	214.41293	1000.0	751.5	872.4	681.5	787999	115.68039	16.034939	136.2445	-57.83786	115.67985	16.032936	139.62772	-51.280766	-2.7665224	1.744594	24.320366	-12.723142	-116.31506	3.710768	16581.07531642914
198	644.0469	8.990583	654.80273	631.3986	339.58023	159.54922	696.5746	206.80055	517.70026	201.85327	696.81287	173.65927	369.49326	105.21661	470.28568	176.6989	1000.0	476.0	757.4	527.4	791999	115.9028	15.868911	138.7571	-91.55817	115.90269	15.873757	143.05667	-63.446594	-2.7848403	1.7553068	23.009499	-13.340339	-116.53	3.9829378	16657.096886396408
199	639.8604	12.390134	658.9604	627.7774	365.5618	90.611755	513.5705	196.06825	440.32114	180.17027	698.3919	169.72221	357.9256	80.34548	460.4953	254.69957	1000.0	535.3	650.6	518.8	795999	115.83272	15.773334	148.75172	-48.57856	115.8326	15.773161	136.37167	-54.060684	-2.7620428	1.7709509	22.896227	-14.355131	-116.44549	3.5848732	16758.66458415985
200	636.524	9.978155	650.6261	625.64453	558.222	108.34046	632.4892	379.10257	561.0996	118.67597	697.0709	341.8713	389.4922	46.128494	435.23392	289.0584	1000.0	863.1	874.2	558.4	799999	115.84695	15.608603	138.50749	-35.460777	115.84682	15.608251	141.90187	-34.485165	-2.7336571	1.8048817	24.152466	-13.429787	-116.48175	3.810245	16866.865972042084
201	633.9463	11.014989	649.7263	619.1667	244.88159	141.79219	664.0785	162.23628	333.16824	158.77876	592.39435	156.44014	394.8334	135.1156	518.91284	192.27066	1000.0	371.8	595.2	755.6	803999	116.00893	14.752994	135.80746	-68.12639	116.00695	14.744023	131.27464	-66.40423	-2.6772687	1.9357228	39.288544	-14.68703	-116.6438	4.303099	16942.390273332596
202	13.151875	106.06621	661.4725	-34.81864	275.6639	236.95784	538.7145	3.857687	261.1415	253.88562	548.40546	-1.094298	239.45271	239.29572	536.8522	-0.2706052	56.597404	525.5	509.3	483.2	807999	125.41357	20.246616	315.257	-226.45653	125.40609	20.237526	313.7864	-153.3455	1.2786028	5.0109706	59.75514	-14.029509	-127.74311	20.965939	17015.265830516815
203	163.27284	233.98096	598.36285	0.71133983	278.91074	67.00884	374.77368	136.80766	322.23557	95.351456	445.28418	141.88322	242.07654	79.93267	350.5599	137.42958	316.8	536.0	621.2	447.9	811999	145.7698	24.186188	290.92892	-340.93427	145.76733	24.24234	288.07782	-452.26578	0.5098444	2.7551825	43.87702	-14.081401	-147.33432	14.693528	17088.590149879456
204	576.1145	37.7559	632.15186	533.09436	429.9201	119.40669	616.1617	264.66144	429.0521	114.31702	591.5092	264.13284	445.7675	136.42116	681.3815	285.0125	1000.0	723.5	747.8	732.1	815999	147.33421	23.4704	234.65533	-659.4789	147.33177	23.492674	232.6872	-559.4329	-1.2628752	2.409326	69.266396	-13.3215065	-148.18213	13.437947	17169.75565314293
205	652.5236	18.695951	676.817	626.88763	648.0504	111.86245	707.79114	319.41306	647.5868	110.82865	715.365	326.7555	662.9058	28.827034	685.26276	583.50073	1000.0	948.4	947.6	1000.0	819999	141.57967	21.78701	183.31108	-400.8876	141.57555	21.82548	184.57724	-355.45862	-2.1279354	2.1454234	48.90796	-12.033962	-142.21391	8.422364	17259.496284484863
206	668.8874	16.959023	688.57544	647.283	398.91354	212.61862	684.4085	144.89482	550.51135	170.42871	684.0937	152.27246	346.0994	171.71762	677.6824	167.9446	1000.0	587.5	856.9	516.5	823999	135.54286	20.613846	167.19604	-1216.144	135.54362	20.56023	168.6185	-819.59204	-2.46659	2.0132873	52.35784	-12.971674	-136.12672	13.086269	17337.71043562889
207	698.4392	16.491402	713.4229	671.4652	704.202	12.396619	724.28937	687.2389	690.53625	16.303284	704.81116	644.49347	723.59033	22.280697	753.3616	696.6238	1000.0	1000.0	1000.0	1000.0	827999	130.92477	19.703114	155.44937	-963.4845	130.926	19.66038	155.32303	-516.9834	-2.5948288	2.0067308	52.433563	-12.733345	-131.54205	9.363779	17428.490670681
208	703.1753	9.706437	713.50354	692.89526	725.3888	4.041713	731.012	718.37463	724.5276	12.18146	740.9138	701.2435	719.8716	24.313004	734.6734	648.1812	1000.0	1000.0	1000.0	991.4	831999	127.44321	18.86363	152.21672	-670.3015	127.44163	18.856482	159.53308	-498.0947	-2.6701448	1.9797065	51.272705	-14.977797	-128.05916	7.9292073	17528.414417266846
209	693.7581	25.32491	734.17676	667.5632	423.2833	139.8792	615.80225	213.6616	451.24365	147.57172	624.0687	204.60603	385.08185	117.89353	541.3449	207.52036	1000.0	609.0	683.8	548.0	835999	124.92692	18.222792	157.13745	-599.45526	124.92757	18.238312	162.07698	-505.5106	-2.68314	1.9441508	31.763847	-16.335493	-125.55	5.910171	17606.127840042114
210	677.4345	27.363932	721.88983	647.5278	479.78534	186.59715	628.11304	163.30302	583.2309	141.40895	762.7522	265.4146	553.2834	139.89389	717.2232	371.76547	1000.0	752.4	889.2	810.1	839999	123.05878	17.638464	149.90022	-635.8506	123.06431	17.59403	162.50702	-221.72928	-2.7091415	1.9343762	40.57077	-12.6964245	-123.67576	6.474133	17689.852099895477
211	653.7339	20.267895	667.4308	618.71356	606.10925	143.98286	737.1551	398.62967	631.758	147.39525	795.6836	335.87567	527.1349	50.37452	584.5573	427.10516	1000.0	829.1	868.2	724.8	843999	121.39961	17.018534	155.59969	-70.01482	121.40285	17.003447	151.59373	-87.6095	-2.6891494	1.9509207	26.078766	-12.35119	-122.024185	5.4174047	17773.625576257706
212	641.83246	17.999264	659.92114	616.7266	627.6306	45.225307	668.8369	533.54474	599.4656	78.6816	672.9017	450.5995	678.7681	17.522614	707.8858	650.41986	1000.0	949.9	894.9	997.2	847999	120.21718	16.614477	166.19699	-76.65146	120.21997	16.59996	164.97517	-62.43978	-2.7756593	1.8640015	47.12539	-14.1565695	-120.83747	4.518375	17868.870811462402
213	657.2468	13.041337	674.2673	639.56323	703.58014	75.356705	801.3866	554.83203	589.9117	151.97035	711.9612	300.11285	638.30365	140.38095	799.0031	378.87515	1000.0	963.7	854.6	898.1	851999	119.22225	16.500996	163.57391	-112.56451	119.22258	16.492086	156.59438	-78.66676	-2.7457285	1.8663819	45.768417	-12.590475	-119.843346	4.805286	17965.053180933
214	648.6003	11.506552	659.36304	630.35223	547.3246	118.511665	650.2319	323.64804	468.08878	146.37646	666.7121	275.2875	409.5623	61.885017	511.4824	330.27118	1000.0	841.5	723.1	614.6	855999	118.38892	16.415682	171.09146	-148.78581	118.39126	16.401514	168.58034	-118.50967	-2.7747104	1.8550065	35.911247	-12.603031	-119.00975	5.037981	18050.271665096283
215	625.26184	6.552328	634.90186	616.4022	525.9789	128.6291	693.60516	385.63513	586.0495	163.69617	702.9153	180.90588	583.578	81.74133	674.18585	423.13782	1000.0	759.6	855.2	850.4	859999	117.73954	15.974206	165.5637	-174.31912	117.74027	15.965358	167.20612	-135.9869	-2.8028388	1.8267456	50.44558	-13.640242	-118.3448	5.1258283	18134.122039318085
216	614.85114	16.987236	634.02454	591.8353	259.01093	102.6076	397.58258	154.927	270.5817	171.45238	712.37756	152.17674	304.41766	89.30242	414.661	164.89192	1000.0	362.1	395.7	427.3	863999	117.23311	15.914433	152.96823	-126.12285	117.23339	15.908815	163.24388	-107.101654	-2.7745275	1.8182509	38.362335	-13.967177	-117.83676	4.225652	18203.5175716877
217	614.0622	10.437666	626.5368	598.4869	301.64374	139.27826	518.1006	147.44652	479.18692	189.39108	704.99634	148.93747	267.22836	100.4345	408.32996	177.35571	1000.0	422.4	699.6	373.4	867999	116.78813	16.067184	167.86523	-74.71505	116.78856	16.058685	160.27599	-83.29964	-2.7436166	1.8404622	37.523598	-14.161812	-117.40181	4.2123494	18276.229410648346
218	636.6979	2.4631002	639.4621	633.6073	271.5501	88.1498	383.54633	187.04173	353.0374	187.20302	636.4397	176.62082	280.75693	83.34346	377.6149	176.76585	1000.0	390.4	539.0	405.4	871999	116.52987	15.566478	162.00641	-52.739048	116.52907	15.5571785	160.43686	-64.33151	-2.7295969	1.8639652	29.410234	-14.133158	-117.13414	4.316544	18346.93565249443
219	631.7933	9.478639	642.2705	620.00757	451.33636	159.90663	673.74414	300.00705	584.6915	171.59108	710.1298	258.9402	372.98102	101.23405	660.4465	287.29062	1000.0	640.0	837.8	540.5	875999	116.29363	15.567231	167.64632	-62.7334	116.29475	15.558062	167.02843	-58.861153	-2.752588	1.8465178	28.879591	-14.056736	-116.91003	4.041704	18429.247824430466
220	642.9661	6.864176	648.7382	631.56586	634.3507	24.242985	706.54224	622.4682	587.6745	150.35902	708.0381	299.2178	660.7709	37.66704	708.2749	622.84064	1000.0	1000.0	869.6	1000.0	879999	116.38515	15.299039	171.20871	-33.777607	116.38547	15.303396	166.54605	-56.65183	-2.7491307	1.8417115	25.214954	-12.599015	-116.99256	3.938157	18518.462346315384
221	626.845	13.689001	638.5191	604.3715	384.96524	180.46118	705.77576	148.20213	450.81802	221.94077	708.5835	191.96704	530.39636	99.00639	628.1798	358.2701	1000.0	556.3	642.0	822.3	883999	116.33281	15.337573	135.87505	-21.201717	116.33297	15.333431	137.77466	-24.794136	-2.767588	1.8377442	32.473946	-12.953773	-116.950905	4.351685	18597.40405201912
222	623.60693	10.982205	640.26013	609.38947	632.44885	102.733284	759.34796	465.69363	618.953	128.51297	754.18536	366.93854	705.5047	56.039825	766.18866	645.2973	1000.0	876.3	900.7	1000.0	887999	116.31107	15.520067	137.66536	-52.793686	116.31204	15.5153675	143.15923	-46.044292	-2.7806082	1.8507702	30.477886	-12.968779	-116.92958	4.073713	18684.810017108917
223	637.7749	16.045994	658.7572	621.458	408.7528	211.45459	738.4267	241.98343	516.61414	201.49323	741.52313	203.19904	591.9644	109.12757	726.85535	467.06985	1000.0	561.2	700.8	865.0	891999	116.32485	15.274615	139.10938	-49.291958	116.32648	15.274828	140.9786	-40.31835	-2.7819512	1.7968806	30.505125	-12.76072	-116.93138	3.6059468	18764.614822626114
224	615.7851	17.436258	644.51984	597.4778	524.85535	183.91199	762.822	179.1921	546.03577	149.00476	766.9284	257.25217	618.28687	97.03331	768.8893	468.15253	1000.0	791.3	776.9	887.6	895999	116.11193	15.449451	129.85861	-43.720016	116.11364	15.4523115	129.61278	-48.884068	-2.7968838	1.8084947	31.387615	-12.804601	-116.7093	4.120205	18848.60757470131
225	624.45575	7.0404525	632.3151	615.9189	556.99133	196.24527	725.85	155.60295	517.3905	223.38377	722.249	143.2541	648.1971	56.910275	707.0629	589.1061	1000.0	838.3	771.6	1000.0	899999	115.98896	15.328857	128.8863	-15.367077	115.99098	15.335524	131.44485	-85.24738	-2.811225	1.7879335	25.453775	-12.601622	-116.60517	3.5902262	18937.858227968216
226	629.1253	7.312238	638.5068	618.1391	502.5705	129.40231	635.31433	349.7836	568.9556	133.46115	756.3957	296.33173	336.6224	44.470337	412.92346	268.2908	1000.0	756.5	873.7	488.0	903999	115.86804	15.424958	129.65419	-58.258533	115.8684	15.421966	128.79276	-45.463375	-2.8053882	1.7776189	27.261887	-14.326479	-116.48024	4.036452	19022.069742679596
227	626.079	10.261497	636.9152	611.89484	546.6688	150.16815	699.50964	356.83557	583.5669	135.79645	703.8214	332.15594	489.70932	93.53336	633.54346	345.18503	1000.0	771.4	839.8	696.4	907999	115.80932	15.147216	128.22685	-42.43884	115.81088	15.139029	127.85504	-42.354828	-2.781808	1.7558376	23.271078	-12.741604	-116.41211	3.5650153	19107.090086698532
228	628.4751	13.493945	641.6735	606.5851	663.3474	83.81262	777.692	520.02374	632.4667	117.26237	783.9882	416.2075	619.3196	79.28509	691.1325	510.09183	1000.0	944.5	871.2	872.3	911999	115.68955	15.438962	128.94812	-51.09825	115.69189	15.4308815	129.37923	-83.80362	-2.800615	1.8049161	33.703064	-13.290904	-116.29777	3.7286534	19193.29266810417
229	623.5737	7.1066933	631.60345	615.8569	293.2697	128.04541	561.254	207.28009	456.19766	208.08128	761.2332	199.35211	426.39706	146.27074	603.2447	238.4766	1000.0	383.6	618.5	546.3	915999	115.72458	15.305811	128.30418	-46.83013	115.72223	15.295273	127.996124	-29.906052	-2.7927418	1.7761097	30.99781	-14.935678	-116.34283	3.5585985	19269.418599128723
230	620.08826	10.772169	632.7914	607.7521	662.2539	73.57784	704.31146	503.85513	664.2154	63.052547	704.4076	492.53098	546.6026	38.147778	594.2772	472.5614	1000.0	945.5	965.7	780.4	919999	115.92669	15.250023	129.0988	-35.388573	115.92689	15.242935	128.24857	-33.75002	-2.75653	1.7715273	27.165482	-12.379644	-116.54658	3.7935789	19357.57514190674
231	613.3355	12.659063	624.91034	592.9067	642.3937	28.106936	687.9143	588.68005	633.5128	115.23228	727.26746	308.27307	662.60266	34.669895	711.24725	625.7211	1000.0	924.1	918.8	998.5	923999	116.25276	15.525144	129.84015	-44.24231	116.25329	15.513228	128.78098	-18.697792	-2.8237371	1.7588971	21.971905	-14.168206	-116.878555	3.2060874	19446.817132234573
232	641.386	8.727803	654.3128	631.5115	704.35	169.85812	782.9361	199.4322	534.7692	239.73329	744.97766	161.18492	608.8807	214.06793	779.4452	187.83542	1000.0	928.9	771.0	852.7	927999	116.48164	15.572194	129.9441	-52.828205	116.48248	15.560688	128.95198	-47.055424	-2.8088615	1.7807641	32.558537	-13.268201	-117.09987	3.7258372	19532.964663505554
233	631.04474	15.964738	651.29407	608.00775	609.9123	134.64224	711.6314	217.04466	650.08044	76.31236	708.675	441.0789	653.4074	31.487587	711.8963	629.77405	1000.0	917.1	961.3	1000.0	931999	116.66752	15.426809	152.68616	-35.681507	116.66787	15.421465	129.3177	-37.128166	-2.797202	1.7783985	37.650513	-13.908796	-117.28631	3.7905483	19623.21782565117
234	617.69244	15.772727	639.9859	595.44336	687.59607	52.369793	709.09436	531.1256	666.5077	74.76557	711.2234	461.89334	660.1712	67.41013	728.3476	532.6535	1000.0	972.2	932.9	939.3	935999	116.78132	15.161901	130.65042	-42.38755	116.78196	15.154681	142.03505	-36.316765	-2.7720027	1.7702539	34.678204	-12.527529	-117.39538	3.939721	19717.22165465355
235	621.8779	10.458592	636.46423	607.78217	557.3385	123.53262	704.7702	374.37976	439.3046	190.53203	708.7149	199.97667	470.54727	216.2491	728.33673	223.9669	1000.0	833.4	660.0	667.5	939999	116.91529	15.188182	130.52965	-55.750793	116.91631	15.179148	129.42526	-92.54606	-2.7837675	1.7715687	36.135654	-13.343242	-117.52463	3.4595559	19802.920337438583
236	628.34717	13.603086	640.9641	607.41016	689.23413	22.673748	735.27075	651.7066	660.56104	87.96634	742.06287	456.57745	678.15576	40.071865	735.6667	633.52045	1000.0	976.2	944.2	1000.0	943999	117.04262	15.203471	131.56831	-73.200806	117.04243	15.194042	132.799	-71.3376	-2.758569	1.8003621	21.89045	-12.870392	-117.651375	3.9683013	19898.832300901413
237	632.1627	16.40474	651.5679	608.0264	629.72046	50.001976	731.03864	587.8329	634.51135	51.708405	736.3099	596.3377	637.4613	45.09325	694.8647	598.0619	1000.0	1000.0	1000.0	1000.0	947999	117.12736	15.054743	134.56398	-48.093987	117.12786	15.0492325	129.57864	-36.377987	-2.7658405	1.8080959	30.15978	-13.687885	-117.7438	3.7442625	19995.63592982292
238	625.71814	12.105272	638.40204	611.0387	549.38385	85.074974	622.38416	425.7604	597.2284	109.11834	691.34326	343.20056	539.83185	57.541843	652.77094	445.1099	1000.0	856.4	906.5	845.0	951999	117.01657	15.2704315	131.00058	-20.628872	117.01624	15.260863	137.92603	-17.422474	-2.7918038	1.7836425	25.253675	-12.447409	-117.61383	3.6173503	20088.378193616867
239	616.4074	13.668881	639.7123	604.80066	330.43958	205.19437	691.7974	177.0908	465.15976	202.98088	694.9603	176.27795	280.2117	101.33838	439.1374	182.20218	1000.0	472.5	693.2	399.9	955999	116.82884	15.490786	129.57951	-65.175705	116.82906	15.490335	142.52744	-62.45466	-2.7859545	1.7677027	19.57265	-12.554825	-117.42959	3.2497754	20165.43241763115
240	622.0054	20.140038	653.897	600.5384	640.5791	29.555565	701.1203	622.8161	645.15906	37.898865	706.06885	597.37524	653.5165	38.495407	706.619	616.9835	1000.0	1000.0	996.5	1000.0	959999	116.82692	15.53186	131.32022	-53.146904	116.82956	15.531364	128.88344	-138.51863	-2.7791953	1.7762585	23.977139	-12.982162	-117.43689	3.3085575	20260.317873239517
241	625.05646	8.300102	638.01465	617.67505	218.64383	64.65812	395.9478	161.15924	434.6295	163.7079	614.10266	193.16335	292.80405	104.037056	480.57187	201.03864	1000.0	328.2	675.5	429.5	963999	116.81778	15.542298	130.34679	-48.64626	116.82178	15.548881	129.9159	-50.46204	-2.7816792	1.7801859	23.981207	-12.949072	-117.42473	3.398805	20334.74639391899
242	625.68085	15.946117	652.0666	609.8688	614.909	12.719541	652.85754	608.4353	576.8985	95.64275	688.9983	349.85068	397.75305	63.099304	520.3773	347.00787	1000.0	996.5	904.5	618.4	967999	116.7153	15.470084	129.90556	-39.890335	116.71575	15.477506	129.97964	-97.22594	-2.7911887	1.770767	20.888662	-11.5106	-117.31765	3.9344962	20424.49727344513
243	632.18176	13.277509	647.073	611.7574	303.5916	105.29886	457.7614	199.6809	531.51605	150.2768	696.679	242.55273	526.32635	93.60178	704.1378	438.64636	1000.0	440.5	817.8	793.7	971999	116.79709	15.52105	130.56956	-231.93951	116.798	15.514609	129.34557	-52.406612	-2.8496025	1.7266812	21.074814	-12.122382	-117.41061	3.327203	20506.249928236008
244	646.9771	16.16509	670.63763	624.97626	610.2262	63.74979	696.6548	484.2919	549.0626	93.71028	675.9195	388.47952	588.66956	86.21541	718.7228	480.91727	1000.0	927.7	827.5	894.0	975999	116.9718	15.340163	130.36143	-467.673	116.97268	15.316692	133.60052	-63.720192	-2.8556767	1.7482871	24.405113	-14.070895	-117.588524	4.2457247	20593.58648109436
245	633.4603	17.547327	651.8926	609.0345	373.2779	192.086	693.12805	204.75037	460.99457	227.16853	690.47363	160.25214	498.26944	132.35608	628.4285	253.53438	1000.0	540.4	692.2	760.2	979999	116.86544	15.344771	130.90576	-331.05206	116.86863	15.332803	130.67656	-69.084694	-2.7970195	1.7599287	28.646347	-12.770546	-117.4791	3.3027003	20672.564413547516
246	630.4404	18.68508	659.8699	609.21826	602.31555	90.75401	698.1515	475.6724	591.5099	120.88226	698.07086	405.89294	474.33896	77.15335	696.58527	417.46768	1000.0	870.0	854.2	690.5	983999	117.07601	15.113275	130.74799	-47.209858	117.07574	15.119082	130.45247	-91.12195	-2.81463	1.7529161	34.56102	-12.77125	-117.68093	3.528831	20756.155053138733
247	626.7531	13.309179	638.59863	605.04095	707.58093	65.62941	786.9625	628.89154	672.371	50.51701	760.3502	620.69916	662.07056	69.12217	775.8006	570.53314	1000.0	1000.0	992.4	918.4	987999	117.11204	15.070445	130.32988	-25.842585	117.11458	15.068368	130.48155	-41.25699	-2.8196173	1.7516536	21.139624	-12.655092	-117.728485	3.4746463	20850.66991353035
248	655.1764	10.14451	669.2502	640.6049	315.928	149.61632	627.3749	160.02946	332.39813	249.0531	761.02454	148.8109	305.55835	98.17009	435.79016	169.89427	1000.0	434.1	458.0	424.6	991999	117.45244	14.808471	137.48532	-21.667385	117.45223	14.815376	136.1489	-15.8215885	-2.8625143	1.7080264	28.332684	-12.154816	-118.065155	2.8095558	20932.95124936104
249	642.2764	10.190905	654.3741	626.26154	662.6971	47.72061	727.76575	621.9269	652.47644	95.83627	732.9774	403.2692	520.5845	96.98089	698.4577	406.164	1000.0	996.4	963.6	773.9	995999	117.7056	14.760133	140.19817	-23.63228	117.70566	14.762074	140.04434	-39.380074	-2.8677921	1.7269907	29.695084	-11.7665615	-118.323	3.3325548	21029.898499250412
250	637.1421	18.317223	661.99854	614.5076	278.55255	124.95739	452.19293	159.16486	463.32455	199.4331	673.61237	175.25914	329.8498	100.123505	445.02917	171.59827	1000.0	384.8	682.3	455.9	999999	117.75578	14.694907	143.57356	-37.05465	117.7566	14.700914	143.7039	-44.32078	-2.8373609	1.7629743	22.112545	-11.82473	-118.371086	3.4591343	21103.035828590393
