Epoch	AverageEpRet	StdEpRet	MaxEpRet	MinEpRet	AverageTestEpRet	StdTestEpRet	MaxTestEpRet	MinTestEpRet	AverageTransferEpRet	StdTransferEpRet	MaxTransferEpRet	MinTransferEpRet	AverageRandomEpRet	StdRandomEpRet	MaxRandomEpRet	MinRandomEpRet	EpLen	TestEpLen	TransferEpLen	RandomEpLen	TotalEnvInteracts	AverageQ1Vals	StdQ1Vals	MaxQ1Vals	MinQ1Vals	AverageQ2Vals	StdQ2Vals	MaxQ2Vals	MinQ2Vals	AverageLogPi	StdLogPi	MaxLogPi	MinLogPi	LossPi	LossQ	Time
1	2.8624585	3.319105	10.497181	-8.055935	17.784954	0.84688103	19.343414	16.25272	19.024654	0.71528596	19.97715	17.619532	17.364223	1.1955415	18.493233	14.495056	17.277056	21.2	21.5	20.9	3999	5.66062	4.5152884	19.519762	-5.1713986	5.6600018	4.5158625	19.293003	-4.8915334	-2.7457852	1.4061561	6.6456423	-12.1511	-6.7329473	0.39706853	60.4659423828125
2	2.6952057	3.542009	13.148409	-10.742299	157.45105	110.64981	319.72064	44.40399	215.15494	160.95218	470.34106	32.17655	130.1612	82.48467	276.18164	47.272312	17.897322	400.2	523.6	318.7	7999	10.734153	8.313284	31.23159	-6.654747	10.733975	8.313984	31.18349	-6.01244	-1.6818321	1.8074346	6.883429	-13.188695	-12.245288	0.5715214	149.19227480888367
3	9.794674	38.748646	369.34363	-5.490799	429.12286	104.55972	568.7022	273.42557	453.95807	141.0379	588.0108	164.45491	447.13574	83.976585	563.59216	303.9241	31.224	745.7	812.1	815.9	11999	15.178392	14.042997	59.186176	-5.9684863	15.178444	14.042771	57.132088	-6.0283136	-0.77644944	2.4679427	13.088484	-14.055769	-17.543524	1.4130378	256.63366079330444
4	146.36833	146.63568	570.2557	15.246151	151.34607	39.744793	264.74768	115.25394	241.54163	224.06741	691.1754	91.80707	172.08748	57.252728	280.27548	114.88217	247.93333	198.2	332.0	230.5	15999	24.284985	19.33023	61.86965	-5.961869	24.285372	19.32973	62.089684	-5.7774334	-0.47644177	2.4441357	11.223362	-12.659642	-26.425959	2.2133887	341.5616202354431
5	48.754723	107.74315	599.2437	-7.73435	7.653662	1.7486211	11.685308	6.3354096	8.291856	1.5079309	11.202907	6.273023	9.23526	1.6397082	12.027919	6.778338	87.54	21.0	22.7	23.5	19999	31.462185	20.500229	80.69804	-15.221388	31.462177	20.499695	81.90173	-16.653145	-0.006609964	2.6017904	19.996758	-15.521044	-33.526134	3.69641	418.13206720352173
6	46.74123	83.401924	312.40533	-9.52318	125.81206	62.723785	253.33482	42.57072	153.63055	55.43397	235.50728	47.840237	160.56525	68.07671	295.991	53.966652	105.611115	206.1	269.6	263.5	23999	36.53895	22.572025	70.93737	-12.12274	36.539036	22.572403	69.59484	-13.440537	0.01084196	2.5328147	18.254494	-15.213777	-38.33304	3.3826802	499.6347177028656
7	372.55347	189.08	619.41327	153.2262	217.85559	38.882908	270.37195	152.21043	297.63467	137.30495	575.1311	122.934326	257.8041	40.862255	324.10306	197.32619	628.3333	394.9	554.0	506.3	27999	40.302082	23.925026	82.54244	-8.085993	40.302383	23.924685	83.87713	-9.893101	-0.25659823	2.529198	14.663606	-13.363063	-42.01182	2.777647	590.9827048778534
8	485.41388	113.59356	615.23944	335.94278	338.44156	149.57574	593.85535	176.82938	412.47186	165.59535	595.85126	167.21584	317.3961	143.17029	595.7668	163.82677	853.0	545.8	697.8	518.6	31999	44.99342	24.247576	105.21602	-9.251332	44.99365	24.247828	107.62748	-13.659072	-0.3789371	2.587612	20.409039	-12.398609	-46.65602	3.031837	686.3003108501434
9	586.41693	26.275621	616.77045	559.4582	211.34956	41.877373	319.08832	174.56155	412.59784	179.2833	653.41565	182.65033	218.99431	51.341034	334.14218	174.92761	1000.0	326.4	652.6	335.4	35999	50.02349	23.649506	106.131424	-15.686659	50.023193	23.65042	107.27863	-15.671087	-0.5513726	2.6649244	19.829502	-14.754505	-51.600384	3.7608712	777.5281114578247
10	572.83606	12.8358555	588.08124	559.9557	338.29697	109.15764	607.0139	235.90407	426.46988	148.68048	613.6456	239.78517	351.3541	106.416405	551.57306	212.94687	1000.0	498.3	669.1	517.8	39999	53.82622	23.881096	81.071556	-14.732929	53.826584	23.880503	80.673164	-17.137142	-0.82956237	2.6146967	20.704826	-14.022095	-55.264156	3.2119	874.4315514564514
11	494.21158	201.52089	618.3492	145.49574	227.45354	38.084778	297.83264	192.82309	348.1813	212.31555	623.0888	144.73705	229.53279	34.705006	285.00064	181.05487	817.5	345.5	562.7	366.1	43999	57.976154	23.929312	83.85558	-11.719961	57.97623	23.929005	85.75319	-14.251025	-0.96308976	2.6884496	17.29908	-12.784099	-59.3945	3.3809502	966.1651937961578
12	469.40082	123.61983	602.4082	268.0981	183.83774	40.875397	271.71686	98.3027	250.62874	148.79466	528.37354	83.37375	204.1758	61.540665	339.40515	102.08193	814.0	308.0	439.4	340.2	47999	61.81508	24.220678	86.72045	-14.922181	61.815235	24.2202	86.65307	-15.927218	-1.0312054	2.727652	20.072348	-14.102103	-63.204296	3.4235497	1058.8280990123749
13	487.0008	120.78722	587.44684	274.9002	205.59927	52.055183	286.36203	112.23093	261.48822	120.51451	538.2738	82.21166	232.57458	97.44751	416.85135	88.69248	825.2	361.7	468.3	424.2	51999	65.67236	24.097475	90.55317	-17.78308	65.672424	24.097471	90.73757	-14.469193	-0.9496695	2.7413862	20.077482	-13.581928	-67.070786	4.58764	1149.8056643009186
14	605.1791	24.698244	640.4238	570.5971	287.65976	35.544163	357.13916	222.22461	409.48016	163.71646	595.5383	191.2162	269.6153	45.67626	332.64624	203.64322	1000.0	479.2	708.5	454.8	55999	69.32127	24.358881	92.66587	-14.18977	69.32127	24.35905	93.25474	-17.322819	-1.0053688	2.7783566	20.712505	-12.32324	-70.689735	4.3539524	1245.2460916042328
15	588.5875	23.88849	624.63513	562.4923	208.31172	41.606792	289.36526	142.33539	292.9164	172.0971	618.71954	125.2611	250.31506	103.18012	467.02734	143.06633	1000.0	358.0	480.0	410.5	59999	72.78984	24.316828	96.29025	-15.545958	72.789795	24.317997	96.44043	-17.351093	-1.1672668	2.7963104	21.273333	-14.922427	-74.14178	4.526854	1334.3553953170776
16	574.1669	5.567894	583.74695	569.9546	319.57614	126.697205	668.6671	178.14659	351.8474	179.06923	657.435	151.9147	303.53152	111.80092	584.50604	192.01146	1000.0	530.0	574.2	510.9	63999	75.966415	24.176794	98.82534	-18.918709	75.9666	24.176231	98.93398	-17.650465	-1.275167	2.790271	21.301249	-15.323504	-77.27725	4.251628	1433.8617305755615
17	585.44586	11.037931	598.22876	568.41034	187.2215	31.825264	234.85439	142.93599	250.24966	156.34746	574.30023	130.19994	210.80368	43.059856	283.76593	157.19626	1000.0	315.2	434.1	364.6	67999	78.72894	24.056702	100.34844	-12.996832	78.728966	24.056677	99.78904	-19.663452	-1.3485981	2.80378	19.86898	-17.165974	-80.01182	4.573131	1520.4872889518738
18	515.4821	109.87437	583.9188	296.69824	297.0367	71.17182	453.16327	204.84203	306.324	126.721664	532.301	174.45862	239.65128	88.038315	471.65073	177.308	904.0	499.7	543.0	398.6	71999	81.26396	23.852617	102.33534	-22.60238	81.26398	23.85316	102.857376	-24.896864	-1.4361815	2.7724183	19.381355	-13.727106	-82.52174	3.865568	1610.9841866493225
19	569.80786	7.000891	574.92175	557.7459	225.61711	90.17535	377.6061	138.16418	265.05896	114.937805	567.454	141.17088	197.93399	79.4693	398.36502	129.29729	1000.0	337.6	425.6	289.8	75999	83.48775	23.975111	105.25031	-22.406403	83.48782	23.975035	104.50289	-18.047064	-1.4691446	2.7546592	21.25244	-13.4510145	-84.73167	4.1973534	1698.722918510437
20	537.0551	85.8869	613.88214	391.6742	168.53806	63.243603	304.69376	104.64057	342.0775	206.26945	598.5205	102.18421	199.79848	79.83356	335.66608	108.50803	920.25	290.3	589.0	342.3	79999	85.67342	23.867903	106.636154	-14.73595	85.67322	23.868511	106.919266	-21.56255	-1.5188347	2.742893	18.996534	-13.613111	-86.888565	3.8482742	1790.0140237808228
21	579.3804	16.74023	605.49457	561.7645	185.664	56.475796	261.61313	125.05113	303.9636	185.66527	648.1294	119.671814	185.29514	84.165565	383.69928	109.842804	1000.0	327.1	537.1	335.3	83999	87.04898	24.643562	108.13146	-21.775826	87.04913	24.64337	108.60477	-19.421728	-1.5746431	2.6834621	24.269442	-16.300344	-88.24088	4.1984835	1880.6431205272675
22	564.6825	33.657585	595.64435	511.55182	159.11655	58.605877	266.60898	109.93753	390.8188	231.02731	605.8307	99.151726	160.20834	64.150276	267.87946	111.1395	977.25	239.5	665.8	237.2	87999	89.03659	23.853683	109.877846	-26.324692	89.03641	23.855072	108.82279	-19.612581	-1.6481489	2.6794965	20.56485	-14.307556	-90.22214	4.1973653	1969.8585078716278
23	569.1229	20.12486	595.0338	538.92065	221.67786	83.47179	380.08096	114.49081	290.58856	156.78537	596.7726	117.20306	199.72841	60.48891	345.33908	109.61564	992.75	384.6	512.1	350.4	91999	90.33832	23.802057	110.85141	-17.802893	90.33846	23.801477	109.78146	-19.637506	-1.7106545	2.660047	27.019272	-16.372818	-91.49812	3.941697	2062.0697803497314
24	583.1448	15.708232	603.9996	560.8927	188.58383	82.493996	334.5169	111.45494	320.80762	236.31474	647.7952	110.49216	177.6968	70.47535	315.48724	108.822136	1000.0	298.0	517.7	272.1	95999	91.31259	24.130075	111.146	-16.3065	91.31248	24.12912	111.080124	-20.862259	-1.8165643	2.6031418	24.804493	-12.429497	-92.41854	4.0877566	2149.3607053756714
25	573.09406	13.492778	594.9184	559.0484	157.29507	52.00393	254.15688	100.00697	330.50986	219.74031	612.4755	124.63788	173.4972	59.82437	271.51047	111.71404	1000.0	260.0	546.9	290.9	99999	92.48074	23.824894	111.689766	-25.105955	92.48082	23.823755	111.46268	-21.07951	-1.8497584	2.603264	25.343676	-14.906258	-93.593765	3.4278998	2236.1983399391174
26	567.3161	12.945596	586.6899	551.1913	234.2375	102.969154	378.52728	112.59494	320.34808	172.98854	593.8182	114.61601	161.3665	55.682938	322.91873	123.36568	1000.0	351.1	538.2	257.8	103999	93.78533	23.223923	113.082245	-36.480576	93.78556	23.223286	112.86695	-36.888298	-1.8860283	2.5995665	22.426977	-15.467363	-94.89808	3.5091245	2324.174868106842
27	567.2698	3.8513906	571.13586	561.18304	169.4759	47.84048	225.83023	109.03274	199.37117	115.84987	503.46982	94.111565	166.51886	53.027985	255.12277	112.93667	1000.0	285.1	345.9	268.0	107999	94.98522	22.768044	114.00479	-29.67328	94.98566	22.766289	113.97387	-29.708305	-1.9211402	2.565893	22.614122	-12.685816	-96.0399	3.5411801	2410.857293367386
28	570.0495	8.347264	582.34216	561.111	206.00322	86.68438	344.23154	119.81539	297.5644	178.71005	631.9214	134.49722	188.56697	52.704674	274.56598	136.97522	998.5	316.8	467.7	290.8	111999	95.77	23.17194	114.65362	-35.81283	95.76999	23.171911	114.30012	-39.03144	-1.9310092	2.5500972	21.04588	-13.6277075	-96.850624	3.3328905	2502.5366241931915
29	566.6579	3.1448	571.09644	562.20856	267.14056	74.7301	353.89447	154.073	300.86588	172.74916	627.2505	148.88925	208.19096	54.87105	315.68005	148.48788	1000.0	379.7	449.1	296.4	115999	96.54102	23.667835	114.836174	-35.389717	96.5409	23.667612	114.59816	-33.659	-2.0083282	2.4728737	20.6245	-14.218656	-97.60055	2.79954	2595.4502940177917
30	571.6248	9.260229	581.34827	561.13525	226.12558	99.71887	445.58603	153.59892	308.05884	217.53342	695.136	141.1337	237.64897	78.67337	345.3398	150.59158	1000.0	342.6	471.3	347.9	119999	97.5391	23.407274	116.568924	-24.898226	97.53926	23.405657	116.1191	-31.803682	-2.0371804	2.463083	21.826725	-13.4617195	-98.60377	3.161532	2686.342668771744
31	548.8091	29.115952	588.12976	520.6963	149.86049	58.816612	286.93027	107.456696	188.01357	108.49288	463.22195	108.732	213.35648	62.32906	285.98816	110.54778	960.25	251.9	320.0	360.3	123999	98.44374	23.010536	116.81405	-68.66826	98.44393	23.008732	116.42633	-46.583256	-2.0628593	2.4746644	24.797411	-13.631485	-99.497	3.167688	2771.3986661434174
32	562.70074	55.81722	614.6375	468.65903	202.82626	72.32804	309.56406	125.608734	382.5118	207.45036	630.0275	122.96026	185.91379	86.89393	358.15552	122.99951	953.0	307.9	600.2	279.7	127999	99.19132	22.668556	116.82401	-26.565601	99.19153	22.667912	116.78491	-48.944138	-2.1604526	2.447016	24.318748	-12.10322	-100.218475	2.9862847	2859.3388543128967
33	528.5728	74.61056	592.1246	394.4534	170.85645	60.822643	319.2188	123.86164	190.8048	71.33996	314.90173	115.256035	161.96223	33.707146	239.69536	122.07064	906.0	287.6	326.5	269.7	131999	99.73897	22.451471	117.457825	-57.870625	99.73905	22.45012	117.414	-43.72795	-2.20722	2.4329114	23.565258	-14.482106	-100.75574	3.1580534	2944.5915529727936
34	498.0401	80.540924	586.6562	393.14087	155.8146	64.33258	277.5164	93.51577	324.46048	239.56883	625.19293	93.35317	212.79048	63.529095	278.10077	96.41726	856.2	247.2	527.9	336.0	135999	99.9055	22.684156	118.324005	-53.255466	99.90566	22.683224	117.98509	-43.09537	-2.2588804	2.3678613	22.58604	-13.578096	-100.882545	4.017645	3037.1462755203247
35	441.53574	158.8437	575.7645	206.30501	164.953	45.162167	276.5302	125.80011	158.30934	51.723606	277.15878	109.23023	165.36559	59.93088	264.88922	110.49159	767.6	290.8	279.4	279.9	139999	100.18921	22.515017	118.135864	-54.00038	100.18926	22.51293	118.05077	-46.66308	-2.3352056	2.340641	19.94257	-16.048391	-101.155075	3.8024986	3122.943985939026
36	394.5472	174.01813	578.7637	174.53317	124.42912	38.357925	214.08873	90.4041	226.19019	142.9042	593.7152	84.68414	155.29828	61.10007	287.71628	105.34605	672.6667	209.6	393.2	266.3	143999	100.1636	22.656397	117.94081	-49.721867	100.16343	22.656265	117.92064	-57.097527	-2.322443	2.303862	19.63945	-15.443964	-101.11072	4.3764076	3206.719507217407
37	524.31824	91.3392	586.17	366.43817	214.64255	74.335144	372.8926	140.76498	301.0946	146.62444	552.6728	145.12216	204.80159	66.17685	366.09534	134.29164	906.0	314.8	516.0	294.3	147999	100.28837	22.372326	118.32202	-53.05676	100.28851	22.372591	118.22717	-38.363285	-2.3287106	2.2943122	22.811289	-12.601057	-101.223	3.7887099	3294.1473848819733
38	570.2182	2.8496485	574.16565	566.4574	425.50693	146.52736	605.9331	222.92195	413.4279	140.95343	596.946	189.34457	306.61285	91.24979	416.1505	143.51973	1000.0	706.6	684.2	502.3	151999	100.37941	22.413157	117.76769	-46.715527	100.37934	22.41103	117.93047	-38.568657	-2.3610885	2.278593	22.932673	-12.850507	-101.311325	4.0721073	3392.854500055313
39	515.60565	78.22249	571.3711	366.61087	157.28764	31.130013	231.57893	127.05721	340.96646	215.64453	610.61914	116.730545	210.15219	44.118526	294.4298	144.44708	900.2	227.4	533.2	314.3	155999	100.62338	22.368057	118.26941	-40.34182	100.62304	22.36582	117.88583	-60.77898	-2.4322786	2.2516294	23.493172	-12.469183	-101.52925	4.358054	3483.1582322120667
40	583.7867	8.530361	595.5838	573.85034	162.0383	34.129665	257.98526	131.02448	158.4582	67.40128	354.76578	118.69988	171.47665	50.091156	257.73422	130.93948	1000.0	252.9	247.5	270.6	159999	100.94983	22.036337	117.86067	-40.268063	100.94986	22.0359	118.08023	-51.796917	-2.4114733	2.2870967	24.671682	-11.44852	-101.87252	4.045689	3568.328382730484
41	567.7246	13.083458	589.5769	556.3166	167.70447	50.353054	220.88026	105.07614	241.56218	180.37398	618.64294	115.07149	154.59999	40.50364	233.96281	101.69832	1000.0	275.5	395.1	255.7	163999	101.42641	21.728502	117.660934	-31.997887	101.42657	21.729128	117.96014	-54.828556	-2.4329917	2.3282578	29.012747	-13.115641	-102.34182	4.042539	3653.7032470703125
42	573.5769	7.0245147	578.46204	561.44977	159.17899	54.67416	275.31128	108.684395	254.00728	207.16623	610.14044	97.82224	146.31882	56.5752	288.55502	105.38835	1000.0	251.7	423.5	224.8	167999	101.8396	21.618011	118.13611	-48.463783	101.83953	21.615072	118.03942	-27.70808	-2.4732022	2.3055458	22.539272	-12.946654	-102.73488	3.7163093	3737.482269525528
43	494.62097	138.0938	577.4173	255.5025	155.26875	63.71634	291.32788	105.27413	152.9845	59.261997	301.34384	108.177574	137.16484	49.55073	237.80719	101.21949	861.25	227.1	216.4	192.5	171999	102.36413	21.213568	118.45397	-41.246937	102.36404	21.21337	119.08042	-89.275345	-2.4964082	2.282753	28.14168	-12.615626	-103.25605	4.157192	3818.7106602191925
44	406.36072	172.14624	578.68256	189.09933	133.29605	33.961906	230.23903	107.5756	222.02628	164.95297	557.3807	99.380775	135.06427	35.049	236.44228	102.741066	699.0	190.5	325.5	198.3	175999	102.86645	20.887821	119.97618	-48.427273	102.86661	20.88669	119.86454	-43.847736	-2.5101063	2.2653263	27.094067	-13.084234	-103.764946	4.0201936	3902.56147480011
45	558.1669	27.286545	600.9887	532.9336	227.40556	71.57806	346.9834	114.54669	238.60213	186.657	606.65656	123.698326	170.13455	49.230797	251.6962	118.14577	967.75	356.5	382.0	262.7	179999	103.25068	20.60392	120.83412	-47.221546	103.25062	20.602856	120.751755	-34.844524	-2.5302403	2.2234383	31.973316	-11.671019	-104.129524	3.6016142	3991.957465648651
46	570.3099	16.144115	589.53204	545.40753	176.00345	72.54389	329.42087	114.3555	305.64282	205.36754	650.4118	93.43385	166.66788	74.15997	306.1186	98.37912	984.0	254.6	494.2	242.1	183999	103.31533	20.633583	120.82768	-51.6319	103.31574	20.634104	121.80731	-37.51183	-2.5096374	2.2199023	26.178097	-11.925665	-104.18981	4.521968	4081.7785069942474
47	533.00586	79.33447	590.5073	380.72488	163.66309	50.884842	252.34508	94.06748	126.22347	30.785374	188.40762	92.4871	149.27779	45.982773	214.31688	93.69204	902.2	240.0	182.4	213.3	187999	103.55744	20.234467	120.7716	-68.82783	103.55802	20.231974	120.79731	-59.138397	-2.5005329	2.2019136	26.750349	-13.742621	-104.42031	3.9300957	4165.360156536102
48	350.55667	184.82605	608.14545	149.4691	200.53531	75.40514	320.0341	125.76156	334.78882	222.14503	608.9296	129.11049	173.20297	40.304745	259.111	135.45085	571.1667	294.9	530.0	244.4	191999	103.85861	19.927248	120.839516	-63.38919	103.85873	19.925268	120.865715	-20.266378	-2.4649103	2.239665	26.226194	-12.503558	-104.72816	4.685677	4252.1394991874695
49	340.23212	159.91216	591.16974	164.24057	156.87984	45.330265	256.58774	108.75527	201.75687	155.22633	642.64264	105.518684	141.37462	34.063362	204.26616	107.83679	560.5	218.0	295.0	201.7	195999	104.03637	19.37073	120.60465	-67.03884	104.03683	19.372145	120.629906	-67.081055	-2.470864	2.2465727	31.106472	-12.906696	-104.89125	4.771396	4337.485566854477
50	342.25244	150.28088	547.52673	121.734665	144.3101	45.413986	235.34473	97.314926	154.22134	52.350296	285.39407	103.86825	143.9895	28.036995	208.36783	122.12847	574.6667	226.7	228.0	215.7	199999	103.91708	19.586805	120.536964	-37.046127	103.91794	19.586082	119.87136	-50.80744	-2.511007	2.1953347	26.431915	-14.228935	-104.74675	5.5584445	4422.252856731415
51	362.77454	198.70119	605.92645	114.4598	166.86319	64.26427	315.76263	106.9995	523.7741	236.71136	787.3285	106.78555	188.80565	83.82071	322.72763	107.15055	591.625	213.8	732.7	249.3	203999	103.67401	20.015287	119.78398	-53.580574	103.6751	20.008286	120.086	-42.585056	-2.5209064	2.1666121	23.923887	-13.201376	-104.49263	5.977279	4512.587036371231
52	269.45953	142.79742	585.5696	130.67253	213.6753	76.60179	341.3971	125.00558	392.729	254.19826	738.9242	116.46541	243.27664	87.800766	383.54715	134.5657	440.5	287.7	551.7	316.4	207999	103.53674	20.077204	120.61336	-57.430748	103.53751	20.073587	120.23612	-44.74664	-2.4731596	2.1654131	28.343138	-13.94224	-104.350235	5.470665	4603.779100179672
53	458.1041	165.36566	592.0735	168.37454	271.90732	85.443954	412.39966	155.09082	155.86142	31.194721	239.51805	123.76088	205.68962	80.058	378.61182	120.86303	783.0	410.4	215.4	315.6	211999	103.17717	20.045204	120.12953	-52.354374	103.17774	20.042355	119.81884	-58.104935	-2.4486587	2.180562	28.356695	-14.207058	-103.98489	6.0239253	4688.296811103821
54	580.371	13.540633	598.999	565.66907	217.80411	89.58317	400.6239	136.17593	312.5174	185.16057	786.3586	118.41501	221.62544	85.37311	364.9211	139.87837	1000.0	276.0	395.1	290.0	215999	102.86046	19.826773	119.49308	-65.12474	102.86168	19.818628	119.71941	-51.463272	-2.4824312	2.151276	27.612446	-15.638894	-103.66384	5.5212636	4773.104837656021
55	549.8559	35.483715	573.66766	488.50116	152.3489	49.50863	263.5307	112.49541	228.52567	189.46666	605.5199	112.02685	167.08737	51.28914	266.8446	128.62634	968.0	214.5	351.6	236.4	219999	102.47511	19.658031	119.83297	-61.08048	102.47565	19.652042	119.29085	-37.63462	-2.4234116	2.1911623	26.831486	-13.57771	-103.26369	5.213401	4857.9906640052795
56	588.7953	19.35456	619.4303	565.97	151.89017	28.161053	226.10706	124.08053	311.6351	215.61908	753.7773	129.53053	152.33194	26.491014	225.69429	125.78645	1000.0	252.0	499.6	249.5	223999	102.242	19.56466	118.999016	-53.584545	102.24256	19.559635	119.184135	-53.302975	-2.4458923	2.1460142	26.07319	-13.020422	-103.01981	5.7755303	4946.742629528046
57	571.07	16.484276	598.0024	557.46094	194.40895	54.53656	304.52887	115.585236	237.83215	181.8017	603.62494	108.76884	199.87143	50.21043	273.44525	128.37595	1000.0	289.0	370.0	305.8	227999	102.04964	19.527573	118.848946	-32.390484	102.05016	19.52249	118.88397	-99.19686	-2.4299986	2.1798613	27.722898	-12.703638	-102.821846	4.2964654	5039.884717702866
58	583.93726	18.892996	600.4158	552.0637	171.66579	40.602406	235.47015	114.8132	275.01657	166.59314	584.01117	117.85737	148.1462	20.401089	170.68498	112.66234	1000.0	278.2	471.3	221.3	231999	102.07381	19.315365	118.5854	-91.16825	102.07495	19.307346	119.12473	-54.331406	-2.430939	2.1823769	22.01847	-14.635698	-102.84183	5.1989017	5126.782276630402
59	568.7675	12.955993	585.6709	551.65564	173.85532	44.9384	260.21902	126.35377	285.76215	146.13597	570.5003	112.70457	146.68869	21.138485	198.86188	122.49956	1000.0	284.3	470.8	235.6	235999	102.06419	19.185028	118.35479	-103.09848	102.06497	19.17857	118.69815	-77.72237	-2.4476805	2.1710489	24.506115	-13.56777	-102.844185	5.1749535	5213.353660106659
60	578.1272	22.43217	605.95483	551.6243	223.05899	73.88045	374.67194	119.900856	309.17902	202.42177	619.3639	129.38509	233.00908	104.007996	391.67502	118.93899	1000.0	357.2	492.5	348.6	239999	102.19957	18.922287	118.03803	-35.162834	102.20061	18.916973	117.664955	-78.187805	-2.491703	2.1376243	30.296675	-12.544756	-102.970924	4.7536902	5300.14980840683
61	584.60297	23.113422	611.7921	552.8428	193.6786	55.27394	278.37683	131.46968	269.35068	195.42758	692.72656	120.70513	161.48883	30.391506	221.42197	130.34267	1000.0	306.9	410.6	253.8	243999	102.10318	18.891127	120.45192	-52.53064	102.10394	18.885374	118.39595	-76.92062	-2.4947505	2.1465364	25.623116	-12.300326	-102.86018	4.665359	5382.15215587616
62	575.6782	9.321922	585.2202	565.6307	164.53046	54.70057	323.8882	123.92691	145.89796	24.727613	204.14777	120.28837	158.73343	48.68866	301.83777	130.18794	1000.0	257.2	224.1	244.0	247999	102.25311	18.64329	117.8969	-67.44365	102.25402	18.636362	117.51737	-61.31306	-2.5219193	2.1485827	23.635393	-12.542848	-103.011795	4.796289	5458.581081151962
63	573.9601	14.211817	596.03937	557.1603	161.90408	49.337044	245.75754	107.4037	193.08409	148.83125	626.67346	104.80803	194.8934	49.628666	254.31923	111.605194	1000.0	263.7	307.8	320.5	251999	102.32084	18.512482	120.195145	-62.250977	102.32239	18.501146	118.0738	-20.815483	-2.4934218	2.1330507	22.212776	-12.134737	-103.07765	5.0530925	5537.229555130005
64	544.911	35.89355	573.6074	483.5073	220.5937	76.35684	359.27087	155.62952	348.21893	154.02538	603.14044	157.071	219.70963	57.62589	340.7647	164.14037	953.5	344.9	569.8	333.4	255999	102.32333	18.610588	121.61227	-53.450035	102.32402	18.60735	120.07828	-131.88586	-2.4944384	2.092126	27.866627	-14.875059	-103.082054	4.902697	5621.372508525848
65	583.2006	14.389731	605.0451	568.27954	181.34598	118.01996	437.53528	97.13744	286.65213	148.3818	518.20245	123.69425	167.68144	70.062904	297.31708	110.96319	1000.0	309.0	528.1	287.6	259999	102.51805	18.36328	124.547516	-50.831116	102.51867	18.3564	124.69398	-41.89139	-2.5017092	2.104353	32.056408	-12.998339	-103.28939	4.429407	5704.348843336105
66	580.18524	10.292426	596.1483	567.40674	635.14545	106.795784	689.15485	317.07642	526.4708	153.57465	690.75146	325.36108	566.22595	153.41576	688.9848	333.03418	1000.0	955.3	821.5	874.0	263999	102.78935	18.201582	132.03934	-55.16779	102.78951	18.193087	127.22015	-28.258533	-2.4717243	2.1533635	26.971039	-13.30335	-103.57502	4.67797	5805.6392557621
67	600.5681	14.351629	613.49976	577.3279	124.32619	14.13022	155.7637	109.13013	205.45	114.936584	496.80823	103.58344	154.37065	78.14771	315.52734	91.57938	1000.0	185.3	353.1	238.0	267999	103.02625	17.91491	120.7417	-45.450333	103.02682	17.90895	120.94686	-73.46682	-2.471512	2.1191065	31.884846	-13.965938	-103.79037	4.2936573	5883.24974656105
68	568.6764	9.910528	585.5464	561.2656	188.31573	74.57644	296.60272	107.37851	259.33047	176.3025	589.80884	98.67975	129.9855	45.61858	264.76175	98.12621	1000.0	284.3	414.9	200.9	271999	103.35028	17.89176	122.27878	-40.777306	103.35143	17.88574	122.19861	-98.58274	-2.500794	2.1041985	37.90929	-12.820524	-104.10299	4.5258017	5964.662360191345
69	579.85443	8.389368	587.94885	566.9673	128.6305	57.319855	228.66302	82.83767	265.41238	228.97995	635.18256	97.50892	185.33266	43.530197	227.19737	107.6777	1000.0	216.9	440.8	313.4	275999	103.59834	17.737162	121.48209	-46.141846	103.59929	17.730328	120.70717	-65.715	-2.5237894	2.1025789	29.421326	-14.575137	-104.35592	4.580202	6044.917682170868
70	402.59595	211.684	592.8658	81.33214	165.1362	65.47628	273.6626	105.09611	192.00992	173.62769	646.63416	80.90085	156.80197	95.73338	377.4432	84.028946	675.5	223.1	276.0	212.6	279999	103.8619	17.723532	119.3677	-73.851326	103.86248	17.71779	120.0929	-44.971466	-2.563499	2.0645099	23.502123	-13.762747	-104.60978	4.6279054	6121.0413682460785
71	575.3873	5.3419423	583.43933	569.9645	110.70239	49.747562	221.42296	77.93667	230.47949	209.16292	690.64374	85.109024	93.02107	11.900129	126.7589	83.215904	1000.0	158.8	348.0	130.8	283999	104.12267	17.57976	120.51777	-79.08729	104.12317	17.574476	120.19892	-83.36745	-2.594403	2.0449405	25.371243	-13.386457	-104.87297	4.280102	6199.40115237236
72	575.1841	2.0945542	578.7751	573.73315	104.44208	45.430103	202.3905	74.33111	166.20631	182.16037	680.7763	76.37843	119.386314	49.713158	203.93442	82.02931	1000.0	149.3	237.1	166.9	287999	104.36636	17.480074	123.09593	-53.412224	104.36726	17.474121	122.82507	-60.417793	-2.5864341	2.0485382	24.657232	-14.134542	-105.10891	4.107836	6273.901544570923
73	573.7934	6.521828	581.7787	565.6988	173.84616	82.71515	306.11517	108.81349	247.14067	274.73865	799.0354	92.8161	165.1588	80.54644	319.16345	99.22689	1000.0	216.8	311.3	204.9	291999	104.65679	17.301083	120.278244	-77.42787	104.65757	17.289003	122.27407	-41.422302	-2.6040611	2.0414724	25.493525	-12.832429	-105.390205	4.107118	6350.346229553223
74	581.3245	3.9561715	587.2038	576.1541	171.64111	91.67232	328.35175	106.208046	224.71957	169.22755	690.2592	100.15443	169.67952	89.134125	331.1422	103.59437	1000.0	249.3	327.0	245.2	295999	104.86801	17.134588	120.4113	-78.02689	104.8682	17.121754	121.37604	-47.96637	-2.6064315	2.048069	28.439665	-13.242261	-105.61459	4.6295447	6428.365829944611
75	580.4059	13.674222	600.2475	563.1692	180.97058	68.54731	270.24646	114.082184	299.5785	217.08763	653.32806	116.39195	189.71355	62.646095	278.052	115.14497	1000.0	248.0	470.4	271.3	299999	105.02169	17.40842	120.58878	-37.854534	105.02176	17.401554	121.51473	-39.27805	-2.6180744	2.0295196	24.837547	-15.1914215	-105.76027	4.058172	6508.849849939346
76	583.39	8.389843	592.0607	571.8038	153.81706	71.496925	302.85583	99.496925	334.30692	306.0188	801.57135	99.808075	161.47075	70.54535	281.80197	104.2684	1000.0	190.0	417.8	202.7	303999	105.32632	17.066025	120.69877	-59.735554	105.32686	17.056105	122.20345	-60.56411	-2.5890722	2.0384963	24.731682	-14.152265	-106.05099	3.9910018	6586.489236116409
77	583.3917	4.1573086	590.3836	579.5115	239.96545	69.55123	309.90082	127.285065	523.32245	243.90378	782.34576	114.08386	153.73581	59.18863	276.1961	115.400276	1000.0	315.6	765.1	199.9	307999	105.48313	17.089602	121.71872	-53.558052	105.48329	17.07955	120.50036	-48.184483	-2.5766213	2.0497315	32.46384	-13.35926	-106.212685	4.6436977	6669.918339014053
78	579.4852	11.430011	589.7481	560.5172	239.40755	85.85219	358.85358	145.53789	312.0176	196.74982	666.334	131.10498	173.22356	50.190273	291.42654	131.46407	1000.0	308.9	432.1	232.9	311999	105.70834	17.008955	126.08015	-59.630936	105.7088	16.999823	126.06789	-41.201313	-2.6003058	2.0438294	35.22413	-14.600459	-106.44159	4.59304	6752.384267091751
79	602.4962	9.575941	617.71216	593.3656	379.58652	182.8932	713.6532	131.75395	387.83676	175.66684	592.6146	109.435616	327.78857	192.31645	588.0281	97.4791	1000.0	631.0	691.5	584.4	315999	106.02414	16.991802	171.79523	-43.295757	106.02431	16.98765	172.5779	-45.280697	-2.5541794	2.1958473	32.89417	-12.129877	-106.877174	4.740191	6844.812192440033
80	486.7832	219.86674	613.99994	47.418415	231.21146	73.96606	337.636	134.786	191.8621	71.16712	364.75385	128.56964	249.0931	101.20654	371.3844	142.96976	810.8	326.9	275.7	341.2	319999	105.89176	16.785337	136.33441	-36.938812	105.89148	16.777504	135.04695	-31.291668	-2.5877562	2.00385	22.23259	-12.168705	-106.61854	3.7649329	6926.200956583023
81	586.5852	16.682594	615.46704	576.25165	149.30807	53.378002	237.30838	110.80229	241.04655	212.81683	703.4929	101.80841	137.89859	64.191345	274.22296	97.743675	1000.0	203.1	349.7	187.4	323999	105.94156	16.78779	122.67397	-79.746864	105.94182	16.781458	120.714905	-49.26641	-2.6276972	2.0171206	21.884674	-12.841545	-106.664566	4.305307	7003.776092290878
82	577.1233	10.026363	585.5437	560.9913	187.87315	67.17397	280.67386	121.77389	208.63135	86.59792	393.07663	122.50277	190.65253	74.64632	304.3449	118.10365	1000.0	237.4	280.8	245.9	327999	106.03824	16.633327	121.39033	-44.723843	106.03846	16.624067	121.533844	-29.275345	-2.6351793	1.9962215	21.21465	-11.476018	-106.76	3.6540887	7079.976279735565
83	592.6012	11.981148	610.0856	579.95984	391.88678	198.93837	626.80804	137.53699	391.53632	221.98605	643.4642	138.19792	208.15572	63.001766	301.81357	134.53534	1000.0	594.7	600.0	293.5	331999	106.16888	16.586136	128.31813	-79.40081	106.16891	16.58243	123.296326	-93.04241	-2.6391807	1.9872999	26.477968	-13.280708	-106.88594	3.4688575	7165.961871385574
84	594.45874	14.762365	614.34045	576.3844	178.56485	66.9757	301.68222	125.55307	240.40752	172.14351	715.95825	127.30036	192.62361	59.570374	298.56174	130.71075	1000.0	242.7	327.5	258.9	335999	106.27771	16.464344	133.39856	-106.99434	106.27795	16.450508	137.11086	-33.327545	-2.6484556	1.9744102	22.175224	-14.638149	-106.98073	3.3823764	7243.993963003159
85	581.08246	13.505591	601.62335	563.7889	191.92369	64.22863	299.95544	143.49724	170.83578	56.530926	338.01462	138.36104	157.66527	38.43496	270.09436	132.32658	1000.0	249.0	220.3	204.1	339999	106.44227	16.328344	142.6061	-68.98699	106.44255	16.321405	138.84561	-46.887817	-2.656107	1.9898944	27.44093	-11.971115	-107.15249	4.1364493	7320.387874126434
86	583.01514	10.137158	598.29987	570.519	612.9077	127.27847	696.1124	357.72006	700.7108	22.29882	763.99994	681.88446	630.3895	112.07931	700.15216	391.62488	1000.0	911.5	1000.0	930.3	343999	106.55594	16.082949	156.18547	-48.18894	106.55551	16.076172	147.42181	-62.896282	-2.6652725	2.0048363	22.011938	-16.117516	-107.27348	3.9764955	7425.33615064621
87	480.9645	237.17508	611.7666	7.0374284	162.84471	44.20939	242.41817	116.33469	153.99126	44.327477	273.94788	103.99046	176.73538	48.701332	244.92868	115.94296	806.0	242.4	227.1	263.8	347999	106.60217	16.145315	143.11694	-39.964478	106.60177	16.144745	138.40004	-63.485554	-2.688897	1.9943199	21.029434	-11.958487	-107.33294	4.1263905	7509.07531452179
88	571.7711	8.021235	579.06647	559.6094	176.67198	21.380877	207.73778	145.08856	189.93199	123.869705	540.94727	105.483826	159.69055	85.86921	396.69012	102.028145	1000.0	263.2	298.0	235.8	351999	106.78547	16.090984	121.62092	-59.900585	106.78586	16.08568	121.22995	-22.756157	-2.6966724	1.9406031	20.985481	-14.448163	-107.49363	3.9628003	7587.127130508423
89	562.82965	7.3269925	571.3418	551.4992	159.7307	39.37386	222.72308	99.300835	233.54338	152.65268	537.4217	129.4377	159.77032	46.608173	284.86664	122.74243	1000.0	227.0	379.2	230.0	355999	106.9811	15.961071	121.77486	-69.98931	106.98055	15.960819	121.64945	-55.848347	-2.6891663	1.9644148	25.336224	-13.947887	-107.68774	3.6943653	7669.2722589969635
90	590.81683	15.656418	607.15173	565.1459	176.32883	54.27316	265.28192	122.84941	287.4806	211.12141	626.5443	109.58213	159.95026	57.03979	272.27856	106.20333	1000.0	252.3	454.6	232.4	359999	107.01604	16.03195	120.72117	-42.4591	107.01514	16.029133	120.90192	-37.8632	-2.7068157	1.9478908	23.341198	-14.053312	-107.71411	3.6272743	7755.92472410202
91	577.5434	4.808493	585.2589	572.7598	202.32066	70.77994	371.34186	150.12349	300.85516	158.04619	674.1712	136.27571	329.02484	176.56113	619.4738	145.11533	1000.0	257.7	393.0	485.4	363999	107.12629	15.965252	121.19913	-100.44052	107.1262	15.963076	121.53879	-101.90457	-2.687014	1.9657536	21.72948	-13.080889	-107.84381	3.6535673	7848.263917207718
92	580.00793	8.41955	592.8782	570.40784	199.25067	61.615997	348.8161	148.91881	189.93106	52.95879	307.88974	119.52611	227.80582	69.262566	338.50256	156.302	1000.0	264.5	249.1	301.6	367999	107.20476	15.982415	121.87777	-119.7213	107.205	15.973911	121.8432	-57.087402	-2.706679	1.9432597	19.66345	-12.567584	-107.916794	4.191774	7934.6673266887665
93	580.07654	3.1710773	583.64185	576.1858	234.56311	86.45582	366.16388	125.71846	237.6624	130.75674	532.0666	131.6968	292.47147	179.43927	617.51953	122.393715	1000.0	321.0	373.0	441.2	371999	107.26323	15.991568	123.45852	-48.967686	107.26293	15.98811	122.41963	-104.55087	-2.7311292	1.9466746	26.79358	-12.655925	-107.958565	3.7482672	8026.372549772263
94	576.70795	11.132674	592.0712	561.54254	183.79343	63.554173	329.69925	121.643616	201.0159	133.48346	568.6134	93.29618	162.55185	48.341217	261.81375	109.29074	1000.0	257.4	303.3	230.8	375999	107.28017	15.81243	121.850235	-106.70562	107.28031	15.802711	122.22484	-63.33732	-2.7211194	1.9415517	23.067865	-14.71033	-107.97051	3.4624908	8125.284866809845
95	576.4946	10.209301	593.3713	566.066	163.17447	47.214508	286.4051	118.47079	228.3083	129.59563	587.4511	125.1409	189.96661	51.710564	265.18307	128.67699	1000.0	224.9	352.2	268.0	379999	107.37355	15.544385	122.26367	-101.77181	107.37406	15.538987	122.211205	-110.05389	-2.7213135	1.9130896	26.258087	-15.950793	-108.06979	3.1653404	8215.010326623917
96	577.2843	17.398962	606.8922	563.22034	175.76547	56.24955	268.54388	104.847374	269.0462	177.28078	604.88635	125.516716	136.23941	16.645765	165.21144	114.32267	1000.0	267.4	429.5	190.2	383999	107.39218	15.668003	122.13561	-104.18154	107.39268	15.660742	122.78181	-72.70134	-2.72368	1.8994652	22.324688	-13.570469	-108.08895	3.0746453	8302.604266166687
97	571.85046	5.4115887	581.0849	567.27405	345.56348	64.800934	453.57874	225.34293	382.77155	163.74101	724.1905	156.90591	307.7569	99.47991	443.25146	158.356	1000.0	491.6	587.9	468.8	387999	107.59917	15.3851185	122.01242	-42.13219	107.59924	15.379937	123.23513	-43.384087	-2.7434208	1.8809376	22.985134	-13.855959	-108.29547	2.8876944	8398.61494898796
98	586.4923	6.774939	591.09296	574.7898	189.27847	52.785053	303.78314	116.29454	306.76315	162.97835	610.5233	116.23559	171.72955	46.192116	281.31134	118.68218	1000.0	273.9	470.5	244.7	391999	107.63557	15.494887	122.04201	-129.12805	107.63574	15.481539	122.6928	-46.210007	-2.7305288	1.9145316	24.700367	-12.477708	-108.33087	3.5530164	8486.135618686676
99	578.4932	8.291119	587.655	566.40924	205.78207	59.934025	312.98712	137.31052	216.80339	90.23947	356.61447	117.23451	183.36404	72.20975	310.2938	111.842285	1000.0	296.9	313.2	263.8	395999	107.63161	15.3680725	122.98347	-92.79955	107.63108	15.356034	123.4825	-15.22772	-2.7586148	1.9002166	23.50835	-12.555042	-108.32279	3.1318495	8572.108822345734
100	579.94214	6.430771	588.23376	573.6549	277.90738	191.53094	689.39557	128.7243	456.5953	196.85028	684.65204	154.7095	385.8248	240.70961	702.0346	128.40056	1000.0	400.2	685.9	568.7	399999	107.54349	15.3706255	127.827	-23.903131	107.54375	15.371951	122.39168	-65.35258	-2.7336214	1.8849012	22.539724	-15.311475	-108.2247	3.413954	8674.660583734512
101	498.14267	179.53468	602.65436	139.83871	167.5021	50.754066	254.4042	121.01548	313.3853	199.77013	609.8201	127.33654	198.00574	72.09025	287.2752	117.80901	843.2	243.4	493.1	298.0	403999	107.60494	15.254832	120.965645	-85.28609	107.60484	15.246709	122.42809	-19.953875	-2.7247925	1.9031749	24.828888	-12.86435	-108.28943	3.1098928	8765.625547647476
102	581.15924	23.487553	620.31714	562.2432	221.77805	63.276028	386.426	168.11108	308.35483	158.99913	619.05444	185.31636	211.52959	45.99725	303.14606	167.96611	1000.0	334.9	476.9	320.5	407999	107.66222	15.048422	121.38428	-32.43046	107.66166	15.043096	121.58004	-73.87671	-2.7691853	1.8814968	23.856056	-12.623878	-108.34654	3.067525	8857.067417621613
103	581.0931	8.996988	590.5266	570.33185	260.64435	53.063736	344.53366	162.91487	335.63345	178.222	659.9228	180.96329	303.42703	110.96622	618.5202	177.7478	1000.0	364.5	525.9	451.3	411999	107.59894	15.156918	122.107	-69.19642	107.59818	15.150197	121.851524	-121.10043	-2.7530189	1.8996018	21.698217	-16.18371	-108.279106	3.2676153	8952.28910446167
104	584.83386	12.334816	604.6156	570.7586	173.22267	72.849525	386.9812	127.186455	373.45926	198.70241	608.7079	152.23174	183.947	60.069195	308.58633	133.46889	1000.0	242.4	582.6	261.4	415999	107.64536	15.083807	121.72203	-16.012636	107.64564	15.083239	121.92182	-89.99477	-2.7127395	1.9338801	25.480928	-14.785328	-108.33758	2.8871899	9042.541936635971
105	587.23	18.016693	617.90295	572.63306	273.6983	134.04395	602.6295	155.24387	457.55957	185.32689	639.36035	175.52103	297.14664	161.6082	616.22015	166.73595	1000.0	391.0	715.5	436.4	419999	107.88335	14.85791	138.2578	-44.633858	107.88316	14.849199	126.44136	-47.283413	-2.6958015	1.9883921	62.26089	-12.910599	-108.59403	2.9085464	9142.530929327011
106	584.65405	9.00916	594.62354	574.65424	289.6902	67.91419	403.3191	188.07857	356.62418	161.44096	615.91565	184.04941	260.54352	43.4724	353.34558	218.6294	1000.0	442.0	574.5	386.7	423999	107.86586	15.083295	121.121994	-89.96467	107.86647	15.082797	124.291214	-76.02131	-2.749612	1.8868731	25.229174	-14.121891	-108.54285	3.6812665	9238.759740114212
107	574.426	6.496819	585.60046	570.0277	321.91528	33.36129	386.85205	284.10638	412.667	175.69496	697.6194	168.68866	539.3156	126.02022	698.40204	318.21512	1000.0	471.8	603.6	811.6	427999	107.98994	14.932432	121.49817	-109.50968	107.99016	14.926258	122.207695	-38.719753	-2.757362	1.86309	22.21037	-16.59641	-108.679535	3.141192	9345.94164776802
108	582.4105	5.671163	589.3233	573.8964	226.5026	85.99606	378.3182	133.60886	263.68347	122.171715	516.6711	146.65054	242.66118	72.24793	356.63123	147.04184	1000.0	360.5	464.2	400.0	431999	108.05527	14.780567	121.58311	-16.901518	108.05438	14.777229	122.86247	-103.07979	-2.766977	1.8464978	23.543474	-12.477311	-108.73887	2.8285317	9441.723742961884
109	579.87726	7.989012	590.6752	570.72437	438.09146	105.44525	558.38086	244.6441	492.89737	92.678505	621.2367	314.67856	459.35248	88.413025	543.7806	315.16922	1000.0	782.0	876.3	800.2	435999	108.04925	14.842753	122.29451	-109.206924	108.04898	14.84328	122.42427	-125.18764	-2.8104231	1.8390958	22.15512	-13.060634	-108.71745	2.876871	9557.826566934586
110	578.5185	11.503958	597.44635	567.89923	302.3641	78.5312	448.64246	186.48962	313.95593	155.17697	540.53394	135.76025	432.48062	164.00859	666.1862	159.10931	1000.0	477.9	559.6	734.8	439999	108.04122	14.864705	122.134636	-67.25745	108.04166	14.869595	122.73573	-106.518486	-2.7754116	1.870644	19.98833	-12.486282	-108.722046	3.3229957	9660.212141513824
111	581.7602	10.131367	596.9774	571.6655	211.22324	64.85685	313.29416	133.0535	224.71411	112.827614	526.7135	138.96814	205.08969	66.82648	319.06308	121.57108	1000.0	342.8	370.1	328.7	443999	108.15792	14.542268	122.15769	-44.316643	108.1571	14.536837	122.51601	-50.837326	-2.7925084	1.8288058	20.811884	-12.613007	-108.84169	2.7061708	9755.7308883667
112	579.26587	5.252832	583.90015	570.35657	277.81332	155.0704	660.4966	151.61166	381.89853	221.39337	751.5156	145.24463	272.90366	103.81364	446.35825	142.63799	1000.0	407.4	585.1	404.9	447999	108.09511	14.5346985	121.35965	-56.69852	108.09421	14.531262	122.22667	-74.969734	-2.7997224	1.8279098	22.544476	-12.81986	-108.77133	3.2465513	9853.97189283371
113	580.26984	13.502468	601.90283	565.27435	546.0965	29.470686	562.48413	460.25024	477.42743	112.11471	593.8742	271.19617	417.7273	161.91634	592.8424	218.33357	1000.0	965.1	825.6	721.5	451999	108.12227	14.411286	122.3682	-42.7581	108.12203	14.406457	121.90895	-44.450146	-2.8083968	1.8181784	25.252996	-12.866395	-108.79811	2.652711	9970.831280946732
114	581.07495	10.843162	593.2524	565.5095	320.7098	132.81522	534.4013	144.96205	529.1267	182.08821	783.1946	197.9934	397.93723	180.36586	570.0085	140.7347	1000.0	512.3	857.8	705.0	455999	108.24106	14.293265	123.19739	-95.07228	108.24106	14.298538	121.81934	-119.66307	-2.8210711	1.8126596	26.543762	-13.744438	-108.91057	2.834383	10076.277604818344
115	578.0164	2.6582208	580.5887	574.14716	282.7845	84.36182	412.13327	171.65875	408.74057	161.2552	601.3386	144.91588	317.36322	76.63373	415.5237	165.35722	1000.0	412.7	701.1	462.4	459999	108.24591	14.284091	122.15101	-44.968704	108.24513	14.28135	122.94671	-33.3389	-2.7965126	1.8201677	28.946592	-13.257879	-108.911156	2.9776378	10175.352095603943
116	590.8056	11.610458	602.4053	574.3247	304.1302	61.71968	449.0356	220.9362	288.37103	111.00257	578.6726	166.48486	270.54803	52.299774	389.11496	211.0096	1000.0	426.4	412.3	385.6	463999	108.35763	14.271813	123.21689	-52.55419	108.35734	14.266	123.8482	-72.648155	-2.833222	1.8012756	28.479733	-13.809557	-109.02948	2.5709538	10269.852791547775
117	586.8214	11.193506	601.2542	573.9321	400.33588	162.46414	625.8408	160.8235	429.49063	181.86076	618.10803	147.81425	282.87045	101.67035	416.4999	152.2814	1000.0	603.0	693.8	398.8	467999	108.33269	14.402956	121.96714	-44.80445	108.3315	14.406786	121.70087	-74.15709	-2.8062553	1.8171937	22.321539	-13.423565	-108.99241	2.878164	10371.300797700882
118	577.9894	11.65195	597.67773	567.8449	319.16595	71.9712	408.50458	192.91208	406.06534	127.41175	623.1611	227.1267	315.72516	92.02334	459.5488	199.94624	1000.0	480.4	638.8	465.1	471999	108.45175	14.134479	122.72764	-36.277473	108.45148	14.131739	123.00215	-58.676197	-2.7845218	1.8152323	23.175129	-11.685873	-109.1242	2.5958369	10471.168278217316
119	578.6892	6.0432215	588.3687	571.77094	360.17075	172.08502	531.9013	157.01654	428.29608	192.51918	677.64465	181.89432	271.23712	56.916786	345.6164	187.99387	1000.0	633.1	714.5	397.5	475999	108.47498	14.273707	123.544495	-95.94871	108.47448	14.262508	122.54938	-34.927677	-2.8171685	1.8135793	26.99404	-15.872558	-109.14286	2.5874608	10573.646847486496
120	584.84265	2.8671598	589.60736	582.345	235.49133	53.22681	318.46005	173.92358	372.63004	157.58775	642.8099	194.49399	256.70108	67.855995	367.43277	160.26434	1000.0	330.2	605.8	359.9	479999	108.58507	14.069925	123.866905	-84.84455	108.58547	14.064416	124.061745	-107.715965	-2.8125029	1.8090497	19.900583	-13.130454	-109.2615	3.3169103	10670.462463140488
121	584.01526	9.2607975	597.5133	571.87756	479.3938	141.05661	611.45264	272.83945	419.62946	143.30937	605.248	216.27028	438.0019	132.98563	603.93225	258.42184	1000.0	743.4	658.8	676.6	483999	108.69288	14.142616	123.71682	-39.89089	108.69251	14.13923	123.62512	-31.560972	-2.8443637	1.7981102	21.504986	-14.575309	-109.357414	2.451258	10779.5401263237
122	578.95435	7.2400517	590.63293	572.7686	432.2151	121.68426	596.5905	263.66092	463.66986	190.17786	669.5994	139.95398	475.4349	140.99593	647.2076	252.7815	1000.0	698.3	789.1	782.5	487999	108.7974	14.070163	122.41423	-69.54712	108.79731	14.066363	122.56675	-45.31426	-2.8573194	1.7662086	23.95205	-12.73498	-109.471405	2.2184947	10886.404923439026
123	590.05725	13.91697	606.27527	571.4176	217.00131	58.392483	313.25644	143.14334	379.92725	193.01884	654.1751	161.47299	272.13556	75.50006	349.96725	150.24786	1000.0	319.8	608.5	385.4	491999	108.907	14.022343	123.044075	-139.82129	108.90719	14.015901	122.827614	-99.45605	-2.864919	1.7684661	23.841625	-13.424076	-109.58132	2.8573196	10981.07547545433
124	593.38965	6.7663703	598.33716	581.7508	231.4692	39.331142	297.96854	185.70721	258.01367	143.10089	657.5056	123.3336	247.68608	41.51202	311.43787	190.70668	1000.0	329.7	367.8	361.4	495999	108.95242	14.102707	122.99386	-33.535122	108.95207	14.097541	123.32915	-20.828583	-2.866438	1.7844464	22.185812	-13.314655	-109.63412	2.7266152	11071.072413682938
125	575.6514	2.904291	580.40894	572.6787	531.735	110.32608	595.5639	297.55795	480.80597	144.09941	676.5317	262.1283	361.17828	148.80911	616.74994	217.87209	1000.0	886.4	795.6	580.0	499999	109.11027	13.860521	123.66441	-103.3829	109.10987	13.856492	124.09154	-47.386482	-2.8440306	1.7910208	22.079247	-14.163975	-109.77769	2.612206	11176.035914421082
126	577.63776	17.946323	603.98895	553.9334	195.95198	62.18909	307.6613	120.58923	243.82446	150.10776	532.22003	117.80284	256.04175	94.599464	434.59125	160.6851	1000.0	265.9	407.5	397.2	503999	109.19897	13.651497	122.82648	-98.34337	109.19886	13.631229	122.84512	-98.41957	-2.8387928	1.797079	24.3306	-12.35775	-109.87308	3.1137104	11265.183763027191
127	25.232357	108.27153	578.336	-9.105274	481.27277	165.08968	582.32654	122.15278	563.9414	10.09416	593.4467	554.81415	576.78284	26.725395	652.6046	558.10626	63.632355	859.0	1000.0	1000.0	507999	149.84747	63.19088	441.939	-27.231459	149.84909	63.199257	423.2458	-48.29639	3.015471	7.7297916	86.31119	-12.277058	-161.13304	38.905563	11382.91262435913
128	97.869156	169.48622	588.16656	6.726917	15.279551	2.3308587	19.368189	11.414339	181.4807	194.03764	557.08374	16.84738	16.434277	2.5432045	20.769392	12.000545	190.8421	30.2	327.6	32.0	511999	300.91354	46.20424	419.36417	-113.66542	300.91257	46.19132	405.1313	-33.037315	3.0502062	3.9983008	43.5168	-12.634817	-306.24777	39.11734	11464.643384933472
129	404.8873	238.80429	598.9479	14.896981	293.3256	55.495174	422.76654	232.41994	317.33865	105.15557	606.62524	212.48714	278.50848	40.68933	381.4877	239.23778	719.8333	434.8	459.8	411.2	515999	291.5943	41.955677	364.7037	-34.60256	291.59537	41.96842	369.67712	-23.308647	-0.397202	2.7639177	35.22084	-14.20706	-292.9581	29.685238	11558.482042074203
130	570.34357	64.772446	634.9235	462.32727	368.1452	90.88429	465.1185	153.05473	444.78497	152.21771	638.36993	235.91737	319.60773	58.97952	386.7142	208.51941	971.0	586.2	729.5	473.1	519999	261.12784	36.577965	307.45065	-103.67265	261.1271	36.58011	310.31024	-38.587284	-1.3590307	2.561588	39.612206	-14.043399	-262.05432	20.317	11658.041405200958
131	591.8253	35.951054	636.45624	543.7157	430.75714	175.30333	669.2446	179.18729	465.20868	163.65092	578.4847	181.12529	263.6267	152.87543	572.8781	175.38857	1000.0	761.5	817.6	481.8	523999	232.61497	31.868635	277.52975	-30.437103	232.61388	31.869957	271.5952	-52.11525	-1.9150184	2.4002957	32.59975	-13.332785	-233.40282	16.662527	11759.64274430275
132	599.7516	14.657487	617.8914	577.07776	512.8827	97.82674	652.6955	326.73804	592.4305	41.547604	652.25116	528.8898	526.4637	53.37967	577.7325	378.0688	1000.0	899.3	1000.0	954.0	527999	208.79955	28.429718	240.8743	-22.347246	208.79807	28.437801	244.7655	-24.98544	-2.0916061	2.326325	32.01525	-14.014158	-209.57822	14.21676	11873.399558544159
133	609.0326	13.205246	630.09296	596.37976	593.8907	74.414	655.7914	392.3094	555.1497	123.65073	660.0365	267.53336	548.6785	102.40944	646.7766	378.6451	1000.0	963.1	892.0	869.9	531999	189.40791	25.998531	214.75116	-43.511436	189.40858	25.996445	216.14699	-25.639227	-2.2077188	2.20541	28.91263	-15.287421	-190.14392	11.692301	11995.508651018143
134	588.3394	10.031353	603.64374	575.808	348.50818	80.06935	497.07883	272.52023	479.1167	193.69867	678.87085	221.62993	580.83936	85.42127	639.0071	394.87103	1000.0	531.5	740.1	928.6	535999	173.8024	23.60293	201.82903	-39.0841	173.80267	23.610006	198.0298	-92.13709	-2.3164017	2.1393924	28.570827	-14.096241	-174.52579	9.69159	12103.19630765915
135	601.0697	25.557384	642.92334	574.04285	240.87312	39.201294	314.5566	191.89952	246.4936	63.57436	349.52563	177.1505	259.41092	57.40167	356.76465	186.56891	1000.0	365.7	376.0	401.3	539999	160.9712	21.910189	192.37875	-35.414265	160.97192	21.90704	183.17215	-37.343193	-2.298134	2.1407192	25.82046	-12.181688	-161.6857	7.5480027	12194.318875551224
136	597.14185	20.04282	623.55316	567.8544	545.05554	120.85275	622.1417	275.2487	597.45215	14.343849	612.76416	572.26373	569.7921	100.27516	612.5055	271.50067	1000.0	906.0	1000.0	947.4	543999	150.79623	20.16001	173.488	-29.096075	150.7963	20.161913	171.40718	-26.528873	-2.3708968	2.1194623	28.51935	-12.221429	-151.49287	7.073282	12306.704830408096
137	590.51917	15.320148	616.5815	579.20135	375.61084	199.92612	720.8215	178.06828	439.8755	195.26471	680.34375	164.08124	285.46268	76.260475	427.6472	185.96921	1000.0	558.6	681.3	416.2	547999	142.49117	19.139404	160.90842	-59.03767	142.49129	19.132818	161.36821	-37.26719	-2.4930077	2.0688646	29.481174	-12.228846	-143.18402	5.546301	12409.061488866806
138	573.1586	2.5179958	576.3075	569.26404	626.36316	100.500984	688.7626	339.64618	605.24164	111.97582	766.43115	310.94424	700.4816	124.60629	787.64624	357.77255	1000.0	919.0	942.8	939.7	551999	135.73724	18.202885	153.07495	-56.262337	135.73814	18.204077	153.88676	-41.621593	-2.5795233	2.0221016	34.332996	-14.353851	-136.41878	6.0424128	12523.001811981201
139	580.02423	13.625801	596.3763	564.11005	345.9066	52.406292	418.67926	264.31848	415.40533	154.19664	613.08594	219.2168	443.93906	147.995	639.35004	274.69485	1000.0	519.6	668.1	682.6	555999	130.3243	17.269882	149.02325	-33.254013	130.32385	17.264172	147.19653	-32.821297	-2.6335478	1.9586681	27.533443	-13.214775	-130.9991	4.478706	12622.959966659546
140	587.1833	8.4565735	599.4441	577.85034	381.91586	132.69783	648.7795	225.235	432.92157	137.53441	652.47327	203.12477	369.86884	102.38966	657.0314	279.06052	1000.0	753.4	780.2	699.9	559999	126.05811	16.59129	143.12775	-43.945023	126.05749	16.587027	147.33511	-40.047783	-2.6909435	1.9440308	29.452301	-12.843815	-126.72939	4.3028193	12728.438183784485
141	583.32556	12.397129	603.0326	570.7692	227.863	50.453075	304.65088	135.97049	392.0539	208.49672	662.90063	156.67603	263.05487	45.91891	340.0423	150.69136	1000.0	359.7	609.8	410.5	563999	122.67303	16.136662	138.13971	-73.91184	122.67286	16.134155	139.23857	-54.943947	-2.7344363	1.9216149	25.173353	-12.753803	-123.3463	4.318117	12822.311359167099
142	595.36475	15.567771	611.4915	578.9761	179.87611	29.694693	250.60632	125.97487	223.86919	85.10117	376.9933	131.08241	222.07462	49.208668	332.69366	181.36731	1000.0	282.3	333.9	340.1	567999	119.86831	16.004961	136.33884	-45.936985	119.86851	16.004606	134.95334	-44.97607	-2.7686963	1.8845834	22.431015	-12.867678	-120.53489	3.9416876	12909.268182516098
143	588.08527	8.310806	597.28436	574.58844	276.1345	36.020245	342.8524	245.64651	356.0315	119.42948	607.41864	205.73335	296.9342	44.15953	357.69406	225.93169	1000.0	550.5	711.6	599.9	571999	117.68563	15.636095	132.80212	-52.377975	117.68577	15.633935	132.00781	-49.161728	-2.7579753	1.9088081	23.61092	-12.474651	-118.3587	3.438403	13009.249190092087
144	592.90717	19.15796	624.72406	574.0392	361.13242	127.30111	682.23694	255.0707	330.2392	140.28018	683.35443	148.0034	299.01874	93.597565	521.7601	168.26448	1000.0	541.6	493.4	451.7	575999	116.1391	15.025944	131.525	-69.613014	116.13848	15.021329	130.50752	-34.302494	-2.768452	1.8775339	26.43686	-11.955613	-116.80664	3.3044202	13103.150057077408
145	530.5035	91.785	594.6818	371.98444	365.6218	115.43708	519.2115	245.00705	364.226	110.52981	522.2544	232.95277	344.1478	111.19459	515.7394	242.91891	908.0	627.2	622.2	581.0	579999	114.71599	14.9012985	130.35425	-39.3376	114.71537	14.901103	129.12827	-47.7662	-2.789147	1.8520216	28.84117	-14.624874	-115.38175	3.6676939	13202.224520683289
146	575.59576	5.7158275	584.6171	570.073	299.6397	128.2473	597.6025	165.77586	360.86072	133.10085	620.9944	167.63008	247.16573	138.13496	651.4541	173.01831	1000.0	533.8	591.5	427.9	583999	113.68001	14.520434	131.81392	-33.82744	113.67993	14.517981	127.59028	-29.195164	-2.8100524	1.8600636	28.276371	-12.5410595	-114.34989	3.3174853	13296.547083377838
147	586.4925	2.9921856	591.41864	583.6865	586.68726	111.15852	635.3333	254.82727	598.8745	99.01589	681.252	343.15195	625.93744	5.8908525	637.55035	616.6385	1000.0	942.8	931.2	1000.0	587999	112.86682	14.439529	127.3309	-21.593088	112.86696	14.439907	127.46792	-19.159056	-2.8113477	1.8494616	24.21122	-12.688398	-113.540375	3.171227	13414.224670171738
148	586.4377	14.346557	607.7358	571.6865	284.3404	182.44348	644.2107	154.46437	251.25162	114.47516	482.01233	141.24242	317.33478	223.42216	665.50397	140.37517	1000.0	464.1	413.4	518.2	591999	112.17279	14.393251	125.50922	-58.575058	112.17262	14.395633	125.93849	-30.902645	-2.8023946	1.8693917	22.18148	-13.400068	-112.84453	3.6785367	13510.757021903992
149	578.38403	9.146607	593.19073	568.93115	396.50104	111.19756	588.3283	261.02045	365.50287	92.33206	563.293	225.759	542.00745	131.37537	681.5471	337.94928	1000.0	624.1	568.7	841.5	595999	111.74993	14.12327	125.89167	-32.317764	111.74953	14.125011	125.96323	-34.1719	-2.7937953	1.830481	26.93439	-13.907194	-112.41651	3.3035707	13612.117149591446
150	593.6455	14.734647	613.3062	574.6281	296.8623	27.304787	351.85428	248.30234	382.00983	113.17728	600.59344	192.73949	336.31406	77.612465	509.88403	262.47308	1000.0	498.1	679.6	582.2	599999	111.30948	14.119884	126.92716	-42.411137	111.30934	14.118674	125.52843	-28.103329	-2.801403	1.8418239	26.25437	-11.842351	-111.97331	3.3495002	13710.232502222061
151	579.4004	7.4844217	590.3549	572.0135	241.20691	43.814045	334.66333	191.64906	311.9549	124.84859	588.13153	169.32687	273.8226	46.37547	357.42444	225.1364	1000.0	444.5	593.7	474.6	603999	111.00833	13.899181	125.1035	-40.883102	111.00894	13.896182	124.92105	-27.977072	-2.822126	1.8298101	27.629438	-12.146716	-111.676346	2.9321408	13805.16243672371
152	589.6858	7.325594	600.18396	580.2099	348.09787	123.62884	533.3293	226.84293	342.70526	115.99671	535.5463	221.4692	360.25458	151.01709	629.4066	244.59685	1000.0	553.9	545.6	545.6	607999	110.74285	13.809437	124.58869	-82.12507	110.74375	13.812829	125.29078	-20.538656	-2.862815	1.7976042	26.174467	-14.547924	-111.41311	3.470457	13905.811705350876
153	598.38324	7.5824246	609.11646	590.2268	553.0763	64.716606	670.9843	464.00143	548.67957	67.658554	673.96674	423.07312	535.95105	89.544365	675.0146	411.5806	1000.0	969.5	964.0	936.4	611999	110.57544	13.714742	133.81908	-66.721115	110.57565	13.715827	134.27083	-44.394676	-2.8522093	1.8210402	26.306849	-13.66533	-111.24912	3.3195188	14020.374774932861
154	578.87366	4.0555573	584.20703	573.5772	267.53766	151.32301	584.9672	138.27786	384.02887	210.78842	768.69336	110.04106	233.97871	139.04189	501.6344	117.97217	1000.0	493.5	688.2	447.3	615999	110.50961	13.602455	134.21057	-23.501598	110.51002	13.60781	134.4478	-16.380041	-2.8747458	1.7933127	23.598099	-13.090639	-111.174	3.5684536	14122.476989269257
155	594.13995	13.67905	617.1304	581.51605	261.08032	42.47568	379.99744	217.14865	306.86908	106.78936	555.1804	135.64731	377.22238	112.19601	585.5646	231.24652	1000.0	407.6	499.3	604.5	619999	110.44733	13.496052	130.71486	-33.076344	110.44707	13.496182	132.48198	-33.65696	-2.898713	1.7685306	25.277	-14.259389	-111.11944	3.0328343	14218.285821676254
156	578.90344	7.784502	592.09576	572.0763	497.54443	112.88625	620.7219	344.58978	515.51965	98.66941	619.78766	336.52365	598.46106	84.56337	667.52466	353.49802	1000.0	817.8	860.7	952.9	623999	110.47644	13.260798	134.58795	-28.073662	110.47693	13.258188	136.54735	-35.06288	-2.91282	1.7517667	30.382984	-13.806583	-111.14786	2.8829474	14332.405779600143
157	577.22284	8.779947	587.3565	563.8962	275.449	87.9622	424.966	194.75516	414.9501	139.95818	542.4719	204.15027	360.08447	129.53932	563.4965	184.17833	1000.0	476.3	771.1	637.6	627999	110.48481	13.239454	140.74051	-30.129646	110.48525	13.240334	141.82632	-23.789326	-2.9088712	1.7727693	24.106134	-14.204109	-111.15509	3.1831625	14432.514137744904
158	580.29315	7.1267276	590.48456	570.7831	369.1312	183.6707	595.2159	193.66035	358.87762	185.98492	589.8462	188.02545	343.80768	172.63313	595.9351	185.18922	1000.0	609.9	599.1	583.8	631999	110.39912	13.362933	153.45782	-66.850685	110.39901	13.367917	155.0554	-16.272005	-2.9125519	1.7905003	27.435179	-13.035454	-111.06547	3.5446112	14533.682522058487
159	507.95596	148.2128	588.83453	211.73608	350.09125	105.50708	577.3457	233.86263	336.97086	131.17964	581.2204	159.24219	527.2652	73.98465	590.15265	363.44873	869.2	613.1	591.1	903.3	635999	110.36521	13.498214	160.79814	-25.765738	110.36538	13.495146	160.88414	-38.40519	-2.9374647	1.7680076	26.64195	-12.53849	-111.02156	3.1352558	14638.569360733032
160	590.34937	9.222162	600.3227	579.4051	540.9042	143.20152	677.2463	260.30817	523.48956	129.007	696.75916	293.15463	590.2664	105.71532	666.99744	306.066	1000.0	859.0	847.8	930.4	639999	110.37971	13.186086	152.01326	-22.296526	110.37956	13.181288	153.75479	-21.830564	-2.9158938	1.7762313	27.151869	-14.06666	-111.04025	3.4546697	14749.38083934784
161	585.98517	5.64743	595.70856	581.79425	548.81555	122.74638	623.93146	286.8436	592.259	78.240845	632.3082	359.60425	579.95496	89.064064	629.41266	316.6951	1000.0	909.6	965.3	956.9	643999	110.34598	13.248038	145.16454	-17.296139	110.34634	13.245795	152.04813	-17.506708	-2.8939335	1.7863452	28.494595	-12.549814	-111.01011	3.547362	14864.365912437439
162	590.14246	9.006308	599.429	580.67426	461.81454	135.5876	601.5347	165.04933	433.52496	169.34155	611.5644	195.32121	552.1732	102.41295	613.57684	252.76056	1000.0	862.3	756.4	945.7	647999	110.33727	13.130612	143.27036	-26.00983	110.33799	13.12784	143.45255	-19.93734	-2.9364843	1.7382671	35.16872	-13.72066	-110.98898	2.8150127	14974.100571155548
163	588.18616	20.263628	620.08234	564.3058	369.84805	119.6062	591.8571	204.66042	385.54333	175.05464	615.456	164.2315	395.4812	177.41743	612.9651	170.00598	1000.0	600.7	652.8	663.1	651999	110.3419	13.203397	150.9899	-79.20459	110.34153	13.195984	149.89456	-14.945158	-2.881627	1.7799577	32.47711	-15.066645	-111.00946	2.8779945	15075.412887096405
164	589.82764	11.567037	603.0469	575.14276	538.33563	167.22404	687.56116	265.17892	423.9453	185.48256	617.96704	212.69586	400.66226	96.22738	634.3949	266.57977	1000.0	837.7	686.7	641.5	655999	110.35401	13.15712	150.66077	-21.674667	110.35348	13.155349	150.44858	-18.049395	-2.881298	1.7548883	27.490639	-14.865888	-111.01506	2.9846103	15184.679190397263
165	590.9316	10.1105585	603.4305	576.8317	636.8898	30.225695	674.1065	573.7352	618.4368	41.944923	682.8063	558.93933	594.78687	9.42167	609.8282	579.48944	1000.0	1000.0	1000.0	1000.0	659999	110.28879	13.161131	146.44626	-19.390015	110.28859	13.158062	150.38771	-20.00373	-2.8524477	1.7636633	38.56681	-12.450841	-110.95343	2.4382198	15303.550918340683
166	581.11395	5.8904233	590.29944	575.2341	636.8921	53.32008	705.7746	554.8129	599.89075	41.23011	692.3067	543.7577	624.2228	22.320107	661.7186	590.2593	1000.0	1000.0	989.0	1000.0	663999	110.27984	13.231227	134.01762	-45.217705	110.27896	13.227678	136.45657	-9.870964	-2.8639119	1.7575905	56.7498	-11.908247	-110.93963	2.4803667	15425.97267985344
167	587.84204	17.724289	607.391	565.2189	507.97818	122.54082	622.9631	277.378	501.32684	144.75552	632.70074	267.4746	513.2479	125.72733	627.85144	304.1759	1000.0	831.8	800.3	811.4	667999	110.40424	13.195739	130.2193	-42.068672	110.40443	13.18772	131.15656	-20.940788	-2.8604171	1.783125	28.612587	-14.708167	-111.069695	2.975815	15534.530413389206
168	578.0842	4.3108997	583.52045	571.5178	579.71375	34.7295	644.2265	499.1477	538.26	124.74781	619.8603	194.68767	610.43616	15.715635	629.99	572.80585	1000.0	981.5	900.8	1000.0	671999	110.52394	13.0528145	129.14975	-15.2296505	110.52358	13.057674	129.87773	-64.03162	-2.848187	1.7728233	33.880905	-12.414911	-111.19681	2.3660743	15650.535841226578
169	586.0304	5.004686	592.3377	579.6507	614.927	16.49775	639.61444	581.0413	559.0999	112.294205	637.87506	294.2997	600.1751	32.28526	622.4747	538.2879	1000.0	1000.0	913.2	1000.0	675999	110.54117	13.21573	123.32409	-47.35899	110.54214	13.206	123.306114	-16.335432	-2.8717823	1.7762226	35.448162	-14.541509	-111.20548	2.4815345	15766.250196933746
170	590.7611	15.6457205	615.5758	574.0554	563.7799	124.65904	616.61633	191.42567	600.656	77.724976	660.6083	374.92264	626.9303	12.810603	641.327	596.1103	1000.0	934.8	966.4	1000.0	679999	110.53045	13.036284	130.93562	-27.35115	110.53102	13.034379	127.046585	-46.55864	-2.88624	1.7496537	25.710918	-12.437156	-111.19839	2.586199	15882.642926931381
171	537.8957	62.01712	612.3939	454.6685	566.2339	141.20978	664.488	239.14746	545.4347	125.97969	643.10596	298.7665	622.2155	3.7265418	628.18756	615.5212	903.25	893.1	863.6	1000.0	683999	110.60026	12.990151	135.33838	-23.275187	110.60016	12.98454	133.37378	-20.922937	-2.9026322	1.7463048	36.70967	-12.798944	-111.26434	2.5060177	15996.987592697144
172	588.7171	11.261464	602.8382	571.4279	589.3328	25.999725	632.8426	558.1923	616.3765	40.110096	683.99115	566.4877	588.53375	108.05023	654.90265	266.1383	1000.0	1000.0	1000.0	946.2	687999	110.59435	12.887869	134.56262	-55.720177	110.59513	12.878323	137.7219	-20.905552	-2.898174	1.731642	29.881699	-12.932839	-111.2446	2.7962646	16113.121380090714
173	577.7612	2.9803913	579.91364	572.6356	584.99414	62.038933	649.51276	440.8321	600.1161	36.53384	648.7748	540.28186	652.01874	36.696598	696.4197	578.6218	1000.0	963.1	992.5	1000.0	691999	110.54895	12.858394	127.4338	-42.6764	110.54903	12.857781	127.10227	-25.287626	-2.874304	1.7607117	29.201517	-13.67906	-111.211815	2.5648339	16231.08018541336
174	584.2543	3.9125576	587.8336	577.81213	434.6541	101.63854	588.0396	310.2863	487.30118	139.6244	643.9415	179.34718	469.22333	127.23174	698.7753	298.25574	1000.0	686.4	773.5	727.6	695999	110.57876	12.745919	123.36986	-22.964508	110.57936	12.746564	123.88477	-16.933815	-2.9058154	1.7306542	34.08914	-12.088594	-111.24187	2.965855	16335.864466905594
175	585.8474	19.348913	614.3535	567.3922	352.17218	157.7302	696.4625	250.95955	429.22748	191.0925	695.68176	235.40717	606.4301	153.63043	705.3917	299.99457	1000.0	495.8	632.4	884.2	699999	110.56232	12.762124	124.37711	-27.466234	110.56275	12.760559	123.7606	-9.965952	-2.921132	1.7467651	30.812347	-11.774507	-111.22115	2.505937	16443.240033626556
176	579.65173	2.5108545	582.42126	576.06824	366.5692	136.68008	647.948	266.33044	509.10156	169.6236	679.56274	278.31796	414.38007	130.47984	632.09125	291.2791	1000.0	576.1	783.7	659.8	703999	110.6437	12.668322	124.17207	-7.57918	110.64422	12.66982	123.236855	-13.088855	-2.8922844	1.7878191	37.240177	-11.528655	-111.313286	2.8290706	16548.884625911713
177	593.6781	8.274326	601.99243	580.2497	276.9475	55.22628	375.82797	209.77716	383.4389	122.654465	533.3157	210.63635	289.77655	46.297554	383.14334	233.33449	1000.0	448.1	668.6	485.2	707999	110.70808	12.348529	125.87505	-42.583763	110.70892	12.342337	126.97208	-7.5019426	-2.9050453	1.7817417	36.447857	-14.781804	-111.370834	2.6616914	16649.403713703156
178	583.6556	10.981952	599.93787	573.34625	487.90683	177.72859	640.35767	190.82706	501.55853	165.94678	644.0462	219.3566	598.93463	107.54359	653.207	280.9041	1000.0	815.4	813.1	942.7	711999	110.70615	12.364712	125.23731	-35.302628	110.70667	12.360056	123.98327	-9.939823	-2.9009395	1.748883	23.261307	-13.906046	-111.37218	2.776682	16760.765205860138
