Epoch	AverageEpRet	StdEpRet	MaxEpRet	MinEpRet	AverageTestEpRet	StdTestEpRet	MaxTestEpRet	MinTestEpRet	AverageTransferEpRet	StdTransferEpRet	MaxTransferEpRet	MinTransferEpRet	AverageRandomEpRet	StdRandomEpRet	MaxRandomEpRet	MinRandomEpRet	EpLen	TestEpLen	TransferEpLen	RandomEpLen	TotalEnvInteracts	AverageQ1Vals	StdQ1Vals	MaxQ1Vals	MinQ1Vals	AverageQ2Vals	StdQ2Vals	MaxQ2Vals	MinQ2Vals	AverageLogPi	StdLogPi	MaxLogPi	MinLogPi	LossPi	LossQ	Time
1	16.736622	3.4831645	32.336098	10.040011	50.91076	19.320662	75.74047	28.270016	61.245068	23.698156	96.111595	29.004091	70.47065	18.573814	120.944534	44.81752	14.1737585	54.8	63.9	64.6	3999	11.268806	7.131885	26.530596	-1.8572865	11.269027	7.130942	26.667196	-2.2766867	-2.7257328	1.7005743	7.3335238	-12.180782	-12.55905	0.4622499	46.79391527175903
2	16.937029	3.4202776	35.72758	11.053254	63.42333	17.2028	84.83674	29.88851	58.844067	21.002853	82.77562	25.723606	59.643463	16.62372	78.99135	32.371857	14.393502	69.2	79.8	64.6	7999	27.17598	12.66495	47.393616	-4.2013373	27.17628	12.662932	47.591003	-4.513378	-1.8302587	2.9691885	17.814405	-14.395061	-29.663528	1.0855019	107.99179673194885
3	25.403553	25.787586	256.64542	10.749739	68.078804	17.922602	86.31171	28.652485	81.339355	20.845274	114.8023	53.377945	75.962326	14.796861	109.56907	56.276558	24.63125	70.8	89.8	81.7	11999	43.783386	17.406929	72.92506	-8.9171095	43.78354	17.403713	73.40127	-9.216763	-1.0821769	3.793738	27.230019	-13.960226	-47.446922	4.5246882	167.4215657711029
4	67.405495	24.950272	133.61732	16.653324	88.722275	18.031149	112.29088	54.79239	95.161995	12.3398285	120.98474	77.839584	99.13141	18.661638	133.28491	77.991806	73.218185	82.9	71.9	85.3	15999	55.699184	21.384935	80.903656	-12.906551	55.698807	21.38303	79.16305	-12.870683	-0.9437816	3.6055288	25.797554	-12.923552	-59.265804	5.3572464	227.78418111801147
5	76.54562	18.315073	127.80698	34.8182	141.83244	54.288593	291.82916	82.83505	197.6672	208.14682	797.9738	87.40798	107.04822	31.857025	154.633	37.917053	79.9	148.6	211.7	102.1	19999	60.59412	24.513441	86.49069	-14.2868595	60.594154	24.510986	86.297226	-15.882828	-0.99682236	3.541435	27.604116	-13.06022	-63.79133	4.9491057	292.0837993621826
6	83.81464	37.1188	213.64522	12.739479	189.27982	145.62555	595.5778	100.620674	164.40189	172.24866	589.0431	16.926857	237.93391	216.91464	691.5977	61.296352	106.02702	256.3	233.3	327.6	23999	62.250965	27.149569	93.19976	-13.461557	62.251026	27.14587	92.58391	-13.6358185	-1.1098387	3.379082	29.371834	-13.383631	-65.12576	5.793252	361.3122501373291
7	98.45976	38.6376	186.93286	28.216526	523.0833	346.27554	905.06964	82.60609	202.12776	77.24044	372.80695	112.54105	417.96686	321.2036	899.9187	45.964214	121.411766	593.7	220.9	473.5	27999	62.8548	28.891907	117.83495	-11.087793	62.854855	28.889406	118.857315	-12.372076	-1.0741973	3.2840314	31.775993	-13.865818	-65.414696	7.8943706	434.1489133834839
8	125.88157	62.302246	272.4424	20.186056	282.72403	206.04247	874.4233	86.64763	149.87413	114.71669	474.51614	61.926346	210.9248	181.61952	734.18384	86.84355	169.69565	345.3	223.6	277.8	31999	63.58399	29.514023	126.50448	-12.418175	63.584663	29.512354	123.787254	-14.755823	-1.0105236	3.253911	28.80865	-14.401437	-65.91105	9.956765	501.20604515075684
9	126.91947	78.5302	336.42084	46.520443	134.20175	47.6335	198.969	27.524202	134.86311	48.33621	266.74768	102.38548	132.08406	30.348934	187.90775	67.87098	196.36842	148.1	167.7	138.4	35999	64.48544	29.96976	128.90451	-15.322008	64.48593	29.968826	127.90389	-12.860584	-0.95845133	3.348152	28.17466	-14.054785	-66.61152	11.133717	565.4355635643005
10	184.66132	118.277275	600.60504	83.14395	220.49075	158.80933	599.6055	54.405704	220.42728	182.88324	727.7158	41.54525	270.23373	191.60999	601.9597	29.237946	243.0625	318.5	276.9	398.8	39999	65.976006	30.376238	139.86908	-16.268072	65.97658	30.377953	140.62975	-15.291475	-1.0121883	3.2044382	32.595886	-11.886463	-67.974655	12.160301	637.4884705543518
11	251.48674	142.57407	585.02893	111.1883	490.4768	272.6749	810.6874	131.0151	633.5616	184.45026	834.66797	269.11044	265.35416	214.32738	697.88336	93.99441	335.76923	621.2	823.9	331.1	43999	68.56207	30.13667	145.72145	-13.318639	68.56224	30.137974	145.80272	-15.487303	-1.0142883	3.2737534	30.550873	-13.125961	-70.54364	12.878648	719.2393507957458
12	216.91246	206.32042	662.5032	51.54229	213.11809	186.8187	699.7953	63.0836	259.14166	225.17625	698.56696	31.937366	233.22636	166.39474	698.5207	109.46951	328.08334	300.4	328.0	293.9	47999	72.38592	29.740616	146.04759	-11.034614	72.3863	29.740595	145.86136	-13.219729	-1.2434516	3.1047482	30.165987	-14.162779	-74.226425	10.321323	789.6321740150452
13	202.1407	194.43547	682.036	49.164326	339.79898	282.71933	900.1703	154.81474	220.58615	118.345665	522.67444	50.11158	222.13708	69.66638	394.93054	147.78824	283.42856	371.8	274.3	286.6	51999	74.0375	29.958763	137.33073	-14.42811	74.03822	29.957401	136.80222	-14.1105175	-1.0765485	3.023591	33.653755	-16.610867	-75.78316	11.8683	860.2685725688934
14	268.32584	209.28328	687.64996	43.180798	634.5951	260.6832	819.4456	136.74142	525.24963	326.60413	823.2785	31.160915	556.5819	268.19443	814.15686	146.96494	376.4	779.5	656.0	669.4	55999	75.963066	29.980717	136.0414	-15.22933	75.96298	29.9827	134.68799	-16.471539	-1.1272653	3.055936	29.4437	-13.812012	-77.58713	11.320236	948.5545289516449
15	453.43198	249.67853	736.498	105.232864	224.41911	159.2045	696.7095	137.1022	202.64543	173.28871	709.3777	55.660465	199.80896	81.8161	385.25757	36.443066	624.2857	263.4	250.9	222.7	59999	77.93796	29.941107	135.76398	-15.543491	77.93806	29.943981	133.45444	-15.363657	-1.2735387	2.9821444	34.783524	-14.736275	-79.55312	11.148245	1016.4286921024323
16	246.74666	236.3419	718.0567	22.257872	644.10223	187.66507	892.3289	301.14813	473.68164	320.07028	896.797	24.081625	481.9711	264.01218	924.2858	22.536257	333.5	817.4	603.1	588.4	63999	79.56848	29.878414	129.55217	-26.460705	79.56856	29.878353	127.64242	-18.641527	-1.3484191	2.9216807	31.506268	-14.049896	-81.08472	10.401877	1101.4881885051727
17	541.07556	207.16708	703.065	186.22887	424.09985	193.84984	797.22363	214.42662	494.42084	261.36353	786.3878	93.91828	528.3048	273.8721	815.38104	182.94238	775.5	478.9	631.2	644.5	67999	81.12184	29.680218	126.430176	-16.088352	81.122	29.68058	125.73037	-17.40532	-1.4376935	2.8624635	28.571108	-18.995066	-82.6042	9.798133	1183.4107522964478
18	289.41684	244.13562	685.42004	54.108574	413.90192	235.0004	716.0763	143.76842	379.27432	230.99265	707.7862	145.774	397.54395	222.76917	697.48816	26.183266	434.22223	602.2	540.4	608.1	71999	83.15303	29.041904	123.8024	-17.197477	83.15367	29.041351	123.68255	-25.044151	-1.6391909	2.767774	36.304157	-14.902155	-84.60113	8.775182	1265.8830325603485
19	311.68597	178.45532	685.61505	77.94548	692.03723	166.51556	831.22797	207.23428	688.8802	203.03922	821.8554	93.36714	748.01904	35.698612	801.9217	708.48517	444.8889	922.4	910.0	1000.0	75999	84.55934	28.996721	121.37214	-17.46859	84.56017	28.998676	120.96947	-18.02278	-1.5690761	2.7902682	28.420631	-14.896926	-85.94466	9.992791	1361.3426723480225
20	408.42905	241.69626	697.12897	125.138794	541.8931	223.22809	824.8448	223.35004	389.01312	217.50055	741.4087	81.595146	439.9476	195.6559	779.86536	150.21805	564.8333	649.0	488.2	517.5	79999	85.49145	29.237377	121.14514	-16.035048	85.49188	29.240269	122.934265	-19.878063	-1.4527862	2.775139	32.18287	-13.901152	-86.821266	10.61538	1441.1727981567383
21	587.8563	108.26211	679.3124	398.38397	545.67145	189.58662	693.8539	113.92205	595.79333	213.13979	758.40283	102.85669	638.10944	100.691956	732.01105	375.98862	863.6	847.6	844.3	945.3	83999	87.10009	29.207653	123.84977	-17.33087	87.10106	29.209385	124.33094	-17.03649	-1.5690293	2.7432258	30.777443	-13.653509	-88.41147	9.735514	1534.2319831848145
22	559.3812	183.4904	673.0721	194.4678	721.57996	29.596014	758.0925	644.4828	554.25006	245.40433	757.1189	124.70802	675.6627	119.6316	738.2324	317.80728	850.0	1000.0	755.4	934.9	87999	88.74064	29.190918	124.886925	-23.186457	88.74136	29.192324	125.842476	-19.518093	-1.6036639	2.7320461	28.966492	-12.455837	-90.03417	10.027912	1627.516811132431
23	546.8856	189.90706	654.85596	167.3228	618.1953	252.0145	894.2311	224.23859	583.7321	296.30038	896.9781	50.788445	708.5496	241.31073	989.0005	40.830215	839.4	732.1	699.6	870.1	91999	90.38104	29.113249	126.08701	-17.951275	90.3821	29.113918	125.57663	-21.101154	-1.6749635	2.7365718	26.885191	-15.089956	-91.61109	9.438936	1717.5943830013275
24	430.46466	224.28244	657.1171	47.437523	785.0845	88.492096	897.70447	536.92786	800.0895	21.280828	842.59106	756.99	728.63794	220.98674	854.5826	74.45086	650.2	973.7	1000.0	912.5	95999	91.19299	29.309914	125.95653	-21.997133	91.19362	29.307734	126.86266	-26.265665	-1.716722	2.6681821	28.542097	-13.225632	-92.36774	9.728201	1814.5524189472198
25	640.30115	24.911928	669.89954	609.15485	640.784	232.78064	798.23267	175.47374	562.1293	249.54132	796.33026	162.92357	576.01385	253.2759	793.5034	157.82652	1000.0	836.2	758.1	762.2	99999	92.1662	29.4009	126.30669	-17.374332	92.16673	29.401163	125.80018	-19.988407	-1.7152369	2.6366804	28.370464	-14.761464	-93.32513	9.793394	1905.32724070549
26	556.4476	193.03627	670.9748	171.36156	720.95	34.95552	763.159	627.1158	726.79297	15.703702	751.61053	692.42316	716.8624	37.91912	798.10767	634.5155	842.4	1000.0	1000.0	1000.0	103999	93.46767	29.059141	127.66567	-20.319695	93.46749	29.061428	126.02828	-22.63724	-1.7175314	2.6294138	32.166412	-14.701893	-94.578735	9.7731695	2004.5134303569794
27	563.9422	190.88005	684.8023	183.5749	803.9927	42.00036	875.48645	738.7413	776.6754	46.283768	880.12445	718.13684	777.32043	43.418488	843.73285	716.24664	845.8	1000.0	1000.0	1000.0	107999	94.47383	28.778591	127.44869	-19.60611	94.47438	28.779757	126.75462	-24.28287	-1.8549743	2.607375	31.75847	-14.4765415	-95.54291	9.585216	2102.390471458435
28	482.8883	255.16219	670.5283	113.56211	732.50555	58.413265	799.6542	640.0867	739.4231	34.36425	798.5157	690.52246	679.8515	195.08408	807.9361	112.02351	712.5	1000.0	1000.0	916.9	111999	95.23921	28.661207	126.65784	-16.11786	95.23907	28.66376	126.899315	-19.853188	-1.9410591	2.6106462	29.821133	-12.790113	-96.29464	8.801885	2199.6664419174194
29	479.48358	228.54095	670.2551	136.74728	726.845	39.129906	797.61383	655.84174	605.18176	205.26106	728.04346	183.43393	707.8326	27.277369	740.0227	631.23505	704.8	1000.0	842.9	1000.0	115999	96.38284	28.345066	126.26862	-24.410582	96.38282	28.348179	126.74917	-24.208736	-1.9090832	2.5920966	29.599241	-12.044527	-97.41083	8.864437	2295.0411932468414
30	626.9304	54.73312	663.821	532.6223	410.34723	286.10083	718.5183	111.85063	473.98276	293.10052	715.5693	102.40062	575.66534	224.2107	714.7639	131.98216	938.0	557.3	641.1	825.7	119999	97.4284	28.175291	125.96938	-26.017593	97.42788	28.177837	127.362595	-25.53486	-1.8612391	2.5620008	29.752714	-13.74774	-98.45233	8.914952	2381.4288811683655
31	481.927	225.71686	682.6945	120.3736	710.76746	55.588634	775.40765	595.22327	720.7213	43.50225	790.7863	629.98065	660.0065	168.65189	788.1279	172.9267	698.8333	1000.0	1000.0	919.7	123999	98.51572	28.289513	126.53319	-27.930597	98.51445	28.291952	126.44832	-27.32862	-1.959255	2.5424628	29.529858	-13.100274	-99.534	8.57902	2480.4029138088226
32	613.6677	86.39246	670.09534	464.19843	707.39355	38.485645	726.4525	592.68585	715.0597	10.878739	733.46295	699.0074	717.43286	7.699993	731.5675	705.1905	915.25	1000.0	1000.0	1000.0	127999	99.42616	28.309797	126.20855	-42.15607	99.42595	28.310144	125.54699	-30.948957	-2.0078776	2.5840616	28.407454	-12.443864	-100.433174	8.803638	2578.5025248527527
33	660.3484	11.230043	674.57837	643.10315	713.8819	1.8593671	716.7988	711.38306	693.454	40.081123	722.4171	612.75433	681.7144	45.116337	715.09326	610.3134	1000.0	1000.0	1000.0	1000.0	131999	100.45556	28.202751	126.88199	-27.54285	100.45547	28.203054	127.63032	-30.247288	-2.0384107	2.5626485	32.20018	-13.664505	-101.44753	8.494393	2676.6523475646973
34	537.9663	229.25754	664.8873	79.72506	807.37354	1.7777551	810.2379	803.61975	646.5724	256.50815	811.7415	119.622856	762.79016	57.69619	807.111	656.7806	815.4	1000.0	827.8	965.2	135999	101.54851	27.925518	126.77807	-26.14434	101.54732	27.927185	128.49185	-21.26472	-2.0183926	2.5814726	35.442463	-13.035106	-102.51772	9.256325	2772.313182115555
35	448.7153	243.05759	670.7527	117.2595	288.38995	259.49826	716.9597	100.727135	169.29445	152.95168	622.1472	86.377174	117.16528	19.998384	157.01915	94.21528	666.1429	378.2	200.2	110.5	139999	102.46667	27.835985	137.29924	-21.52333	102.46573	27.835539	135.37366	-28.499947	-2.0956442	2.5490556	40.044243	-13.647381	-103.43481	8.486448	2839.662163734436
36	534.8158	186.27579	670.56854	179.98004	714.66925	3.2142205	721.93427	708.9085	481.84717	282.77347	714.9476	109.54988	534.79504	269.00272	715.833	107.22946	789.8	1000.0	657.5	739.3	143999	103.3161	27.72537	135.63362	-25.82679	103.31665	27.728025	129.75356	-23.414682	-2.1345859	2.5659435	35.545143	-13.17314	-104.2632	8.385411	2931.4432101249695
37	553.8209	218.9963	671.19086	115.961395	342.69592	304.04947	809.4099	116.459305	512.6404	320.40796	808.46844	109.45253	228.07674	171.47945	734.013	116.23931	825.0	407.7	650.9	274.1	147999	104.19731	27.745073	135.31584	-20.846682	104.1973	27.745066	130.99727	-28.231281	-2.147141	2.5592928	34.674683	-12.3382435	-105.16245	8.410233	3006.124181509018
38	525.095	213.47635	653.3171	155.44243	701.9901	26.815216	715.2892	621.8128	681.4691	44.517838	714.51483	606.309	705.3911	10.804937	714.4833	674.5067	797.25	1000.0	1000.0	1000.0	151999	104.98395	27.667072	139.95018	-23.89997	104.98402	27.667	135.24011	-26.828922	-2.2083945	2.5664222	40.456528	-14.558376	-105.95889	8.930773	3104.1269657611847
39	431.7482	266.39423	668.1478	93.90318	711.4249	42.149403	805.08234	616.6792	732.13586	37.173	808.4348	709.3479	708.6672	1.0596138	711.4202	707.5482	632.8571	1000.0	1000.0	1000.0	155999	105.7898	27.418892	164.03223	-30.10088	105.79036	27.41852	152.4898	-22.01343	-2.2269793	2.5302944	45.42416	-12.663256	-106.72999	9.036701	3201.9385883808136
40	549.3777	207.41798	665.98096	135.28635	704.6325	30.739246	722.14374	613.2012	595.42114	223.63844	730.35315	145.08986	655.78577	170.38188	719.929	144.85757	826.8	1000.0	831.8	913.9	159999	106.3982	27.182358	167.72426	-31.613329	106.39671	27.183342	166.34027	-27.758642	-2.2505157	2.5143344	48.324593	-12.362616	-107.32266	9.538881	3296.201057434082
41	465.417	212.4214	669.03723	98.94088	388.2431	254.47392	722.3095	125.92887	593.6801	223.50826	722.9866	127.84492	575.7334	207.22441	715.1737	144.84412	679.0	514.4	829.4	834.1	163999	106.64827	27.1842	179.67694	-49.77495	106.6485	27.183956	176.24352	-23.481693	-2.2472117	2.5202882	52.442444	-12.558165	-107.5581	9.058673	3383.4088468551636
42	658.5306	2.7578788	662.2868	654.4994	426.67975	305.63467	796.14703	105.49091	499.13364	304.22552	806.6114	100.883194	478.67676	257.2545	804.08527	153.47708	1000.0	554.4	648.3	592.3	167999	107.13206	26.738668	182.05858	-41.847385	107.13177	26.7355	185.68906	-21.714575	-2.341994	2.5163195	62.467056	-14.0785675	-108.062164	8.931607	3465.883843421936
43	456.22528	230.16487	642.32605	91.77069	708.598	1.9441382	711.95245	705.5906	707.9047	2.359459	713.4179	705.39325	706.8013	5.7844696	716.4392	701.2214	689.8571	1000.0	1000.0	1000.0	171999	107.71602	26.4163	195.39763	-21.638515	107.7161	26.413946	193.88591	-29.484549	-2.3254662	2.5059657	50.894726	-12.271774	-108.638794	9.064276	3563.946226119995
44	661.71405	17.295498	691.3297	647.8784	673.402	188.29277	808.4498	118.90063	681.9128	225.7665	807.1941	27.565605	677.02466	184.20308	801.6787	139.61739	1000.0	910.8	902.5	913.9	175999	108.19394	26.301298	199.76021	-27.49442	108.19407	26.302605	200.18188	-29.663155	-2.3009632	2.5328295	41.353626	-13.597853	-109.13343	8.591839	3658.240100622177
45	463.3861	225.98686	661.566	72.34164	77.728455	42.644897	131.46733	21.718721	58.648457	36.826927	113.568596	16.482077	38.15159	31.109865	100.81238	15.794273	686.8333	69.3	53.2	33.7	179999	109.37311	26.059273	210.27705	-22.817062	109.3738	26.057991	204.68826	-27.45987	-2.2550647	2.5473094	60.268005	-12.263857	-110.33896	9.309619	3719.3084647655487
46	352.3583	225.36249	677.0496	27.654661	179.47862	271.14642	723.14777	15.707171	195.02689	247.06291	715.3745	17.189495	158.25624	196.30646	731.32556	26.940506	504.85715	234.3	261.1	179.3	183999	110.6359	26.465092	223.51472	-50.72603	110.63444	26.469923	220.89998	-34.456562	-2.1843014	2.6201243	68.09463	-13.539148	-111.628136	11.213867	3786.8987634181976
47	444.6379	299.63055	666.83966	13.698045	236.5627	320.9304	812.87445	21.13608	290.3464	341.4181	810.1825	16.95517	82.1583	181.33296	625.8025	13.737456	675.1667	323.5	349.9	120.5	187999	111.46219	26.380678	208.28453	-40.244164	111.46043	26.386795	204.94081	-36.024883	-2.2757673	2.5945807	77.29895	-13.12263	-112.4072	10.962787	3858.475468158722
48	588.55743	133.48471	687.96185	359.6465	510.79385	352.06116	800.77356	75.093605	432.76733	317.97617	797.39594	19.351673	353.07758	342.90894	803.592	63.9014	876.75	660.7	639.1	482.1	191999	111.34698	25.93514	206.90356	-29.099928	111.34659	25.938177	217.7396	-26.644213	-2.3584101	2.4361422	74.423706	-13.004026	-112.2178	10.086984	3940.512053489685
49	218.3108	256.60028	645.35834	8.816934	33.922184	35.663204	133.21643	5.856558	150.59644	248.901	687.7374	-4.7025943	29.934195	21.369234	84.85807	3.84889	391.75	148.6	307.1	139.8	195999	110.86516	25.780392	195.2279	-40.831135	110.8669	25.77901	195.22229	-37.115993	-2.2664027	2.4075875	70.0226	-14.672054	-111.726204	9.9770775	4006.6032087802887
50	176.59715	144.52803	582.72986	-6.3820896	443.65283	205.92548	696.6207	152.67883	632.74677	137.82306	798.0026	260.06918	636.43646	81.20743	698.29504	425.79144	332.66666	700.9	930.2	967.9	199999	110.22633	26.202198	182.97511	-56.56271	110.22788	26.19885	171.02708	-60.187748	-2.2594802	2.329116	31.205902	-12.377821	-111.06405	9.939346	4101.60315322876
51	365.88177	254.6026	666.75995	40.422867	474.69717	287.68454	711.14136	115.73068	590.5744	236.32251	712.591	115.71279	467.3536	291.98196	710.62854	104.60737	552.8571	647.9	821.7	642.2	203999	109.82562	26.387295	140.66345	-47.461662	109.82538	26.390175	136.6481	-64.48301	-2.3123212	2.401078	52.777893	-11.810177	-110.6605	9.785305	4190.446537733078
52	260.6661	210.52069	643.7015	100.066315	283.00073	258.35294	713.28143	103.736496	182.88605	173.35635	699.26794	93.40223	120.76603	15.507846	152.64426	105.85781	358.0	374.4	207.0	114.1	207999	110.16165	26.45061	141.46698	-44.211823	110.16299	26.451555	142.67114	-34.304913	-2.211084	2.442129	62.488907	-13.206955	-111.02235	9.986278	4260.487449169159
53	282.1757	124.94659	512.25226	105.39358	686.66473	43.07423	721.0514	616.2502	471.7807	285.13904	736.62213	100.843155	489.59976	251.50682	723.84406	118.593864	391.0	1000.0	651.8	696.0	211999	110.38872	27.003923	140.08716	-36.854717	110.39069	27.000914	138.29655	-43.626186	-2.1904433	2.5130668	68.028595	-13.59673	-111.25038	9.821518	4351.622828245163
54	362.16312	245.81123	678.6957	104.44585	431.1815	279.57376	712.7334	122.70358	432.63046	277.1202	710.5108	112.11904	548.47766	246.064	713.27765	156.54007	514.875	574.9	579.3	754.9	215999	110.71075	26.823158	137.5236	-34.30264	110.71156	26.822792	139.55786	-41.6263	-2.239093	2.4847906	48.190983	-12.68105	-111.54184	9.843262	4437.216298818588
55	403.53793	182.39615	656.66614	108.53051	237.46733	236.00125	709.7833	109.01812	414.51227	292.11887	708.7666	112.839066	414.57928	291.08936	707.7745	106.297005	581.8571	287.7	557.7	561.1	219999	110.86032	26.723053	134.57779	-23.362669	110.86083	26.722754	136.92033	-28.074368	-2.2275689	2.5264955	93.92983	-13.94977	-111.68726	10.070384	4515.6998019218445
56	468.80557	255.88564	659.47064	102.29014	712.1822	4.6806836	721.689	706.61005	721.8292	26.126812	799.3823	706.51874	653.3427	182.90637	719.88727	104.769394	703.5	1000.0	1000.0	910.1	223999	110.6901	26.482203	132.09163	-33.082058	110.69217	26.478128	135.29941	-32.443684	-2.2869787	2.4927945	90.71381	-14.113541	-111.498474	8.986654	4613.807731151581
57	401.86743	249.36209	664.2642	108.928055	690.9193	36.096737	728.0262	619.2746	708.7577	4.308274	715.8633	703.1645	697.09503	21.243721	709.6324	633.8508	594.5	1000.0	1000.0	1000.0	227999	110.41628	26.49517	132.19025	-41.444366	110.41304	26.49749	134.45912	-44.049973	-2.3304868	2.453142	80.53427	-11.946241	-111.20044	9.619193	4713.051474094391
58	542.37585	195.38974	663.78174	152.89119	707.94855	2.0021768	711.5031	705.21234	649.96643	146.65355	713.4332	216.91042	709.05634	2.8018916	712.9182	704.2491	819.2	1000.0	926.1	1000.0	231999	110.29726	26.463654	133.09177	-25.796804	110.29555	26.46312	133.24184	-25.278309	-2.2528353	2.4246733	54.882607	-12.539793	-111.081184	9.077326	4811.065916776657
59	516.72046	174.88283	672.5062	252.925	673.1376	48.6136	720.5173	606.18274	648.4991	155.88345	718.14246	187.14445	667.25256	45.522717	716.625	606.91534	770.2	1000.0	921.5	1000.0	235999	110.12119	26.581455	131.98439	-30.457476	110.12064	26.581682	134.45955	-23.841053	-2.3756018	2.3909616	55.186024	-12.615747	-110.89687	9.520538	4909.773864269257
60	487.02	235.84073	675.99286	149.81873	458.22028	328.16696	804.4428	110.91148	304.73154	285.98834	802.5334	105.13675	135.5084	41.988583	257.51538	106.836914	728.8333	566.0	380.6	133.5	239999	110.25199	26.290508	131.86006	-28.009436	110.25328	26.29012	136.0034	-19.292442	-2.3333151	2.4072552	61.7688	-12.903428	-111.036934	8.640744	4982.5648193359375
61	393.48828	220.64098	651.5267	154.23898	430.20547	282.5056	713.28156	122.351746	355.19302	273.59476	718.77734	120.12187	295.46588	251.59782	714.8481	124.9476	582.7143	572.7	474.0	379.8	243999	110.64292	26.010574	131.27324	-32.03974	110.6422	26.005678	135.46727	-24.989256	-2.3834975	2.4194875	57.212067	-14.97622	-111.43345	8.519105	5060.740344047546
62	536.80566	220.72722	651.5233	95.413994	486.14203	274.08148	716.8268	128.56168	416.4034	278.38022	715.02985	99.01786	582.92413	205.16206	707.0792	153.99713	818.8	663.3	574.0	841.7	247999	110.91216	25.935669	131.85295	-29.823711	110.9124	25.932123	131.81592	-22.783298	-2.4278877	2.3554401	58.437046	-14.329681	-111.67377	7.8665075	5145.8770208358765
63	519.96515	237.5226	659.37146	108.5725	595.1904	229.57298	712.25714	125.932076	349.12238	273.38333	707.403	114.57781	572.6333	223.70871	717.8445	128.74602	781.5	827.4	473.3	825.3	251999	111.09531	25.758135	136.15135	-27.259754	111.09332	25.761185	137.08849	-22.98852	-2.4241433	2.364851	45.589287	-13.132281	-111.86665	7.832818	5233.623905420303
64	585.4601	124.15363	661.41766	338.6578	596.5744	245.07027	729.3501	101.21032	531.2084	262.50916	725.18115	100.80354	705.4242	30.826893	722.3008	613.8728	895.0	819.0	736.9	1000.0	255999	111.29032	25.738407	135.29744	-25.186926	111.29219	25.736427	132.93684	-24.430386	-2.4244435	2.3425925	30.169287	-12.517481	-112.051636	7.5705137	5326.905865192413
65	543.34204	216.46028	669.15674	110.82353	700.21436	31.218485	715.4249	606.8062	709.2237	3.445748	714.90155	702.8553	708.7625	2.0774295	712.76855	706.47205	824.2	1000.0	1000.0	1000.0	259999	111.67365	25.465918	136.23965	-26.630564	111.67472	25.463194	142.45798	-24.64366	-2.4020185	2.3643358	48.209587	-13.679137	-112.431015	7.7299557	5425.277318477631
66	548.0703	192.46556	648.1156	163.16557	688.45624	39.874172	719.1856	610.03784	702.7218	25.757046	716.9413	626.2682	691.352	37.148857	719.084	610.12885	838.4	1000.0	1000.0	1000.0	263999	112.00877	25.24293	139.17287	-34.37587	112.00914	25.242374	143.0188	-27.375694	-2.4305673	2.3620708	33.625187	-12.4884815	-112.746376	7.8894835	5525.311806678772
67	455.84628	248.39684	665.9174	80.60785	693.292	37.453968	720.22046	613.46185	595.81506	230.64812	717.74896	117.24469	616.8656	170.45203	717.32135	121.08624	676.0	1000.0	828.9	900.4	267999	112.17307	25.255909	134.91263	-47.74254	112.17281	25.255726	138.45984	-29.281929	-2.4723663	2.3191452	37.563133	-11.973948	-112.95047	7.2307334	5623.325288772583
68	474.99936	241.81863	654.6934	88.0008	703.1028	29.788183	719.5429	614.19507	715.15173	3.2824788	718.85175	710.17664	649.79694	185.53566	720.4976	93.31	718.1667	1000.0	1000.0	908.5	271999	112.55336	25.011374	134.56625	-22.920397	112.5531	25.009298	135.37991	-20.148172	-2.4787562	2.3412297	42.460247	-13.163267	-113.3032	6.973042	5721.407146215439
69	467.82327	214.17125	661.0127	111.8463	614.0206	197.94891	719.554	205.08823	580.51526	221.41222	711.94836	118.04798	558.44324	152.08777	708.0442	294.1189	696.5	851.9	831.4	802.9	275999	112.53637	25.048656	135.34831	-30.511263	112.53758	25.045322	137.47055	-33.434536	-2.5028896	2.3000612	56.165348	-12.195881	-113.26045	7.037377	5813.542012453079
70	377.54385	229.75351	650.29	155.45291	756.989	43.398815	815.27435	717.99084	565.13165	297.11096	813.3398	104.62545	639.1896	266.861	807.4491	103.11361	555.7143	1000.0	732.4	820.3	279999	112.62702	24.949196	145.19823	-22.315777	112.6274	24.951027	141.19173	-26.824368	-2.50132	2.2978356	40.76635	-14.035206	-113.373314	6.76416	5904.940008163452
71	452.58896	238.22939	649.67596	109.44694	690.9642	39.515854	713.1243	610.27673	672.7328	47.4356	715.93353	609.4385	699.91003	26.74673	710.48865	619.78143	683.0	1000.0	1000.0	1000.0	283999	112.45673	25.184128	137.45013	-21.245321	112.45554	25.185598	131.32594	-23.708584	-2.525696	2.3013792	44.46863	-13.541556	-113.17751	7.287143	6003.622540712357
72	526.05206	192.07265	656.67706	143.48941	710.3149	3.288452	716.23175	706.2601	692.1019	39.374187	715.89557	612.80176	688.7272	35.834206	709.491	614.0716	792.8333	1000.0	1000.0	1000.0	287999	112.58381	24.960222	135.78291	-25.264872	112.58465	24.959433	135.40977	-25.76987	-2.559137	2.3263237	45.642292	-13.102762	-113.288124	7.1083536	6101.208550930023
73	489.79254	216.3128	656.86444	112.54222	750.70337	43.41721	805.02386	712.5075	656.56555	256.58405	810.5118	126.774605	691.7013	116.398766	790.09607	350.87894	730.0	1000.0	832.3	945.7	291999	112.66205	24.858942	135.98763	-25.338175	112.66169	24.85736	138.99194	-27.657387	-2.560733	2.2680037	34.13097	-12.376535	-113.38663	7.1820283	6196.04562330246
74	501.3469	221.23288	659.77124	143.00764	701.352	32.357742	717.582	604.69995	710.84076	3.4393291	716.5074	704.19904	708.5046	4.5603666	716.30853	701.6824	747.8333	1000.0	1000.0	1000.0	295999	112.7977	24.832634	137.90503	-26.279175	112.79837	24.827728	138.28618	-24.204422	-2.5808487	2.2350507	41.042366	-12.8913145	-113.50903	6.7015624	6293.679399251938
75	539.74005	228.0236	658.95715	83.73987	656.30066	182.84953	721.53046	107.83823	596.786	212.21513	719.8187	156.9791	706.37616	30.622625	721.6123	614.7653	809.6	909.9	835.5	1000.0	299999	112.81447	24.87558	144.36916	-33.395645	112.81807	24.866102	143.30098	-22.655735	-2.5985353	2.2571392	35.329395	-13.182982	-113.517006	7.01175	6388.410834789276
76	654.5609	16.173239	671.89105	630.4418	688.95135	40.479706	713.0485	608.1178	694.3856	41.099895	721.5299	607.40186	711.2862	4.4427085	716.92316	703.86127	992.25	1000.0	1000.0	1000.0	303999	112.84663	24.83737	153.20232	-28.875446	112.84909	24.831656	148.7917	-26.060669	-2.5819585	2.2321105	35.787094	-13.438205	-113.54738	6.738423	6487.104908466339
77	478.06656	218.54794	655.63165	131.79884	702.29694	30.359688	715.21454	611.3405	588.2909	228.55316	719.2668	125.80772	703.0178	29.975254	716.3415	613.49225	715.0	1000.0	827.4	1000.0	307999	112.97819	24.76128	140.99904	-20.70703	112.97658	24.759253	141.67992	-21.622828	-2.6013973	2.2630105	35.380226	-11.791402	-113.68746	6.4241557	6584.279783248901
78	465.79538	203.30415	650.90576	120.40979	640.5221	179.8045	715.6686	109.09093	711.2284	3.5583625	717.36475	705.01575	713.04724	7.4847054	726.917	706.3017	688.6667	911.2	1000.0	998.2	311999	113.16757	24.665806	142.75288	-26.691074	113.16899	24.662098	139.3563	-20.041773	-2.627413	2.2608309	37.560234	-12.1451435	-113.873	6.4485264	6681.813087940216
79	650.46326	10.139483	657.68286	632.9876	711.75104	2.5414703	716.53546	707.46704	702.3504	51.637104	806.6021	613.18915	674.9332	50.330963	733.53394	611.4701	1000.0	1000.0	1000.0	1000.0	315999	113.37779	24.456112	144.67644	-25.347717	113.3775	24.45376	139.42703	-20.904665	-2.637659	2.2508657	46.293846	-14.089048	-114.10659	5.954281	6780.726167201996
80	454.12848	239.55151	657.03577	113.62971	758.81104	47.514614	809.8425	707.99994	731.04126	37.27358	807.3718	706.14716	728.5111	21.960716	764.21075	707.3611	683.6	1000.0	1000.0	1000.0	319999	113.5964	24.315344	137.90623	-22.123825	113.5972	24.312836	140.52238	-22.818306	-2.6621478	2.220688	27.11122	-12.870929	-114.288635	6.1793222	6878.8356511592865
81	592.7961	115.39337	657.414	362.27457	687.27313	44.74357	718.4875	612.0428	612.0168	180.6172	723.6861	91.07675	657.5602	46.090973	714.777	608.85846	900.6	1000.0	908.4	1000.0	323999	113.76483	24.387283	131.3535	-32.9034	113.76577	24.385214	133.45932	-25.883688	-2.6274753	2.231244	38.158752	-13.865002	-114.45991	6.3825693	6980.446368217468
82	378.4502	188.19945	659.829	165.34402	364.26465	262.63348	808.01105	120.80634	437.41367	296.3296	806.9866	99.25143	228.57816	171.10645	717.05023	104.08592	541.75	457.6	574.7	269.2	327999	113.82996	24.2743	132.70856	-39.154533	113.82986	24.273079	132.10399	-32.364796	-2.551205	2.2666445	52.609833	-12.729337	-114.53685	7.1471515	7056.299570560455
83	537.749	193.27809	649.8837	202.98206	716.7705	2.745928	721.2042	712.90826	656.1973	181.96475	807.25214	125.165794	671.80664	190.71786	801.40485	107.481834	814.0	1000.0	911.1	910.1	331999	114.02634	24.1317	134.18082	-31.870049	114.0254	24.132797	132.3108	-23.764091	-2.5889547	2.287155	54.082474	-13.369257	-114.70678	6.334341	7152.438654184341
84	556.17035	185.53241	660.74	185.4327	712.6987	3.6615865	719.36316	708.9918	709.859	3.0593698	715.6185	704.90076	710.81805	4.2950554	715.8738	700.9681	847.2	1000.0	1000.0	1000.0	335999	114.28078	23.935984	131.52567	-64.4405	114.28062	23.937399	132.92508	-58.601807	-2.583324	2.3043275	57.613647	-11.679137	-114.978966	6.1916804	7250.634507656097
85	568.4519	179.40405	667.4527	209.91197	685.0448	45.593044	716.8734	614.1031	686.9232	45.95638	722.1194	610.4515	719.7041	6.3824306	732.1147	712.4658	860.2	1000.0	1000.0	1000.0	339999	114.42899	23.911114	134.7375	-41.617855	114.42863	23.912052	137.17525	-33.23012	-2.544486	2.3703835	57.638313	-13.003381	-115.1419	6.288177	7351.112069606781
86	544.65955	133.95969	654.3981	336.64355	649.9276	189.1966	716.21844	82.383675	702.9273	25.8128	714.7551	625.7572	710.0304	1.757933	712.11426	706.75226	819.8	910.5	1000.0	1000.0	343999	114.55319	23.916887	132.71962	-39.94767	114.55461	23.912523	133.17055	-34.889008	-2.6000829	2.2656121	65.5074	-14.16068	-115.25925	6.1694527	7448.340115070343
87	662.85913	10.420648	677.6409	653.0269	705.08606	29.684896	718.5375	616.525	540.21326	268.11832	718.6512	116.37076	693.75665	38.086685	716.49335	616.6814	1000.0	1000.0	741.3	1000.0	347999	114.65618	23.895288	137.2385	-28.07286	114.65632	23.890186	140.85687	-22.580908	-2.6518989	2.2839146	57.053074	-14.050162	-115.33378	6.150388	7542.756025314331
88	496.75528	212.94745	654.2508	99.761444	703.2259	31.119247	721.20825	610.5417	586.07825	231.31381	716.7713	120.78772	665.7934	46.914062	711.61664	600.717	754.0	1000.0	827.0	958.5	351999	114.77835	23.851685	142.18452	-34.584396	114.77835	23.849272	142.52971	-26.230934	-2.6687405	2.2911105	51.61154	-12.620262	-115.481964	5.8332734	7638.235618114471
89	609.0008	69.59975	653.5782	488.6593	655.3104	163.43678	736.2977	175.1964	686.99255	46.05749	721.31854	611.7029	537.7481	231.91602	720.5634	157.37207	930.0	922.2	1000.0	772.1	355999	114.95722	23.720732	145.43147	-29.329271	114.95942	23.715086	147.3889	-21.523737	-2.6111324	2.339799	41.95379	-14.3757305	-115.67287	5.8204117	7731.811664104462
90	433.34152	253.21112	657.86304	103.06618	408.77338	329.84506	813.8995	116.07132	376.25677	316.13977	807.68085	105.191956	359.0514	241.52502	805.59344	133.06647	639.0	489.1	471.9	426.8	359999	115.22434	23.623997	149.81241	-25.938404	115.22721	23.618591	150.83511	-22.279594	-2.6598756	2.2936022	46.768547	-13.116923	-115.92305	5.9333477	7808.444725513458
91	464.63232	232.24529	659.8467	130.05539	715.47156	2.448238	721.7832	712.02185	614.2995	251.41609	807.6691	115.73448	705.7513	23.301407	719.8867	636.6535	679.0	1000.0	824.7	1000.0	363999	115.4674	23.5238	159.23474	-29.299063	115.46478	23.52476	160.2481	-25.086954	-2.6056414	2.3613584	45.58776	-12.200781	-116.15847	6.266994	7904.65872502327
92	638.1378	43.591076	668.48834	551.57104	694.8604	39.57076	717.8859	614.4908	648.2237	174.89389	729.7626	130.87093	705.44104	27.920385	723.01984	622.2574	961.0	1000.0	913.9	1000.0	367999	115.62747	23.518724	171.40843	-24.666267	115.62884	23.512123	170.33374	-17.392694	-2.607072	2.345679	43.56464	-14.678117	-116.33409	5.9793673	8002.008080005646
93	515.43555	180.46613	662.5719	180.0777	602.89044	256.68613	800.28217	87.340836	688.69275	193.93475	805.69104	118.55288	722.994	26.965357	802.8682	706.2133	772.6	820.0	913.3	1000.0	371999	115.73751	23.74037	162.34325	-23.194408	115.73891	23.734743	159.0858	-21.203154	-2.6313505	2.281032	52.66835	-13.784735	-116.406425	6.4771004	8097.131143331528
94	385.59097	238.6492	662.8488	158.16278	713.2034	3.8003645	718.9503	706.376	714.42944	3.599516	719.208	709.2244	649.2462	186.76947	717.6109	89.00981	565.8571	1000.0	1000.0	911.4	375999	115.72311	23.705294	157.13118	-27.945808	115.72317	23.704367	168.4596	-22.173899	-2.7058864	2.245692	43.64314	-12.579028	-116.39461	6.0363936	8195.989381790161
95	610.59796	74.723015	658.65753	481.30966	766.8878	42.9831	814.6733	717.8231	611.1383	237.11882	805.5075	133.1767	691.6786	194.23935	808.54816	121.959305	923.25	1000.0	827.6	912.7	379999	115.72289	23.74312	157.18925	-28.724371	115.72322	23.743876	151.84315	-23.047915	-2.6953619	2.268502	46.011806	-16.338177	-116.38964	6.0064588	8291.180953264236
96	618.8865	80.76852	669.36365	479.05786	688.0654	41.31031	717.8055	608.18365	641.7732	185.84647	801.0996	105.2503	726.20215	36.503307	797.7585	679.81714	934.0	1000.0	911.7	1000.0	383999	116.01313	23.599007	144.17993	-39.602383	116.01309	23.59826	143.73337	-28.35733	-2.6756828	2.2847388	45.55583	-12.746225	-116.70303	5.32642	8388.65568447113
97	616.56714	90.42185	670.44507	435.97644	557.1419	314.5429	813.4816	134.51204	682.3187	259.58713	814.5396	106.32588	615.213	294.3856	809.7725	134.59456	921.6	672.4	834.0	751.7	387999	116.2682	23.530542	137.85094	-29.240353	116.26987	23.528482	136.719	-22.599442	-2.7032366	2.3490298	43.843746	-13.37505	-116.92328	5.647881	8476.607812643051
98	578.68	136.49515	663.0308	342.33923	743.6276	41.63518	809.0924	711.2162	618.1656	220.70459	808.4022	149.57986	725.9547	24.159496	789.76636	710.76263	873.75	1000.0	843.0	1000.0	391999	116.54868	23.160046	135.75792	-25.633171	116.5499	23.158886	132.7446	-21.795313	-2.6337726	2.3623488	52.05781	-14.23064	-117.20591	5.801696	8571.737299442291
99	524.77637	197.5044	669.53986	205.78975	402.25772	333.76617	811.1955	107.06549	484.739	329.1357	812.8846	101.16984	345.93817	303.12796	807.97955	122.07616	776.8333	477.3	581.4	405.1	395999	116.3873	23.391682	136.59456	-38.14809	116.38747	23.390177	132.11877	-20.624084	-2.6934059	2.1554887	41.69662	-11.79643	-117.052826	5.6556687	8649.98232460022
100	483.31128	197.74094	661.0939	218.82497	695.58923	27.29145	716.25854	649.236	582.1614	235.14015	715.4767	112.59829	664.7732	142.15173	716.2432	238.40602	712.8	1000.0	823.6	928.1	399999	116.53217	23.230997	134.11035	-30.575262	116.53089	23.232143	135.06894	-23.71363	-2.7070646	2.2640939	71.29774	-13.794341	-117.21152	5.88957	8750.056865930557
101	391.0757	187.15976	658.7677	160.13441	770.86487	61.227016	813.487	654.84033	586.62317	308.81766	811.59595	100.51022	784.1474	31.620373	806.10614	714.1459	564.2857	1000.0	736.0	1000.0	403999	116.61307	23.301727	132.85638	-29.147957	116.61395	23.29817	132.63821	-27.870283	-2.6755087	2.2256708	54.249542	-12.092672	-117.28253	5.770148	8845.536261796951
102	605.25586	76.21907	687.7607	507.03967	713.44995	2.8017473	719.01984	710.3089	589.22034	245.23889	718.28143	90.645256	529.1724	277.20752	713.09503	99.541	892.8	1000.0	819.8	732.3	407999	116.7956	23.420208	132.1005	-32.52847	116.79609	23.421219	132.45628	-28.122774	-2.72623	2.151993	37.154774	-12.040518	-117.46556	5.59505	8938.68596959114
103	481.89908	165.11195	664.577	253.00697	736.5701	51.051018	808.86304	644.7928	726.4483	49.407486	809.2139	624.4121	765.70447	28.090628	804.486	728.11176	701.0	1000.0	1000.0	1000.0	411999	116.95745	23.569088	137.32904	-44.106354	116.95949	23.560053	135.51659	-27.878466	-2.685438	2.2094607	51.693054	-14.500229	-117.6223	5.5974617	9037.394849777222
104	476.09204	194.02751	666.58905	168.24591	709.86237	147.73872	807.78937	284.3762	696.1052	196.63895	813.14557	120.103065	621.20575	255.87083	805.461	94.51124	699.1667	932.7	911.8	823.0	415999	117.11247	23.401936	137.77945	-22.706032	117.11276	23.397894	134.2618	-23.412735	-2.7103724	2.1317782	47.490925	-14.177925	-117.77991	5.4629426	9131.094976902008
105	662.67957	4.2380066	668.42914	656.6439	713.6147	4.1263585	719.1622	708.20746	585.4614	241.62018	722.3938	97.67944	714.9844	3.356711	723.07184	711.708	1000.0	1000.0	821.7	1000.0	419999	117.1658	23.438955	134.72687	-27.351671	117.16438	23.44246	134.16797	-21.129297	-2.7465765	2.1030617	53.13617	-14.623425	-117.833275	5.5784283	9230.321378946304
106	510.91733	187.67686	673.9724	245.97144	537.53406	274.44534	719.1963	113.02379	482.14386	290.5612	721.2994	115.8716	527.7857	267.5872	719.54974	115.47638	753.0	734.7	649.6	735.6	423999	117.16128	23.183413	138.39891	-25.874355	117.16244	23.178492	134.76268	-23.75664	-2.7801208	2.108487	47.787514	-13.010288	-117.82181	5.5118904	9316.85281085968
107	565.50525	200.73004	671.76184	164.13638	685.40393	45.358757	717.74744	613.76526	566.83844	222.3922	716.21356	123.07392	692.9169	39.169773	714.7652	611.5856	841.8	1000.0	825.8	1000.0	427999	117.0186	23.076849	140.87613	-35.327553	117.01759	23.076447	135.15791	-18.320215	-2.7581773	2.129996	47.632446	-12.556702	-117.68872	5.4142003	9413.345111370087
108	457.69626	217.09293	679.1489	163.31201	809.8782	2.2006795	813.5899	805.98505	801.2705	27.208494	814.861	719.9036	732.6149	210.12111	810.3332	102.88358	664.3333	1000.0	1000.0	909.1	431999	117.17717	22.963177	138.74269	-18.698723	117.1797	22.956234	137.04114	-19.882935	-2.7642832	2.1242902	45.885094	-13.036149	-117.83369	5.12751	9510.837520122528
109	574.7208	168.85194	676.86	282.30423	717.4795	195.58385	813.2127	143.35133	733.05273	208.7583	820.5845	113.13511	798.8921	27.256536	813.9322	718.4789	845.75	914.9	910.6	1000.0	435999	117.13808	23.07254	138.78506	-24.74028	117.13888	23.070724	138.95743	-20.91005	-2.7305405	2.185171	55.68757	-12.481165	-117.78655	5.256633	9609.423711776733
110	361.9256	246.78645	669.7281	104.920425	527.2208	285.85068	722.8762	89.23392	711.0838	4.275907	719.5851	706.2316	653.801	180.3363	721.6018	112.96004	514.75	726.8	1000.0	911.9	439999	117.09546	22.973562	142.67955	-22.526123	117.09666	22.974482	141.81892	-27.160185	-2.7623296	2.1463678	49.8376	-13.505021	-117.714485	5.5368576	9705.028640985489
111	579.9224	176.64854	671.8358	226.7308	712.472	4.465538	718.4505	706.2981	654.1135	175.7791	720.0074	126.89856	701.7341	25.822077	719.14246	625.7117	857.8	1000.0	913.7	1000.0	443999	117.18493	22.844841	140.84251	-26.763567	117.18679	22.843636	140.30504	-29.982943	-2.7522511	2.1761956	65.49578	-12.64391	-117.84844	5.319609	9803.543482780457
112	424.095	256.71182	677.3567	107.481155	752.8209	45.33097	814.4413	713.4618	702.611	199.79335	810.83185	116.81803	746.5593	38.566883	808.8075	712.1792	612.1667	1000.0	911.5	1000.0	447999	117.24451	22.786007	139.02301	-23.543684	117.24452	22.784973	142.33406	-29.801802	-2.7532125	2.215237	50.162716	-12.321775	-117.910446	5.2690043	9900.907915353775
113	449.23087	205.69392	655.30615	177.84561	644.7026	178.47308	717.0683	116.89356	594.3145	243.56984	717.773	104.37651	653.28503	181.87646	717.16675	107.692535	669.5	912.6	822.3	911.4	451999	117.16722	22.77714	138.17642	-24.309425	117.16937	22.772217	140.77962	-24.06098	-2.7834585	2.1565711	49.204926	-13.700371	-117.81667	5.1807685	9993.471360445023
114	431.7263	256.28598	658.1327	100.38544	740.2077	45.792473	808.77	674.5305	621.682	240.81935	809.47485	118.3838	497.90976	311.68683	807.6546	134.78671	644.8571	1000.0	830.0	610.5	455999	117.12659	22.75793	134.79106	-22.26882	117.12531	22.75975	137.26076	-24.866293	-2.800011	2.1018744	46.566174	-12.880452	-117.76708	5.6977334	10086.448847532272
115	478.27457	247.85933	661.7759	105.738525	713.6657	2.9555666	719.8896	709.28705	716.5897	4.2429075	721.4864	708.8669	635.33606	172.23535	720.0966	131.48805	717.8333	1000.0	1000.0	914.1	459999	117.20969	22.698442	136.92659	-20.530472	117.21043	22.696661	133.65007	-32.013645	-2.7928572	2.1686945	60.36992	-13.059969	-117.86987	5.273853	10183.718311548233
116	528.90027	142.21513	650.7621	302.92477	707.04315	193.96027	814.96875	139.31477	510.29337	314.5712	810.55145	119.97149	547.7682	209.84978	804.90906	146.6687	787.25	914.0	650.4	681.7	463999	117.36279	22.645752	138.0801	-21.349693	117.36167	22.646538	134.67043	-23.673645	-2.7428536	2.147379	40.146866	-12.491105	-117.99332	5.415614	10272.636145353317
117	570.87463	181.4257	675.99225	208.53235	704.2591	17.425156	715.88135	662.2793	697.88196	25.428915	720.77625	648.22394	665.0765	48.66216	716.5892	609.05133	852.2	1000.0	1000.0	1000.0	467999	117.41259	22.56805	133.89899	-33.219883	117.41446	22.564894	133.75758	-34.147213	-2.7970037	2.0871649	43.80964	-12.491755	-118.04759	5.3714542	10370.595010757446
118	495.64255	203.15378	659.7545	91.39671	650.62415	187.02696	718.5702	89.62628	649.13556	182.79759	715.786	100.81104	590.0952	246.71431	719.2063	86.130005	738.8333	908.8	909.8	819.3	471999	117.39626	22.591114	132.99013	-22.163572	117.39684	22.591272	135.46642	-27.038858	-2.8007374	2.1062183	52.325653	-13.9155445	-118.03872	5.0682335	10463.898438930511
119	542.9396	125.35783	661.14655	379.6947	631.3639	264.7434	809.61865	103.63558	634.66174	253.62802	807.26697	122.37707	719.76666	10.969871	742.8978	710.21204	798.8	820.5	827.5	1000.0	475999	117.55225	22.63055	134.9987	-26.829475	117.55077	22.631239	134.43602	-20.589617	-2.73609	2.0973878	51.44928	-12.826116	-118.204094	5.332514	10560.855924129486
120	350.21902	144.66164	613.9874	187.35559	783.6622	40.94297	813.9496	719.99036	704.75006	200.4213	812.2734	116.90289	791.19934	33.33048	811.9535	719.18567	486.75	1000.0	911.6	1000.0	479999	117.71126	22.576183	133.29747	-33.065857	117.71046	22.577381	134.03384	-34.81812	-2.7990072	2.1279042	46.700394	-12.366714	-118.371796	4.8400655	10656.421914339066
121	365.83716	182.77742	655.8074	105.115845	594.8925	242.04851	722.0792	107.54174	550.7762	272.4031	805.9319	98.3549	471.45343	288.2323	721.3198	104.97018	514.625	820.0	738.3	642.7	483999	117.72155	22.817553	137.26144	-46.785027	117.72246	22.815113	136.00554	-45.366264	-2.8318315	2.0618894	44.12889	-13.753939	-118.3901	4.8829184	10744.710717439651
122	406.5731	179.76279	673.80493	184.24422	779.75134	42.882607	810.15796	712.75305	763.5895	55.503803	809.6358	668.9655	769.1261	37.487938	804.4386	713.8914	575.2857	1000.0	1000.0	1000.0	487999	117.79911	22.854843	137.20885	-37.842815	117.80044	22.851587	136.24643	-39.626392	-2.8324497	2.0883162	39.940212	-12.6678295	-118.46057	4.8148603	10842.125810146332
123	383.59482	246.36795	673.1614	115.76698	747.1333	52.450645	809.4144	665.3035	737.08966	49.340538	810.39453	666.6503	764.7604	26.767645	790.5171	710.8683	547.0	1000.0	1000.0	1000.0	491999	117.9773	22.651768	138.44904	-30.250519	117.97597	22.653618	136.59027	-25.36421	-2.7640095	2.107566	46.19278	-12.568409	-118.61896	5.0824347	10939.044689416885
124	556.99866	217.4276	676.90485	122.570465	779.92645	44.21123	810.6664	709.869	769.9697	46.48583	811.4864	709.6424	802.99207	2.3993375	807.0182	798.61615	828.6	1000.0	1000.0	1000.0	495999	118.201	22.339851	136.56833	-40.89515	118.20235	22.336115	137.0241	-20.17826	-2.8360307	2.1226478	39.31167	-14.226116	-118.859985	4.5524006	11036.1040391922
125	541.34143	198.75063	663.33185	197.27296	696.4362	185.119	809.753	157.21654	721.5748	202.60052	811.11914	124.459946	481.81464	326.36914	809.5086	111.29167	812.5	916.5	912.6	585.1	499999	118.21646	22.173569	140.16588	-23.515963	118.21656	22.175283	141.2663	-21.70319	-2.8455875	2.080928	47.35029	-13.049039	-118.87791	4.842586	11128.2449696064
126	510.42612	148.29095	659.75684	300.35483	694.37286	73.807915	812.81665	612.37463	597.8804	244.47864	809.4515	114.57981	418.5463	210.26231	715.65967	133.85785	757.1667	1000.0	825.8	571.5	503999	118.292	22.197695	147.88818	-23.983202	118.29245	22.19664	148.94403	-21.035992	-2.8283892	2.112747	45.0496	-12.676823	-118.941505	4.7090364	11221.504799127579
127	384.52557	245.97382	686.2137	86.96472	741.04535	201.99812	812.9693	135.0976	738.75183	207.27484	812.3196	117.03484	805.29004	1.8732716	808.655	801.4426	541.75	914.2	911.7	1000.0	507999	118.47587	22.177814	149.81375	-23.711063	118.47595	22.178446	151.58366	-28.76396	-2.8428698	2.1342747	40.162262	-14.348076	-119.14359	4.9993954	11318.576477766037
128	408.30127	167.23575	666.0985	224.68214	768.9923	43.5871	807.90704	712.6095	689.0297	202.57217	807.8611	94.08228	776.50635	37.077442	803.1062	712.63104	575.1429	1000.0	909.4	1000.0	511999	118.72915	21.975199	152.20674	-21.360289	118.7294	21.976585	149.87395	-21.657759	-2.8276777	2.1436408	47.488255	-12.257412	-119.396454	4.4615088	11420.650985240936
129	289.86667	166.32716	652.7325	138.18196	588.2329	224.1162	715.7087	133.91583	637.28064	178.85341	715.8762	109.18797	693.13873	40.723625	716.8253	611.1855	402.4	831.1	910.9	1000.0	515999	118.55748	22.292807	155.87929	-30.060726	118.55778	22.29401	155.71986	-26.285343	-2.8487635	2.169375	42.489758	-13.35378	-119.22321	4.506911	11517.525453329086
130	308.55093	173.98628	666.3914	124.91689	683.8363	46.51976	721.2829	612.1177	713.3981	6.7705474	719.0486	696.97595	700.56213	29.916733	715.8693	611.695	424.77777	1000.0	1000.0	1000.0	519999	118.65181	22.081743	143.94273	-23.440443	118.65224	22.084238	142.05923	-21.706108	-2.850254	2.1583273	53.336628	-12.610575	-119.320595	4.7393174	11617.962056398392
131	297.22552	172.9022	606.2326	79.43287	730.1751	210.157	813.1102	105.475464	555.5975	289.02817	811.116	110.205154	308.55157	164.24084	710.4422	105.31265	405.625	911.0	736.4	369.9	523999	118.55676	22.304861	141.34605	-26.86428	118.5571	22.303331	144.20311	-31.724195	-2.7972977	2.2341542	47.789616	-12.340752	-119.24399	4.525549	11705.861961126328
132	401.0687	206.83704	688.82196	115.34344	639.0533	262.88992	804.42566	113.15904	590.2085	242.05591	714.65936	97.83908	484.6337	238.89775	720.34174	152.8032	572.875	826.4	821.5	654.2	527999	118.61342	22.240528	137.93524	-24.757013	118.61331	22.240551	137.36841	-20.866888	-2.831684	2.107298	41.465176	-12.815031	-119.294334	4.364261	11796.140422582626
133	418.02734	233.80676	664.30865	151.66064	713.7267	4.495798	720.3981	707.65985	711.58527	4.7545075	720.4864	705.767	707.01404	8.3489065	716.07434	684.6758	619.0	1000.0	1000.0	1000.0	531999	118.51122	22.336637	137.30573	-35.223557	118.51087	22.33517	134.28734	-25.56596	-2.9312823	2.053124	44.74996	-16.016678	-119.188515	4.1917753	11895.966603040695
134	449.81934	237.3462	672.54645	123.82137	672.89624	266.17477	809.62585	134.27122	532.9674	336.1518	811.7113	112.05748	451.25897	292.7556	805.76526	119.250565	666.8571	828.5	647.6	542.2	535999	118.50252	21.950567	133.31339	-31.128534	118.50237	21.94955	133.24606	-34.07283	-2.8784306	2.1635172	49.315907	-12.869879	-119.17429	4.24349	11982.82367515564
135	379.11215	206.0849	667.5788	155.85689	552.37103	205.32562	715.6136	150.40721	519.7137	259.43378	716.727	119.7158	463.27252	267.82742	712.0911	119.37495	548.4286	832.4	739.7	657.5	539999	118.52121	21.843147	135.4541	-42.324867	118.52262	21.838491	133.53062	-35.96712	-2.8786075	2.18954	43.43458	-11.815483	-119.20711	4.273703	12071.653056144714
136	402.90625	183.18413	665.6908	129.91609	659.7337	163.61351	716.1755	168.91174	593.7666	247.10812	806.2919	90.7931	488.6396	260.41388	725.3684	129.54773	566.8333	915.8	819.9	671.6	543999	118.5117	21.828644	139.20717	-30.688482	118.51299	21.824265	135.7391	-32.418125	-2.904281	2.1629996	43.235874	-12.939487	-119.19084	4.1820517	12163.256027936935
137	412.2351	236.0472	709.5599	108.16778	695.7114	36.741566	716.349	621.2797	509.52612	269.0908	715.4974	99.64225	678.43115	43.673008	713.5823	607.7131	584.4286	1000.0	735.5	1000.0	547999	118.63188	21.719639	150.1037	-35.49349	118.6318	21.718569	152.07921	-27.706879	-2.8857222	2.1670196	45.76753	-12.4490795	-119.33333	4.2655196	12259.842101573944
138	617.2454	97.60271	690.2462	424.0008	375.89825	295.19434	804.2872	126.28714	435.76727	315.5907	808.8039	110.95705	537.32007	268.1508	720.828	118.226	915.2	481.5	558.6	738.0	551999	118.66634	21.561365	156.02203	-32.05645	118.66678	21.561842	156.33258	-24.759737	-2.9347513	2.1315582	37.936523	-13.415704	-119.349266	3.8650303	12344.021334409714
139	480.3658	212.94421	656.07855	169.8709	788.2292	38.608597	822.2176	716.7343	652.0991	274.5793	815.0858	102.38713	501.53632	289.0253	814.3537	119.224785	712.6	1000.0	819.2	625.3	555999	118.60905	21.61622	168.25198	-24.59985	118.60934	21.615118	169.30157	-25.739635	-2.9214816	2.130074	55.4134	-12.59234	-119.29061	4.3478465	12434.571965694427
140	500.47757	232.57948	690.9396	153.47581	637.3937	129.63199	802.7432	295.81415	575.89844	236.63611	811.83954	107.54839	565.0829	230.0239	745.5852	169.72105	735.0	935.5	824.5	778.8	559999	118.62143	21.574121	179.49435	-34.765854	118.62133	21.573448	182.30623	-34.620426	-2.901915	2.124147	40.750046	-13.646635	-119.300095	4.1239076	12527.038334846497
141	546.6185	176.59789	673.27057	242.20142	815.8588	30.666883	850.6855	731.5585	790.2978	121.27949	890.31384	433.3619	750.43555	193.78331	823.87103	169.33438	797.75	1000.0	943.9	917.4	563999	118.6452	21.71413	194.74678	-27.76829	118.64566	21.710424	189.20615	-22.769838	-2.9058545	2.1838543	45.65478	-12.377483	-119.31887	4.3901896	12623.662486553192
142	603.7122	151.52634	718.9199	303.76004	510.08392	253.6889	717.43024	125.40237	562.9287	227.60782	716.09314	109.74623	376.39185	271.3635	709.5937	123.19297	883.6	738.8	823.4	496.7	567999	118.82294	21.430384	216.77028	-36.620335	118.82516	21.424	219.36682	-33.18312	-2.9278955	2.155791	43.257206	-13.486639	-119.504875	4.369253	12713.604165792465
143	641.2211	41.486107	680.9246	571.5297	684.56726	46.39829	720.0167	610.8443	714.1549	6.0942264	718.7745	697.5344	691.376	39.997932	715.562	611.0062	963.75	1000.0	1000.0	1000.0	571999	118.90693	21.422613	228.4737	-35.81512	118.90815	21.41854	226.29164	-38.060196	-2.9151204	2.1324346	42.12597	-13.364682	-119.58983	4.676171	12813.87332701683
144	651.00555	8.868241	665.9274	642.83856	820.71716	17.04749	865.7727	807.99164	750.4705	208.97401	835.0878	123.90403	810.4491	6.2144675	825.6907	805.5189	1000.0	1000.0	911.4	1000.0	575999	118.913	21.169798	235.62958	-24.474283	118.91505	21.16256	241.42422	-20.614855	-2.9259613	2.1074486	41.711235	-11.716983	-119.5827	4.4960365	12915.658634901047
145	555.2016	233.3647	680.79913	88.74385	751.1486	45.171383	814.295	710.8682	767.70966	44.522686	805.46643	711.2138	752.2956	32.486637	791.75665	712.0269	816.0	1000.0	1000.0	1000.0	579999	119.0642	20.40845	234.97743	-35.127533	119.0641	20.404312	229.37698	-33.08562	-2.8593135	2.210038	34.471973	-13.126237	-119.74428	4.3692107	13016.333515644073
146	131.16225	207.73813	676.34705	-18.855509	191.11713	249.86537	734.8308	45.943157	197.62015	246.25328	733.76355	47.607353	180.05713	196.95946	654.787	48.184982	206.77272	249.5	263.0	237.5	583999	120.7008	20.833612	240.74121	-59.805992	120.70047	20.83609	240.91573	-48.449192	-1.3844935	3.4633605	38.873672	-13.70835	-122.00908	6.649322	13086.265299320221
147	104.46926	93.275986	487.4044	12.136916	624.6695	203.53267	768.7564	24.641483	639.5498	191.99997	777.42596	81.94815	641.6183	209.54524	774.545	27.083624	163.36842	906.8	908.8	907.4	587999	140.84206	30.557076	223.94759	-70.52463	140.84355	30.556574	222.5801	-63.181004	-0.3066726	2.8509705	31.99694	-14.184259	-142.65282	11.341251	13185.274312973022
148	138.96619	191.04062	642.628	24.387003	754.52966	34.93135	806.39307	711.8252	506.33807	354.3531	825.3841	35.435112	487.5196	326.5483	816.9204	35.168053	245.8125	1000.0	643.9	626.8	591999	141.2828	29.801815	214.69347	-78.8677	141.28453	29.791126	215.83777	-63.82007	-2.3020816	2.4267209	34.12731	-11.951767	-142.16856	9.731119	13274.306163311005
149	550.9816	210.68536	671.23785	129.96222	582.8946	309.59665	796.5023	61.703583	608.38837	304.1091	878.5144	89.76289	500.6176	323.25272	792.5731	65.3853	847.0	776.0	807.0	679.1	595999	136.78406	27.996643	197.5491	-98.33541	136.7879	27.98797	199.0341	-53.34692	-2.49139	2.4717019	46.683376	-13.097475	-137.55835	9.04358	13363.911698818207
150	312.88284	274.6608	736.4471	42.221275	811.3684	31.858587	887.6894	791.35376	758.73145	40.615425	802.3094	693.4126	785.34656	15.497747	795.1479	739.844	510.875	1000.0	1000.0	1000.0	599999	133.01253	26.09911	183.83641	-69.80795	133.01392	26.097263	197.96484	-48.904045	-2.5141065	2.4359727	28.830933	-12.271505	-133.7704	7.8986454	13463.604370594025
151	578.8659	64.09087	634.6443	471.25708	693.876	262.02765	895.31464	167.46144	586.3607	312.39816	809.1697	48.436394	530.4828	276.7291	799.7938	137.83371	951.75	860.9	767.6	730.1	603999	129.85574	24.060785	166.87111	-40.855152	129.85675	24.05106	181.4591	-40.725197	-2.6308525	2.35655	53.80532	-14.192436	-130.58736	7.045786	13554.372410535812
152	487.06705	169.66817	654.87573	221.84138	730.8431	44.501495	805.65796	697.50653	744.9748	55.91517	796.7666	636.4198	733.9489	61.189034	899.74976	702.0668	812.6	1000.0	1000.0	1000.0	607999	127.22577	22.47458	167.75876	-45.90757	127.22617	22.472	161.98297	-40.53703	-2.6768968	2.2811756	45.060375	-12.489177	-127.91711	6.066704	13655.28149485588
153	613.66077	35.38341	659.28644	571.0049	715.4293	41.75417	794.59644	614.3914	751.45734	84.87064	903.6934	654.05176	722.9374	44.786537	795.2086	617.81165	1000.0	1000.0	1000.0	1000.0	611999	124.76346	22.047298	149.9173	-45.892094	124.76482	22.041862	150.08131	-33.451984	-2.6795819	2.2476737	73.26672	-12.655138	-125.43593	6.1407194	13758.816906452179
154	652.56604	13.279372	666.8083	630.9462	596.6381	236.51245	804.52747	115.78104	744.1948	32.971733	804.7079	700.89935	724.12494	50.888218	803.1541	637.9926	1000.0	833.9	1000.0	1000.0	615999	123.05892	21.522667	139.63931	-44.582905	123.05993	21.521381	140.52159	-39.457207	-2.7671132	2.2433777	35.898125	-12.840568	-123.733925	5.312653	13860.186265945435
155	650.1888	8.37126	658.5966	640.37103	703.3573	27.943111	716.2751	620.0185	639.3136	197.96565	722.4232	52.115967	696.78455	38.338493	725.76935	618.3332	1000.0	1000.0	904.7	1000.0	619999	122.06865	20.664604	155.20555	-36.930195	122.07158	20.659029	150.3012	-30.087618	-2.7789054	2.3181005	33.40598	-14.319651	-122.77064	5.4351892	13964.817027330399
156	651.3325	4.859644	658.8138	645.939	687.60754	41.442894	721.719	618.9071	714.30927	7.059129	728.63824	699.1482	679.7346	48.369556	726.5377	618.45483	1000.0	1000.0	1000.0	1000.0	623999	121.41966	20.058224	183.72255	-38.7875	121.41939	20.05035	175.7126	-30.94616	-2.8077188	2.2124457	35.212627	-14.497732	-122.10767	5.1737022	14065.073404073715
157	664.296	6.962921	674.434	654.851	599.2059	186.23044	713.3884	57.365143	697.74133	35.68256	729.4942	617.8879	553.3417	253.54196	719.1677	50.006317	1000.0	905.1	1000.0	809.3	627999	120.9421	19.961985	217.58122	-39.389713	120.94209	19.955652	219.47736	-29.680231	-2.7927387	2.2120965	38.0591	-14.362576	-121.62503	5.360487	14162.035914421082
158	638.249	48.466724	674.44	542.13873	706.129	31.784851	728.21564	611.6027	711.00903	23.063305	730.19403	643.79047	650.77527	158.05383	721.1278	183.51823	952.2	1000.0	1000.0	922.1	631999	120.39728	20.114454	245.73747	-37.215847	120.39892	20.10758	234.83961	-25.938362	-2.771898	2.164034	34.898964	-13.42605	-121.07327	5.3895683	14263.796225309372
159	667.71173	7.2406497	676.29755	657.84235	597.7202	221.40381	728.82336	129.37198	711.5124	23.391321	730.8459	643.29474	538.1263	253.37985	721.0673	139.66064	1000.0	833.6	1000.0	750.0	635999	120.00115	19.94048	249.33627	-32.652187	120.00294	19.939438	258.38184	-26.201046	-2.7226968	2.199986	28.81158	-13.466926	-120.68305	5.5208044	14359.722643852234
160	665.48334	10.457551	683.4324	657.7659	705.7509	24.602333	721.4446	634.68774	660.33905	185.5974	727.3942	103.67346	701.0259	28.89806	720.3337	619.03894	1000.0	1000.0	909.7	1000.0	639999	119.69123	20.085655	237.91853	-27.290958	119.68872	20.08376	234.05618	-22.366735	-2.8093832	2.1222732	32.547043	-13.354497	-120.34895	4.8822756	14457.79293513298
161	528.45984	217.36194	668.12775	152.4695	639.2993	175.06438	717.92834	124.91118	624.7265	184.99162	720.82385	84.3162	495.98535	265.04596	723.5991	65.300766	795.0	912.4	908.1	728.1	643999	119.17164	20.564182	214.35564	-23.277729	119.17409	20.560774	217.67017	-31.090767	-2.7465694	2.1997447	30.549564	-14.203072	-119.85264	5.0326424	14552.085282325745
162	147.20764	184.02011	661.9185	-16.6888	136.1976	43.43352	204.21547	73.58892	136.9532	66.07959	309.81226	63.467304	254.09717	168.28766	673.5022	91.34565	220.31818	157.5	159.3	338.9	647999	119.76392	19.515564	214.53629	-35.349964	119.7639	19.51538	230.14357	-44.59658	-2.3926232	2.556062	32.726395	-12.945076	-120.582985	7.085985	14622.627054691315
163	187.35364	179.65402	675.93976	85.221016	497.5373	346.1371	887.11584	129.89708	635.7174	307.83484	886.81494	118.2059	391.12692	326.697	866.1159	100.82035	245.875	584.9	758.6	481.0	651999	120.45095	20.582586	194.96855	-52.991962	120.45256	20.580067	197.80107	-84.64089	-2.4940283	2.3127558	44.199966	-13.105209	-121.171295	7.5858154	14707.612402200699
164	469.0835	286.55972	710.5803	94.04565	853.48145	63.326054	899.2492	699.8717	889.1846	3.806869	897.0458	883.5999	865.5905	55.98696	888.28723	697.83716	657.4	1000.0	1000.0	1000.0	655999	119.72357	22.002558	159.6942	-55.31575	119.72561	22.004644	162.66672	-45.50354	-2.5836487	2.1333613	33.40023	-12.168339	-120.38773	5.954174	14808.265800952911
165	572.80475	153.09665	702.7264	274.82233	676.1799	83.82899	808.6295	529.6261	670.41223	126.99499	788.79895	312.7158	682.51166	46.073242	752.37616	625.43	871.2	953.8	938.0	1000.0	659999	118.74464	22.288143	148.48993	-56.319744	118.74528	22.287975	148.15172	-50.226215	-2.6902897	2.1327038	47.124947	-13.205311	-119.387924	5.260073	14905.124673128128
166	651.43945	11.008461	662.25006	634.2066	758.1888	31.491972	807.87506	721.2399	742.03107	26.072847	802.3286	713.1768	732.2174	16.866207	754.8225	705.28687	1000.0	1000.0	1000.0	1000.0	663999	117.9782	22.093458	139.20377	-47.620167	117.97973	22.089895	143.17198	-42.12797	-2.7379565	2.2578654	49.86607	-13.783062	-118.625435	4.9188523	15006.262803316116
167	528.1996	235.38089	649.0807	57.466087	833.5939	100.13622	898.2146	616.9331	772.2986	107.56719	924.57166	614.34735	771.61053	107.32568	894.0033	608.78485	812.4	1000.0	1000.0	1000.0	667999	117.59144	21.583706	133.53229	-49.412655	117.59187	21.575485	134.17937	-42.348545	-2.8098328	2.189633	49.004234	-14.116341	-118.26219	4.5194874	15106.323348999023
168	644.9975	12.684946	662.2769	627.1858	694.4355	37.79257	718.73413	610.08374	704.0952	32.31947	719.21484	607.7268	694.0628	34.19767	716.3095	624.89374	1000.0	1000.0	1000.0	1000.0	671999	117.44263	21.32033	130.17114	-43.201977	117.44469	21.316952	130.2052	-33.579353	-2.8326666	2.0862253	51.774155	-12.079959	-118.11777	4.0221562	15205.863275051117
169	657.6903	6.8746276	664.19556	646.1229	715.9084	3.7485168	722.79016	709.5681	717.3307	6.455434	733.51434	710.1455	700.2406	28.402346	717.25525	622.7526	1000.0	1000.0	1000.0	1000.0	675999	117.61065	21.10153	130.94218	-38.632133	117.61072	21.102833	129.85957	-27.270304	-2.8353353	2.1528068	38.323204	-12.152556	-118.27496	4.0289927	15305.958546638489
170	649.95667	9.047876	661.24023	636.1993	702.3928	29.309362	717.45	614.9357	688.6052	41.773876	722.6269	616.1012	712.0265	5.218389	726.6851	708.10254	1000.0	1000.0	1000.0	1000.0	679999	117.7988	20.959639	129.8562	-35.565323	117.80006	20.954931	130.06332	-32.208313	-2.827141	2.071503	32.504185	-13.734036	-118.47506	3.7079868	15404.292639493942
171	666.6538	14.085231	678.9589	643.74207	696.96484	40.267883	720.6873	616.21106	719.9977	6.447559	735.5341	712.8882	697.9481	36.793056	723.1267	615.98834	1000.0	1000.0	1000.0	1000.0	683999	117.77127	21.221827	130.52951	-42.38068	117.77177	21.220375	134.177	-32.17997	-2.811824	2.084032	65.38381	-14.394218	-118.43981	3.9270422	15503.279124498367
172	663.5985	16.739838	688.9588	641.936	701.9255	28.856514	714.46375	615.5197	703.18524	30.830637	721.91547	611.5113	672.81555	47.923325	716.1006	607.9559	1000.0	1000.0	1000.0	1000.0	687999	117.92878	20.918211	130.12675	-48.015373	117.92684	20.921324	129.73405	-29.698671	-2.7712643	2.1952906	37.13362	-13.138773	-118.613655	3.621267	15603.722075939178
173	658.47845	9.224007	671.5569	646.7608	703.1152	31.250532	717.0402	609.6323	702.14734	30.912466	716.81244	609.7918	710.40656	2.1680226	713.4707	706.0982	1000.0	1000.0	1000.0	1000.0	691999	118.1938	20.660519	130.46442	-42.469666	118.19495	20.656368	130.72202	-26.979706	-2.8757925	2.0512905	33.630325	-13.463232	-118.89153	3.5360243	15704.75134563446
174	666.5762	17.75575	689.48785	644.3975	688.55536	47.1413	723.6764	614.52905	696.1524	41.829887	724.0406	612.0913	683.24835	45.743774	720.6891	612.2537	1000.0	1000.0	1000.0	1000.0	695999	118.47917	20.558105	130.82977	-30.214329	118.47976	20.558064	130.68501	-29.260311	-2.8504665	2.105733	30.942923	-12.098827	-119.18291	3.7188914	15803.569262742996
175	675.4927	14.767668	690.2994	654.068	700.0497	42.645542	736.7788	613.82776	706.81024	31.193413	729.7319	615.8085	691.9459	39.965446	722.1897	610.7586	1000.0	1000.0	1000.0	1000.0	699999	118.40604	20.578772	130.02754	-35.18513	118.40661	20.57994	130.05226	-30.99585	-2.849943	2.0292587	35.913372	-14.085604	-119.08635	3.6261344	15904.270323753357
176	664.76843	13.733602	686.20776	650.7024	681.7894	44.21457	716.6045	612.0132	685.0244	46.96911	725.64655	612.7206	653.3643	45.270184	709.88745	611.84125	1000.0	1000.0	1000.0	1000.0	703999	118.42869	20.30928	130.31548	-29.150372	118.42928	20.30856	131.08243	-31.49986	-2.8297803	2.098858	34.284115	-13.0165615	-119.12344	3.411108	16004.729308366776
177	654.5716	6.844031	660.5054	643.6291	706.0822	30.77952	721.8527	614.4504	694.77576	40.2333	722.7854	610.9765	682.8483	41.991634	717.74255	614.2074	1000.0	1000.0	1000.0	1000.0	707999	118.58439	20.193277	129.89857	-25.547264	118.58421	20.19269	131.21219	-35.817337	-2.8664324	2.0487344	29.639154	-13.012058	-119.27888	3.2982163	16103.717062234879
178	659.85205	16.142279	680.6223	635.2824	703.66156	28.226404	714.20636	619.0371	713.95917	3.5353549	721.2616	708.5578	702.9336	29.518023	720.72437	614.9473	1000.0	1000.0	1000.0	1000.0	711999	118.65186	20.362993	130.28963	-41.031403	118.65194	20.364649	130.26349	-26.744879	-2.8238802	2.0294306	32.979416	-12.9952755	-119.34599	3.3406963	16204.31971502304
179	655.53107	12.971528	672.55005	636.18616	705.5851	29.744463	722.1656	616.91974	716.85474	3.9497423	726.3537	712.83765	703.13727	29.30589	720.0492	615.6646	1000.0	1000.0	1000.0	1000.0	715999	118.85079	20.351374	130.88184	-22.785984	118.85045	20.348461	131.55934	-23.951473	-2.8445437	2.0649161	31.444475	-14.475187	-119.537575	2.954327	16303.307901144028
180	660.979	11.926235	680.1978	648.1727	713.38934	7.9051533	727.4542	696.91016	695.2028	41.886204	737.126	609.3468	671.26184	47.393456	714.53217	609.6482	1000.0	1000.0	1000.0	1000.0	719999	118.90041	20.403297	131.36807	-25.804308	118.90062	20.403528	131.11847	-28.229927	-2.8656354	2.0426838	30.015818	-12.361299	-119.596344	3.1778252	16401.409867048264
181	646.6727	6.853982	654.17633	637.7724	702.35925	28.603151	715.1119	616.7984	713.69214	5.7706523	728.7254	707.98315	696.70886	30.142122	712.48975	611.58026	1000.0	1000.0	1000.0	1000.0	723999	118.99014	20.33111	134.43658	-28.478186	118.99089	20.329489	131.29308	-32.15172	-2.8420823	2.05263	30.652178	-14.6795025	-119.679	3.205874	16501.05723118782
182	656.2038	17.031513	680.5472	635.18964	690.2904	53.179295	773.25726	613.1321	694.52783	47.198845	755.64307	614.5512	680.0941	44.474518	711.8931	610.1661	1000.0	1000.0	1000.0	1000.0	727999	118.95548	20.531713	130.89221	-37.814064	118.95422	20.533443	130.84204	-29.478016	-2.8511062	2.084649	30.029957	-14.364498	-119.64983	3.3859777	16599.445580244064
183	651.1478	6.2087035	661.35077	644.7334	703.7697	28.027233	725.30884	621.87744	700.11127	31.019499	727.3167	617.23425	697.525	32.76655	717.2552	618.25653	1000.0	1000.0	1000.0	1000.0	731999	119.21316	20.379591	131.17805	-27.769588	119.21378	20.376263	131.9863	-19.40556	-2.85331	2.0731711	32.443127	-12.075338	-119.91555	3.1877017	16698.602530002594
184	661.2083	13.753404	672.84106	637.8747	718.49225	4.896312	731.892	713.8465	736.8197	34.816814	811.2981	713.3073	695.106	38.608685	718.27826	617.4613	1000.0	1000.0	1000.0	1000.0	735999	119.30762	20.271698	133.26521	-26.718605	119.30882	20.270445	132.14507	-29.185028	-2.895068	2.044576	36.874004	-11.93656	-120.00003	3.4596136	16798.320343494415
185	662.2028	11.33937	672.5901	643.31854	685.116	46.36652	722.5847	613.0208	724.0265	8.591323	746.849	714.35095	705.3966	24.225044	715.9633	632.8177	1000.0	1000.0	1000.0	1000.0	739999	119.44154	19.94021	131.37398	-23.712303	119.44304	19.937637	131.6349	-23.222303	-2.9273727	1.9994247	34.527798	-13.713529	-120.1314	3.1926663	16898.56373810768
186	661.29614	12.969647	681.1313	644.8456	730.95233	70.9417	882.5481	623.24884	736.7162	19.214823	768.8825	713.92206	719.5146	25.361204	764.5966	659.00757	1000.0	1000.0	971.2	1000.0	743999	119.45812	19.921476	130.88312	-22.455784	119.45953	19.919125	132.3049	-22.754368	-2.9303486	1.9910568	26.615389	-12.965661	-120.14881	3.1731477	16999.15142941475
187	661.97534	8.516579	674.7051	651.31116	716.8683	5.558835	728.0736	710.2347	689.55646	48.556435	734.0053	614.66315	709.2107	31.299488	726.27655	616.1605	1000.0	1000.0	1000.0	1000.0	747999	119.54941	19.8186	131.5638	-37.41853	119.54825	19.820526	131.96187	-18.865692	-2.8436787	2.0288117	29.77251	-13.95788	-120.234146	3.0882702	17101.880267858505
188	654.8605	15.112694	680.5391	641.5419	720.3788	52.07824	808.86346	616.894	717.28253	3.8471808	723.2132	711.3575	682.35187	42.862793	723.3854	611.5118	1000.0	1000.0	1000.0	1000.0	751999	119.61716	19.881815	131.55223	-33.119522	119.61856	19.881388	132.10248	-27.991646	-2.9001768	2.0247655	27.043764	-13.08869	-120.31919	3.0237854	17204.99290370941
189	657.2996	10.591647	675.03845	647.08673	711.84955	2.0117035	716.2064	709.51715	718.1605	10.397099	739.65173	706.26306	693.65295	33.32109	713.3834	608.3926	1000.0	1000.0	1000.0	1000.0	755999	119.68099	19.943502	132.27686	-32.3527	119.68188	19.945282	131.75325	-30.236765	-2.901321	2.013084	33.66603	-12.5763235	-120.37417	3.0384603	17303.68095111847
190	554.02545	171.1951	659.6409	257.5958	693.3792	39.949657	725.2837	612.92395	713.87976	2.7968576	720.0248	710.523	647.04553	42.069153	710.84656	609.08734	847.0	1000.0	1000.0	1000.0	759999	119.87971	19.63629	131.79428	-29.562279	119.8815	19.637806	131.81868	-23.430906	-2.919387	2.0045424	30.456806	-13.46943	-120.58271	2.822536	17403.208246469498
191	654.022	10.1196995	671.1492	645.8935	798.8493	23.378357	812.2626	729.47644	788.8993	37.894203	813.3512	713.2663	785.76306	32.001137	804.2647	719.2955	1000.0	1000.0	1000.0	1000.0	763999	120.04221	19.489267	132.28563	-31.17262	120.04323	19.487562	132.0438	-22.905882	-2.9236343	1.9454821	26.798328	-14.837511	-120.72333	3.4215167	17502.33546280861
192	659.91077	14.33821	675.3151	643.5833	674.60693	47.3423	717.07684	610.98	706.308	30.520184	721.6461	615.07007	693.16174	39.12482	716.93677	614.03687	1000.0	1000.0	1000.0	1000.0	767999	120.04509	19.621159	132.41492	-27.583967	120.0459	19.618261	132.62608	-29.442665	-2.8629224	2.011149	27.934618	-12.828404	-120.73025	3.0602674	17605.943572044373
193	657.71844	3.51407	663.5199	654.5304	684.97314	46.293686	722.1523	613.6084	682.92755	45.900467	717.20215	610.72174	662.03894	43.847572	718.7635	611.2994	1000.0	1000.0	1000.0	1000.0	771999	120.01367	19.6697	134.42755	-23.088999	120.01426	19.672054	132.52296	-25.075176	-2.8977695	1.9977689	27.284534	-12.870248	-120.70978	3.039617	17705.14414215088
194	660.4206	14.213739	671.95056	636.06995	694.6187	40.57623	721.07306	612.5381	696.4315	39.588398	724.7622	614.54486	696.381	30.879297	714.6484	614.8242	1000.0	1000.0	1000.0	1000.0	775999	120.17173	19.437544	132.28165	-27.547441	120.17087	19.440199	134.55692	-24.394468	-2.8885133	1.987965	29.854362	-13.383184	-120.84816	3.2103353	17805.52778840065
195	655.6819	7.9305973	669.34644	649.95636	707.61084	31.259068	732.99817	615.4598	707.1547	31.858204	742.05884	616.0985	668.0618	44.030994	713.63007	613.41846	1000.0	1000.0	1000.0	1000.0	779999	120.19526	19.514055	132.6703	-24.90036	120.1948	19.517546	133.68074	-24.536963	-2.8464246	2.0473738	29.453281	-12.466482	-120.894936	3.2041957	17905.57939171791
196	656.7654	9.123617	667.495	646.4018	745.63324	59.25629	813.30536	620.8785	750.7665	52.79335	815.0109	656.17474	738.8907	50.913624	806.2098	632.8576	1000.0	1000.0	1000.0	1000.0	783999	120.22918	19.503195	133.05276	-25.606897	120.22946	19.504393	132.04918	-21.199087	-2.8447335	2.003654	29.147198	-12.989433	-120.91103	2.9951184	18009.04303264618
197	662.5812	6.455313	666.5997	651.4178	695.95496	38.45937	723.504	620.25323	720.79944	12.863961	754.697	710.2209	676.6841	47.553875	726.8988	616.8798	1000.0	1000.0	1000.0	1000.0	787999	120.30596	19.430191	136.7151	-23.40318	120.30553	19.432423	141.51004	-24.561726	-2.8640895	2.046598	24.994211	-12.906229	-120.99701	2.8913903	18109.51998066902
198	653.00824	10.188126	668.49976	640.26733	707.27576	42.68359	754.22644	621.8162	730.3827	33.581783	809.3457	662.1134	713.724	24.653881	745.7698	645.05505	1000.0	1000.0	1000.0	1000.0	791999	120.40686	19.410118	132.57645	-20.736113	120.40684	19.410416	132.44354	-22.402973	-2.9105678	2.0174341	23.88258	-13.316315	-121.10711	2.9513986	18209.276452302933
199	656.4124	14.053681	673.8854	640.9721	698.2811	38.87208	723.5715	620.4315	709.05664	27.764244	726.58075	626.9827	695.45264	38.82873	718.03937	616.73987	1000.0	1000.0	1000.0	1000.0	795999	120.62959	19.122055	132.77086	-30.786182	120.62971	19.122202	132.46596	-29.387135	-2.9171302	1.9627202	29.830263	-12.707829	-121.31497	2.949444	18308.591507434845
200	655.95135	5.343377	664.9118	650.79047	694.0983	40.32313	720.47363	613.12994	706.3645	23.053318	722.0138	638.0834	693.13495	40.367176	718.17505	612.52325	1000.0	1000.0	1000.0	1000.0	799999	120.64013	19.107252	132.61082	-21.771513	120.64011	19.109707	133.35147	-20.50802	-2.9018822	2.0399494	28.530048	-13.106901	-121.34538	2.9390748	18408.458466291428
201	656.8652	10.779279	671.62054	641.1889	711.8825	20.4809	733.2831	655.1422	697.0299	40.182716	728.824	617.0568	704.66754	28.360926	723.10254	620.378	1000.0	1000.0	1000.0	1000.0	803999	120.63267	18.95913	132.82141	-26.054422	120.63293	18.961578	134.06377	-18.39169	-2.9344313	1.9582324	28.016872	-13.99165	-121.32011	2.7058105	18508.633811950684
202	662.50586	21.750502	687.3361	633.49854	709.2045	29.2876	729.2701	623.9082	716.0651	43.460705	805.4528	614.0081	683.04333	45.545307	721.7924	611.54663	1000.0	1000.0	1000.0	1000.0	807999	120.83065	18.777283	132.83195	-36.13907	120.83022	18.7809	133.12595	-18.542112	-2.9168084	1.9369651	46.635418	-13.260316	-121.52558	3.0767183	18608.827525138855
203	667.1004	13.500625	690.2131	656.3781	747.1372	33.408077	813.8449	716.6949	739.0421	27.125618	810.69836	715.2582	760.0137	36.883995	810.6683	718.2925	1000.0	1000.0	1000.0	1000.0	811999	120.88011	18.883736	133.05849	-31.370808	120.87911	18.888847	134.0808	-18.517294	-2.9074948	1.9787446	27.494068	-13.845869	-121.57911	2.804772	18708.582298755646
204	653.4211	6.085939	658.8071	643.4129	749.2976	38.812	808.8257	714.5838	755.53424	43.848392	815.04236	715.79663	757.2302	38.48745	808.2236	717.6754	1000.0	1000.0	1000.0	1000.0	815999	120.87785	18.960003	132.95853	-21.956942	120.87895	18.96224	132.57904	-21.852459	-2.9145234	1.972898	42.71978	-12.488704	-121.566414	2.968086	18807.986360549927
205	655.2979	7.2341967	666.3334	646.8556	718.68787	41.106316	804.91315	622.2494	723.1256	56.330284	810.2713	624.2415	725.2665	30.771969	791.0221	689.3226	1000.0	1000.0	1000.0	1000.0	819999	120.84665	19.038181	132.55568	-35.512638	120.84735	19.040157	133.36101	-23.570578	-2.928898	1.9642547	29.621075	-12.818565	-121.54035	2.9789994	18907.793946266174
206	665.94135	10.657104	684.3593	659.11725	718.23865	2.6309676	725.2081	715.2957	701.6977	44.90331	752.1956	611.6584	701.61414	29.282616	726.3916	627.0042	1000.0	1000.0	1000.0	1000.0	823999	120.92744	18.886173	133.20934	-53.76853	120.92779	18.887299	133.7704	-23.302567	-2.9310603	1.9217999	24.223957	-13.868457	-121.60991	2.9668207	19008.67414999008
207	666.4136	15.754458	680.2283	639.76416	758.745	45.69859	830.78125	712.08124	734.43896	34.794918	817.26025	682.74963	726.4324	27.592077	806.70465	704.8758	1000.0	1000.0	1000.0	1000.0	827999	121.01552	18.710075	133.23117	-23.342422	121.01698	18.711508	132.97092	-22.340403	-2.9398925	1.9084392	39.62329	-12.27013	-121.70362	2.7787695	19108.715916872025
208	664.3761	9.467817	678.9806	652.93054	688.2913	46.592693	721.0202	613.2761	737.2571	57.706223	815.1101	614.6162	712.4532	37.18557	782.7413	619.26483	1000.0	1000.0	1000.0	1000.0	831999	121.05125	18.747938	134.44342	-24.329117	121.05122	18.750612	133.00235	-18.310623	-2.9445634	1.9447132	44.68772	-12.796466	-121.72826	2.6868267	19209.030288219452
209	660.55817	9.731563	674.7675	649.8342	713.909	32.494736	731.6461	617.25354	722.41595	98.693054	992.07166	629.47485	718.3759	3.7960463	727.89343	712.49524	1000.0	1000.0	1000.0	1000.0	835999	121.15872	18.592323	134.23238	-22.261528	121.15893	18.588951	133.19649	-24.668846	-2.9403763	1.9377785	29.821274	-12.727335	-121.844795	2.6648195	19309.615248918533
210	657.764	13.865349	674.5346	637.12006	518.83215	271.2853	809.27655	131.15279	627.413	211.78075	749.91595	149.70648	636.99194	170.60982	748.4034	274.11316	1000.0	677.0	841.9	863.0	839999	121.36693	18.290464	135.66574	-23.377697	121.3661	18.293365	135.17384	-17.654255	-2.978585	1.9464499	29.261429	-13.800715	-122.05543	2.6103954	19400.808826446533
211	627.6869	81.25538	685.55585	466.3064	698.03625	60.502052	807.47064	613.0478	697.8898	42.560833	732.42633	612.08887	684.2881	44.604736	719.242	615.44556	940.4	1000.0	1000.0	1000.0	843999	121.27265	18.390486	136.02434	-27.779133	121.27278	18.389366	138.13695	-25.81767	-2.9048934	1.9588597	26.802776	-12.350098	-121.94948	2.7767124	19500.666986703873
212	653.8695	9.450119	669.29	645.1323	717.18665	26.750294	731.4656	638.8451	726.9697	44.44204	812.1231	616.37885	733.70715	30.048256	812.2382	711.9415	1000.0	1000.0	1000.0	1000.0	847999	121.42399	18.091995	137.8734	-38.905598	121.4232	18.092249	135.65842	-24.50707	-2.9664814	1.9015211	29.29411	-12.209164	-122.100975	2.461716	19600.879320383072
213	658.66235	10.364835	668.6135	641.2859	722.4669	2.3929672	725.17377	717.6456	711.3099	27.868656	725.10095	628.20496	720.3641	7.341492	738.7259	712.59705	1000.0	1000.0	1000.0	1000.0	851999	121.4924	17.925875	143.76256	-19.196764	121.49165	17.926775	140.73494	-17.89591	-2.974045	1.9046932	24.470568	-12.422975	-122.1632	2.649834	19702.78186106682
214	537.4869	240.84447	666.4814	55.98618	734.2492	34.325264	836.6037	716.6632	768.51953	146.50673	1186.6868	635.1178	727.14594	18.61809	765.624	698.7599	813.0	1000.0	1000.0	1000.0	855999	121.45406	18.155935	144.96384	-33.86512	121.45432	18.156569	145.7645	-26.359833	-2.942817	1.9176768	26.714699	-13.1668625	-122.12864	2.8123007	19804.90855050087
215	662.9458	15.503458	683.45074	640.63477	748.55035	34.891296	838.3031	714.4494	686.9846	187.2085	845.2774	156.86731	707.99097	49.055584	808.7821	633.9632	1000.0	1000.0	915.0	1000.0	859999	121.42872	18.14063	140.3507	-26.225754	121.42747	18.144438	139.91109	-24.311687	-2.885517	1.9700663	24.152529	-12.878128	-122.10348	3.2183623	19903.65727829933
216	649.3845	3.7402594	654.1116	644.64795	729.8535	10.035316	748.02246	716.29456	698.836	41.16258	730.5563	615.0831	735.24854	11.267595	750.5137	713.5536	1000.0	1000.0	1000.0	1000.0	863999	121.30908	18.198324	149.84225	-27.252369	121.30922	18.199562	148.27989	-21.892744	-2.9243407	1.9676603	24.593925	-11.733518	-121.97787	2.8064673	20002.83603978157
217	653.8805	14.855783	668.6586	633.1538	675.9697	48.04981	720.32526	611.0703	713.2665	2.506201	716.8042	708.86523	661.6112	48.663246	711.8707	609.00214	1000.0	1000.0	1000.0	1000.0	867999	121.30279	18.1463	158.01872	-28.207438	121.30323	18.146635	159.35637	-26.401804	-2.9782875	1.9306148	35.573784	-12.551495	-121.9806	2.7982607	20106.47806072235
218	661.9667	13.605735	680.5336	645.4163	668.6891	46.852947	717.5492	610.8656	725.24335	28.826916	808.2138	706.41644	703.19135	26.755064	715.608	623.0985	1000.0	1000.0	1000.0	1000.0	871999	121.3473	18.2419	168.27197	-46.04224	121.3472	18.241343	165.66367	-31.840271	-2.9535794	1.8941321	27.039146	-12.809111	-122.01602	2.5034165	20207.47951078415
219	651.37555	7.4574366	658.3742	638.81415	705.8871	29.724054	727.8775	619.739	704.4091	32.038994	720.7214	609.24817	680.4812	46.118896	715.2541	603.5445	1000.0	1000.0	1000.0	1000.0	875999	121.54077	17.938486	166.274	-42.068428	121.54017	17.938543	164.72148	-35.722683	-2.9433234	1.9238113	28.603031	-12.367707	-122.21743	3.136857	20309.516831874847
220	654.0851	10.020893	671.38074	647.4107	697.6339	42.05543	729.82355	612.55273	724.83356	9.832487	741.3537	710.4993	713.8418	2.7280524	717.8565	709.6057	1000.0	1000.0	1000.0	1000.0	879999	121.53417	17.969303	166.89859	-30.236282	121.53503	17.967468	165.47418	-22.810066	-2.9216762	1.9388056	56.207943	-13.725059	-122.20603	2.74472	20408.9989695549
221	654.47394	7.312026	661.64886	642.26086	704.5299	34.435658	729.58014	625.0034	710.52405	29.80393	729.5788	622.38116	694.4228	37.530926	720.87463	617.6698	1000.0	1000.0	1000.0	1000.0	883999	121.67072	17.747395	167.72128	-34.747303	121.67103	17.746372	165.57109	-23.388372	-2.9428866	1.920808	41.106926	-13.472735	-122.34321	2.6169674	20508.604644536972
222	652.18665	6.0741763	656.329	641.70544	673.26306	48.200657	737.8754	617.28894	713.3208	26.928566	747.52545	637.1247	714.8035	3.331058	720.72516	707.7563	1000.0	1000.0	1000.0	1000.0	887999	121.61134	17.910439	164.58383	-32.82396	121.61053	17.913464	163.89822	-29.945896	-2.939108	1.9230894	29.971807	-12.741819	-122.28095	2.7865288	20608.493720054626
223	659.3546	6.501871	667.58044	650.8816	745.6815	42.65676	811.4221	714.04047	753.61066	42.085762	811.25055	717.40497	739.12067	32.14311	804.05835	712.79956	1000.0	1000.0	1000.0	1000.0	891999	121.63195	17.94965	157.20055	-44.84065	121.63144	17.95418	157.46768	-42.2264	-2.8952284	1.9402494	32.15749	-13.306419	-122.315445	3.0549588	20715.28249025345
224	651.3156	7.37752	664.08636	646.6475	717.4027	41.91058	804.7448	619.285	760.7479	182.62837	1291.3143	613.5721	658.0352	46.420074	717.1841	612.6585	1000.0	1000.0	1000.0	1000.0	895999	121.78009	17.672947	152.19525	-35.666645	121.78	17.673174	151.52745	-37.113106	-2.984425	1.8709991	26.702982	-13.15246	-122.46159	2.7426143	20816.941173791885
225	655.3234	4.7235384	658.95483	647.24414	685.7228	43.8326	719.0832	617.27655	708.0718	52.49743	806.87286	616.165	700.63226	31.045815	724.83374	632.2688	1000.0	1000.0	1000.0	1000.0	899999	121.95911	17.555452	154.12053	-26.51429	121.95865	17.558907	154.47795	-19.736763	-2.9533083	1.9151442	27.982906	-13.646657	-122.644745	2.4916806	20916.34994006157
226	680.5772	12.869135	693.3599	660.7965	696.1398	37.65217	718.4655	615.6979	696.09265	40.475124	726.73517	614.9489	694.7881	40.110867	732.99634	614.2155	1000.0	1000.0	1000.0	1000.0	903999	121.9787	17.561281	158.24065	-20.384506	121.9787	17.563019	157.27316	-24.969616	-2.9562354	1.9095119	28.319836	-13.82473	-122.662186	2.766827	21015.72198867798
227	656.2038	17.879995	682.1455	633.86847	744.0082	42.599476	810.1897	707.009	709.0926	52.291626	810.60254	618.30115	703.62537	52.793407	798.94995	619.3072	1000.0	1000.0	1000.0	1000.0	907999	122.00996	17.50047	155.03535	-33.921097	122.01045	17.50022	155.28238	-29.007202	-2.9552128	1.8632426	37.224663	-12.026886	-122.684326	2.6528795	21118.376032590866
228	670.2224	9.366248	680.61426	658.2645	697.12854	41.386276	734.77136	620.6212	727.76086	46.903732	822.56744	627.60144	698.25116	33.806446	723.0916	624.3147	1000.0	1000.0	1000.0	1000.0	911999	121.95252	17.637133	155.11647	-24.172274	121.95284	17.637838	154.39656	-28.171978	-2.9389312	1.8744608	27.355886	-12.501236	-122.61905	2.6799684	21219.837473869324
229	672.0325	14.055976	689.93427	651.4166	689.91394	42.360733	730.78143	622.99146	691.75464	62.954876	831.601	619.39844	722.34326	59.38814	875.5502	621.22125	1000.0	1000.0	1000.0	1000.0	915999	121.93023	17.69978	156.65836	-32.765987	121.93076	17.701529	151.93855	-33.542675	-2.966064	1.8976736	26.972336	-12.7663555	-122.62147	2.5313387	21319.693616628647
230	659.52576	8.707325	671.3122	647.1687	718.90344	2.932564	724.2327	714.05304	708.7612	32.34958	727.3891	612.89594	702.11584	31.712006	724.61127	616.63635	1000.0	1000.0	1000.0	1000.0	919999	122.07602	17.420088	152.52637	-38.91056	122.0757	17.420546	151.93774	-27.582613	-3.0070424	1.7957337	30.605783	-11.76733	-122.76489	2.368138	21420.712512016296
231	667.9853	5.029804	673.059	659.8554	717.88745	6.5404134	734.21387	710.0222	694.95905	40.98414	719.5451	609.16797	697.15	40.07082	730.83527	615.0982	1000.0	1000.0	1000.0	1000.0	923999	122.11255	17.544098	148.3555	-40.710083	122.11203	17.54688	147.26758	-29.454227	-2.9904096	1.8605838	28.66833	-12.396756	-122.7855	2.784408	21521.559235572815
232	668.4463	7.2867446	679.6441	660.08746	694.52563	39.762875	718.725	614.3356	713.91583	43.174236	808.3694	616.13184	663.4562	46.675938	713.7368	613.2557	1000.0	1000.0	1000.0	1000.0	927999	122.07075	17.552425	145.46523	-43.242424	122.07097	17.551945	145.35646	-35.45149	-2.9936879	1.820538	27.084661	-12.408842	-122.74108	2.5288393	21622.067769765854
233	658.72394	8.826445	669.8211	647.30066	769.4964	42.177757	809.00165	714.2055	753.619	44.03676	809.48334	713.1234	709.1994	42.2973	803.2975	616.1845	1000.0	1000.0	1000.0	1000.0	931999	122.13206	17.357084	145.56853	-31.937511	122.13208	17.3608	143.17961	-40.465202	-2.98809	1.8514167	27.858461	-11.636804	-122.79933	2.7810264	21721.988707065582
234	658.3929	9.276139	672.3929	646.5217	686.23425	43.482174	724.45734	616.43805	727.2436	27.507048	809.21545	713.4129	687.0332	41.371788	725.5604	619.8523	1000.0	1000.0	1000.0	1000.0	935999	122.15043	17.199793	141.0954	-35.32981	122.15099	17.200975	141.50134	-26.661297	-3.0023654	1.860898	27.234274	-12.383188	-122.81495	2.5062125	21821.919926166534
235	659.66797	7.4388638	668.5975	648.3596	719.7302	4.136422	726.0845	713.8493	697.2214	38.600407	722.9064	618.04755	706.88666	29.307741	724.3404	619.72156	1000.0	1000.0	1000.0	1000.0	939999	122.25092	16.895628	139.69142	-24.109653	122.25052	16.89728	138.4247	-31.228523	-3.0160463	1.8499135	30.015976	-12.685467	-122.9281	2.4362154	21929.535412073135
236	660.5848	9.148363	673.97375	648.1339	694.362	39.55199	717.036	615.08673	716.37103	43.191284	809.3016	616.6756	693.5823	40.57184	717.8609	609.2277	1000.0	1000.0	1000.0	1000.0	943999	122.29777	16.937033	137.19588	-33.89051	122.29842	16.934752	136.2001	-27.12815	-3.0286834	1.7934828	32.864834	-12.417405	-122.96633	2.428427	22032.637848615646
237	663.44183	15.701623	687.6274	647.9007	739.19025	37.10445	813.69916	711.82104	728.26697	28.492655	811.97974	711.4129	705.9545	29.938934	723.79364	617.06335	1000.0	1000.0	1000.0	1000.0	947999	122.31713	16.790195	138.806	-27.075235	122.31638	16.79223	137.77823	-26.758093	-3.0027564	1.8708035	34.00819	-14.4245	-122.998344	2.4264617	22136.719162464142
238	665.8355	11.704331	682.6882	649.8181	707.3012	23.378428	730.7999	639.81903	734.2079	43.19092	862.3312	709.30914	706.6319	19.953083	717.1999	647.3118	1000.0	1000.0	1000.0	1000.0	951999	122.37785	17.002079	146.2266	-33.132633	122.37709	17.001362	144.69182	-29.004353	-3.0047138	1.8616084	24.904165	-15.060018	-123.05203	2.7164161	22241.662286043167
239	549.7649	182.23218	659.73804	234.171	684.3211	41.567238	720.4423	619.23	692.4469	73.30634	810.5973	610.8812	690.8706	37.221756	714.6367	616.83905	831.75	1000.0	1000.0	1000.0	955999	122.36974	16.798147	146.38142	-32.552303	122.36952	16.797468	146.52946	-28.092098	-3.0013514	1.7976093	30.751083	-12.287069	-123.02901	2.5704942	22339.985389471054
240	672.6891	16.895605	692.8661	649.311	692.55145	39.01013	716.6006	614.1504	714.9266	7.165627	728.28986	706.9772	688.7294	38.691853	710.3022	610.09283	1000.0	1000.0	1000.0	1000.0	959999	122.35255	17.024494	139.17117	-29.301056	122.35249	17.025032	137.9036	-26.616564	-2.9835825	1.8618888	28.060677	-12.07193	-123.02684	2.6595786	22440.979379177094
241	673.56616	16.378418	700.9602	657.4937	706.76794	43.888695	761.92944	619.59845	785.2086	174.27362	1269.9504	619.1576	687.19904	71.486465	789.2988	607.9021	1000.0	1000.0	1000.0	1000.0	963999	122.42554	17.02543	137.15793	-33.517033	122.42456	17.024334	136.25441	-30.26836	-2.9893556	1.839633	26.591318	-13.406244	-123.09011	2.1895344	22552.725453853607
242	688.00024	33.76091	745.1836	657.4706	772.4689	48.1706	842.5285	722.514	779.215	79.428154	988.6922	715.7666	772.4761	40.680073	818.2834	713.3783	1000.0	1000.0	1000.0	1000.0	967999	122.35948	17.11967	134.50786	-40.635124	122.35834	17.11654	134.83055	-39.81238	-2.9477746	1.8857979	30.805672	-12.740034	-123.0246	2.7236269	22653.34333872795
243	656.5434	22.888155	687.0848	633.09424	707.1769	30.03784	724.59326	618.1293	705.5231	52.072697	809.8809	615.2927	712.84924	29.79268	775.43286	642.9794	1000.0	1000.0	1000.0	1000.0	971999	122.37804	17.043335	137.30438	-30.554806	122.37829	17.040573	136.11905	-21.655972	-3.0328162	1.8269217	34.064034	-14.327914	-123.04966	2.3109713	22752.146656513214
244	659.2643	12.424708	678.90173	645.0846	746.1964	41.418602	810.429	712.9956	767.3206	71.533424	924.06793	659.75165	705.1563	25.680807	729.9584	630.1317	1000.0	1000.0	1000.0	1000.0	975999	122.32616	17.310143	134.44814	-22.472794	122.32635	17.312393	134.88408	-17.620174	-3.0242944	1.7917708	28.156134	-12.44247	-122.98353	2.240707	22852.387943267822
245	707.6943	59.592293	807.81195	660.9003	698.6378	40.292114	721.81714	616.98505	710.0343	30.758648	724.28754	618.39844	691.91125	39.110584	721.0094	621.8387	1000.0	1000.0	1000.0	1000.0	979999	122.3426	17.192356	134.95317	-28.702675	122.34312	17.188046	135.67079	-28.03757	-3.0008874	1.8167291	28.043497	-12.77336	-123.01067	2.5333073	22951.84585595131
246	694.6586	30.076433	729.10394	655.03174	698.2567	40.784554	727.5808	612.15826	709.7091	30.218885	727.29486	620.15765	686.9603	44.46312	723.49963	617.4227	1000.0	1000.0	1000.0	1000.0	983999	122.3943	17.113394	134.88544	-48.23326	122.39377	17.114414	136.36871	-18.760242	-2.985931	1.8372533	36.444218	-12.753126	-123.07501	2.2855113	23050.219839572906
247	626.22974	146.82396	722.4874	334.304	691.09186	48.17865	748.7151	617.3857	717.09674	38.555668	781.54724	620.46985	698.9879	39.619545	745.30475	618.91626	898.4	1000.0	1000.0	1000.0	987999	122.52076	16.879316	134.21045	-29.455496	122.51995	16.881235	134.70569	-23.688099	-3.057183	1.828789	52.947926	-11.825062	-123.191795	2.1125586	23149.984971523285
248	711.04987	21.751902	731.1673	676.12494	741.055	32.712414	808.9565	717.87494	732.6283	26.734632	808.564	714.5202	738.7414	25.602072	789.89325	721.6997	1000.0	1000.0	1000.0	1000.0	991999	122.61798	16.931713	135.6688	-27.366814	122.61801	16.931553	135.39993	-25.662088	-3.0214841	1.8215404	29.386986	-13.2117405	-123.291954	2.436078	23250.440836906433
249	718.0659	18.20319	741.4751	690.3582	764.17566	45.06823	812.5524	716.08057	763.13043	46.75699	814.1722	714.1466	766.24347	45.71434	805.34674	677.9369	1000.0	1000.0	1000.0	1000.0	995999	122.71508	17.023329	137.45007	-36.794373	122.71518	17.019228	135.77235	-28.963755	-3.0112302	1.8203595	36.709053	-12.545511	-123.38633	2.6609042	23349.99437046051
250	672.1884	18.987555	704.04724	655.64465	718.5887	21.357658	757.09906	674.8935	801.85547	201.11433	1311.8324	612.8344	709.33075	28.217962	743.9307	629.5026	1000.0	1000.0	1000.0	1000.0	999999	122.70742	17.020428	134.81895	-34.523735	122.70781	17.02	134.92491	-28.26859	-3.036474	1.7553341	30.068731	-12.087144	-123.38275	2.3154562	23448.67933654785
