Epoch	AverageEpRet	StdEpRet	MaxEpRet	MinEpRet	AverageTestEpRet	StdTestEpRet	MaxTestEpRet	MinTestEpRet	AverageTransferEpRet	StdTransferEpRet	MaxTransferEpRet	MinTransferEpRet	AverageRandomEpRet	StdRandomEpRet	MaxRandomEpRet	MinRandomEpRet	AverageAdvEpRet	StdAdvEpRet	MaxAdvEpRet	MinAdvEpRet	EpLen	TestEpLen	TransferEpLen	RandomEpLen	AdvEpLen	TotalEnvInteracts	AverageQ1Vals	StdQ1Vals	MaxQ1Vals	MinQ1Vals	AverageQ2Vals	StdQ2Vals	MaxQ2Vals	MinQ2Vals	AverageLogPi	StdLogPi	MaxLogPi	MinLogPi	LossPi	LossQ	Time
1	-31.517193	7.815	-11.247993	-58.6668	1785.0846	78.62833	1916.8042	1711.5953	42.88455	14.046834	60.52409	14.576136	1806.8519	69.86424	1896.7288	1694.6256	1755.2949	80.68068	1917.3501	1614.8441	19.699507	1000.0	47.1	1000.0	1000.0	3999	6.5512733	6.243222	28.351421	-11.378388	6.5513506	6.2429075	28.915678	-12.073514	-7.2428174	2.9975362	12.037068	-21.820372	-10.026611	1.2782178	96.19191384315491
2	-30.731104	10.350559	75.342896	-50.9032	1641.905	61.0309	1729.4093	1519.5607	15.06709	11.448146	33.999138	-6.6706295	1631.0793	128.19131	1791.3002	1392.1862	1662.6511	90.34476	1820.6029	1525.645	19.635468	1000.0	31.6	1000.0	1000.0	7999	30.040773	20.43118	106.51144	-26.175516	30.041075	20.429829	106.039154	-19.827734	-0.23000006	5.2783065	27.494951	-20.75819	-36.973164	4.42893	199.817462682724
3	-22.847984	16.470318	17.247889	-64.03155	1672.4558	115.896126	1827.6226	1492.0496	-20.56195	5.7937107	-5.8428383	-29.037115	1622.32	75.85459	1801.3324	1492.8593	1629.3336	59.753807	1718.4249	1507.7872	24.801243	1000.0	26.5	1000.0	1000.0	11999	79.82893	51.37156	220.78937	-38.55184	79.82938	51.370457	214.02754	-39.815918	6.207351	5.47758	41.35009	-17.52755	-91.667206	27.906572	301.85682797431946
4	-13.706908	20.338333	37.696915	-154.21152	1688.0778	75.705	1778.3322	1560.3195	-17.367916	12.615967	4.572421	-30.830381	1629.3151	50.16834	1696.7253	1582.4833	1684.0938	56.533394	1778.8988	1556.727	34.05983	1000.0	41.8	1000.0	1000.0	15999	123.77299	152.13588	1761.5719	-42.029892	123.7771	152.12608	1716.7675	-41.21783	7.4720607	7.708456	155.42174	-17.514406	-137.12508	333.41965	405.91160678863525
5	-19.841734	23.299631	41.145077	-137.95326	1754.759	74.75242	1890.241	1663.7026	-2.7038445	29.610603	36.054768	-64.25213	1703.6566	63.798813	1858.9178	1656.0911	1726.1223	92.32549	1856.1544	1566.0002	46.872093	1000.0	70.2	1000.0	1000.0	19999	130.48404	177.31981	1837.4683	-46.43274	130.48108	177.3206	1836.378	-55.317207	8.564074	7.2447543	71.30708	-20.512848	-142.12604	189.09846	510.7509276866913
6	-30.747133	21.453396	7.2011447	-91.76849	1736.7555	80.29082	1881.7173	1586.7845	-23.910845	9.655358	-10.498685	-42.4763	1655.9949	62.442364	1748.8823	1533.7784	1676.1731	81.21411	1787.8363	1496.8438	36.614677	1000.0	50.3	1000.0	1000.0	23999	130.41661	200.5035	2229.058	-48.632515	130.41678	200.49327	2218.0293	-58.762383	8.608849	7.089717	82.54413	-20.314972	-140.9704	244.74811	615.7712163925171
7	-71.70321	301.0303	24.347044	-2654.3638	1709.7047	69.022415	1779.8229	1570.5554	-20.90441	10.807474	4.427799	-31.811394	1703.1621	86.38449	1876.5271	1546.5623	1660.013	31.787535	1679.6565	1565.5022	53.226665	1000.0	51.0	1000.0	1000.0	27999	136.52844	246.82394	2364.6997	-84.75861	136.52559	246.82384	2390.5063	-96.622635	9.064886	7.168874	114.73874	-18.23933	-146.3286	345.16324	719.7698929309845
8	-37.98032	176.67976	37.45328	-1649.7778	1649.3031	92.205505	1777.6472	1532.6641	12.8309355	15.708602	36.0185	-13.071556	1638.2039	63.74072	1788.8195	1592.9404	1758.7949	85.67697	1875.6113	1638.7156	46.682354	1000.0	67.3	1000.0	1000.0	31999	156.60959	290.49677	2404.4175	-120.54215	156.60895	290.49292	2422.376	-133.03067	10.11743	7.516813	140.95825	-18.064865	-167.34897	491.7702	823.7668030261993
9	-24.882248	26.035912	62.53762	-89.96263	1654.9863	69.23926	1815.3215	1594.5255	-27.381475	40.67689	36.303944	-85.24566	1629.9781	68.40087	1784.5789	1564.083	1636.0377	82.29754	1715.6533	1500.8026	46.895348	1000.0	62.7	1000.0	1000.0	35999	153.90018	275.5673	2506.05	-125.55199	153.90303	275.5662	2466.3418	-139.80707	10.276391	7.4782157	258.83954	-16.886822	-163.08868	426.093	928.402845621109
10	-32.852924	21.113314	22.526829	-108.08479	1720.4033	91.30138	1892.448	1570.8129	0.05281645	17.968819	48.585087	-21.75401	1646.4867	55.86247	1742.515	1535.4441	1741.1051	77.37682	1902.917	1660.5527	56.585712	1000.0	60.7	1000.0	1000.0	39999	153.9882	316.01813	2503.7856	-140.55606	153.99445	316.0151	2478.2517	-160.09213	9.839259	7.8401313	235.35776	-18.937147	-162.32852	615.51904	1033.387253522873
11	-19.667555	18.122946	28.513435	-77.71608	1700.5916	93.8954	1894.5632	1586.7039	-25.211605	9.43571	-12.174066	-42.921936	1598.596	65.91231	1736.6766	1516.3367	1759.5574	64.804214	1900.1835	1692.2039	48.08434	1000.0	42.9	1000.0	1000.0	43999	143.79178	316.94833	2529.08	-77.35362	143.78139	316.95236	2507.2446	-73.73858	9.832263	7.9809694	241.71942	-17.63042	-151.88916	597.5044	1138.5268938541412
12	-89.669785	519.76044	32.562077	-4369.7593	1678.5022	72.61075	1851.0029	1562.1406	3.155943	20.364504	46.859062	-26.88912	1555.7762	61.24953	1649.2079	1432.6443	1711.8896	52.145447	1777.7291	1651.2893	58.086956	1000.0	47.8	1000.0	1000.0	47999	149.77547	346.43396	2577.076	-94.37135	149.76537	346.43066	2609.6985	-99.63233	9.650035	8.007288	152.61565	-20.34202	-157.1323	780.8974	1243.8455028533936
13	-17.094313	29.007162	95.340324	-63.272274	1714.157	93.769714	1844.4209	1510.5352	-16.750507	11.557816	4.1045456	-35.495083	1628.5192	69.7528	1763.2461	1544.0326	1683.0739	77.83332	1785.4224	1507.371	62.43077	1000.0	55.0	1000.0	1000.0	51999	147.06554	330.44373	2580.3882	-81.593155	147.05618	330.42267	2630.5442	-99.51842	9.8443575	8.155921	218.99886	-18.792656	-154.32207	751.4949	1348.2802333831787
14	-22.849047	28.485561	19.195976	-238.0074	1720.0369	115.21568	1889.0201	1463.7273	1.5658085	13.242117	14.59482	-26.718899	1699.5999	68.020164	1841.5895	1627.331	1668.6458	28.50647	1684.1077	1584.1208	34.582607	1000.0	27.0	1000.0	1000.0	55999	143.49959	328.75735	2727.549	-101.59155	143.49683	328.7327	2839.2854	-154.64363	9.565789	8.392569	190.89862	-23.698755	-150.94685	672.9787	1451.8150522708893
15	-17.32973	24.05064	60.10767	-65.15038	1788.9084	61.158314	1912.625	1705.187	-22.706974	10.311161	-10.412003	-42.98188	1605.1227	83.31383	1775.6011	1447.2489	1792.1318	75.799805	1918.9622	1688.3994	53.48	1000.0	45.8	1000.0	1000.0	59999	139.11876	337.24213	3116.4065	-105.72696	139.1116	337.2256	2921.0596	-140.02106	9.19651	8.548338	188.36069	-19.34674	-146.03525	622.4345	1555.6635100841522
16	-86.38963	435.9224	32.031593	-3703.1838	1679.8141	100.862114	1835.8691	1526.9827	-10.876457	15.356803	13.801197	-29.090107	1571.8241	54.82026	1661.0293	1454.4197	1674.6375	51.964573	1747.5665	1626.1405	57.157143	1000.0	41.0	1000.0	1000.0	63999	129.67493	346.48047	2993.7563	-110.169266	129.66576	346.46613	2941.292	-152.77599	8.156463	8.662483	153.09338	-20.419954	-135.58406	673.1499	1660.6955862045288
17	8.835148	282.60965	2349.4602	-88.221306	1799.9342	49.15299	1857.3022	1745.6353	-2.1638062	14.1046	19.575577	-28.975283	1601.6993	60.98774	1724.1053	1528.9978	1778.7526	76.88904	1937.7319	1646.949	57.028572	1000.0	45.2	1000.0	1000.0	67999	121.5323	354.88885	2938.4744	-106.71717	121.50755	354.86737	2897.1758	-126.2215	7.4169073	9.010453	205.84808	-21.164154	-126.97537	771.74866	1765.1886730194092
18	-53.243958	291.65854	25.078926	-2845.618	1735.1711	55.624397	1815.6886	1669.9583	-22.5298	8.592403	-10.089559	-37.2726	1631.4319	59.579124	1751.7988	1550.6442	1746.403	71.83546	1898.8972	1663.5836	43.2043	1000.0	27.9	1000.0	1000.0	71999	112.8391	339.85782	2834.8865	-115.51186	112.81694	339.82977	2835.525	-141.82288	7.0023956	9.223346	194.0404	-19.061817	-117.69992	833.6759	1870.879828453064
19	-22.645506	17.750628	26.18125	-79.15542	1784.4055	65.85249	1944.2709	1740.101	0.6629168	15.544189	26.536291	-26.258934	1611.4229	49.231358	1650.6984	1530.4003	1766.9059	38.607407	1845.2625	1744.4365	35.91892	1000.0	53.2	1000.0	1000.0	75999	103.69074	338.06638	2844.5857	-115.972145	103.66534	338.02863	3002.512	-140.04822	6.007754	9.174543	204.89937	-22.986889	-108.48909	778.98285	1976.1240334510803
20	-102.01725	605.4918	36.472504	-5091.9595	1723.1614	52.099567	1783.9774	1665.0215	-23.676838	17.704458	15.8649645	-41.844707	1603.3286	64.33716	1678.2515	1473.6631	1724.9246	49.437958	1790.821	1656.118	57.942028	1000.0	63.2	1000.0	1000.0	79999	110.22794	356.7557	2931.751	-136.40549	110.20905	356.73212	2769.042	-150.516	6.5566406	9.933734	153.51604	-22.605965	-115.46268	835.5989	2082.2775571346283
21	22.874123	363.87595	3509.2815	-51.899223	1721.982	51.758537	1802.869	1673.1045	-14.731282	8.141649	-2.2224808	-33.48797	1635.773	66.91899	1705.0496	1491.018	1733.9519	80.88504	1893.4459	1588.027	43.032257	1000.0	28.4	1000.0	1000.0	83999	120.28884	354.08948	2650.2153	-123.51052	120.27717	354.0664	2624.856	-153.07628	7.303324	10.074151	179.42545	-22.92493	-126.09913	828.205	2186.5361783504486
22	-64.12594	347.0481	8.997866	-3388.9292	1728.0374	46.43371	1790.5115	1679.3595	-33.488674	16.954874	-9.673102	-61.44897	1672.4535	65.2101	1812.3547	1592.1178	1722.4713	76.693794	1878.1603	1590.6594	43.075268	1000.0	57.8	1000.0	1000.0	87999	125.78606	347.99103	2732.1926	-122.714035	125.76398	347.97678	2768.1345	-149.68576	7.018369	9.8192	207.11649	-19.363472	-131.2659	828.5045	2290.8521687984467
23	-70.41833	436.79697	43.483757	-3692.7385	1686.4172	66.559555	1840.6444	1633.2987	-2.4969668	9.641741	5.589407	-26.722494	1742.1045	84.7524	1862.8995	1644.9684	1685.6412	48.774776	1766.3477	1636.8517	57.25714	1000.0	30.5	1000.0	1000.0	91999	121.23556	331.72058	2715.0881	-151.37103	121.21801	331.71707	2535.2144	-178.1917	6.508939	9.8976145	169.81665	-18.83659	-126.74347	745.26935	2395.600838661194
24	-65.5525	430.0826	79.40162	-3885.0334	1756.8041	67.633484	1902.481	1683.8483	3.3785248	15.123865	42.982067	-8.912013	1613.0564	67.3271	1755.6691	1543.5845	1720.5504	61.54591	1796.2722	1593.7463	49.775	1000.0	48.4	1000.0	1000.0	95999	121.46767	325.60922	2505.5803	-141.86168	121.458	325.61072	2500.3171	-169.45157	6.08815	9.956182	179.9827	-21.542404	-127.04087	773.7081	2501.2218387126923
25	16.106499	249.90074	1943.8767	-61.80077	1811.502	85.84307	1934.4348	1723.9083	-5.1552677	30.427301	81.77342	-28.9957	1631.7341	66.97448	1781.3975	1575.423	1775.4261	84.14563	1918.445	1621.0061	65.590164	1000.0	73.1	1000.0	1000.0	99999	118.56565	320.07806	2408.2905	-147.87956	118.55765	320.0873	2394.846	-146.7176	5.920592	10.22279	175.25385	-18.950739	-123.767296	719.08435	2607.0176241397858
26	-79.44408	535.3318	58.630405	-4289.4663	1731.9658	56.272247	1813.1487	1624.15	10.507059	21.675365	38.680004	-23.151085	1582.5992	84.093155	1785.4692	1476.8018	1784.804	68.934105	1921.3794	1697.1371	63.095238	1000.0	68.3	1000.0	1000.0	103999	113.80484	300.9607	2319.6501	-149.1194	113.80386	300.9712	2234.0508	-154.14877	5.588945	10.044625	170.85828	-19.883247	-118.94687	653.43823	2713.024752855301
27	-94.70428	659.165	45.910492	-5282.0845	1842.6057	74.41717	1962.6592	1761.4442	-12.174181	18.863937	28.108507	-45.051643	1631.8065	94.451836	1731.6779	1430.9106	1832.5	78.97475	1964.4425	1759.3131	63.460316	1000.0	51.0	1000.0	1000.0	107999	111.20856	292.97107	2217.3564	-145.6193	111.20124	292.97067	2264.3042	-131.96317	4.814024	10.234515	147.08276	-20.169746	-116.00035	584.5266	2817.9271297454834
28	-56.272366	322.7839	30.020725	-2694.697	1742.8982	75.668045	1891.3647	1600.0449	3.947279	12.560808	28.776459	-11.91746	1615.9694	79.52136	1828.3635	1493.3473	1760.2643	39.54533	1790.7959	1695.3741	59.514706	1000.0	50.4	1000.0	1000.0	111999	98.80789	288.00427	2272.5547	-124.80723	98.81781	287.99924	2255.6438	-116.32374	3.3043509	10.037611	158.71729	-21.694897	-102.44324	524.61993	2922.2687633037567
29	-10.503092	24.159763	58.997852	-65.46052	1766.1539	66.1336	1896.2959	1693.2797	-25.328043	8.088554	-12.778738	-37.297306	1589.198	69.7487	1654.7098	1445.1521	1717.7086	77.54476	1821.1632	1610.4537	50.02532	1000.0	44.1	1000.0	1000.0	115999	123.07661	292.65335	2258.382	-106.12592	123.07399	292.66766	2233.4062	-109.61929	7.724617	12.631339	190.89961	-21.885418	-135.6675	1276.0005	3028.4524455070496
30	-33.508293	131.16008	62.057842	-1135.8466	1546.3059	54.455975	1619.7185	1428.4255	-22.390388	6.797222	-11.1634445	-36.442295	1602.4868	76.498604	1693.7676	1470.7555	1595.2986	65.57011	1713.9882	1515.2025	54.9863	1000.0	49.0	1000.0	1000.0	119999	410.28168	389.85416	2231.7542	-431.144	410.23157	389.84592	2249.7397	-470.92758	22.790777	13.828038	201.9014	-20.245325	-450.10956	4048.069	3132.992024421692
31	-90.95367	413.75644	42.11782	-3291.8438	1695.0033	52.012337	1766.4028	1627.4572	-33.63195	25.046175	22.905352	-73.40042	1511.6028	42.851482	1550.3729	1438.1874	1703.7717	50.31941	1775.0496	1634.9224	65.85246	1000.0	68.4	1000.0	1000.0	123999	606.015	439.42453	2209.4429	-439.01562	606.02985	439.34067	2253.8728	-537.9128	25.742847	14.375151	225.60756	-17.025782	-642.7894	5987.775	3238.2653555870056
32	-89.9598	309.6836	27.154491	-2418.0908	1631.9753	64.40673	1751.0818	1550.5657	-18.157963	16.030235	13.518922	-40.398388	1467.299	49.101643	1529.7124	1424.4312	1605.5795	44.86551	1677.7399	1558.14	68.706894	1000.0	61.5	1000.0	1000.0	127999	605.638	451.14804	2199.5134	-332.79276	605.65546	451.04755	2179.1697	-461.50558	25.119352	14.163224	385.92612	-17.530106	-639.4985	6513.955	3343.103442430496
33	-63.385803	24.563215	15.000497	-112.67514	1652.6891	81.052864	1795.5454	1501.5979	-51.473835	13.243514	-33.90049	-72.28609	1584.9196	74.43564	1708.3135	1502.2777	1613.6217	71.35809	1809.5884	1507.0684	61.415386	1000.0	51.6	1000.0	1000.0	131999	552.3282	426.55142	2086.126	-307.53824	552.34247	426.4691	2132.2944	-378.56662	22.980963	13.255995	304.38184	-15.071357	-580.9567	6019.356	3447.5338072776794
34	-137.01138	568.35175	0.9753206	-4571.849	1741.572	67.88875	1872.8102	1662.8295	-40.345936	29.983383	14.123107	-77.87213	1515.636	89.48054	1668.3164	1380.4282	1727.0719	91.339005	1873.4067	1577.0856	64.854836	1000.0	72.3	1000.0	1000.0	135999	467.10757	385.92578	2062.211	-463.57773	467.0945	385.88507	2064.0325	-720.5716	20.74574	12.270142	339.90283	-16.212912	-490.6251	5094.067	3551.8419046401978
35	-117.42637	469.37567	9.157126	-3653.3242	1609.7467	87.165115	1790.1456	1483.3322	-25.24648	16.235315	14.874781	-43.512375	1533.3486	87.66797	1681.1257	1374.5092	1635.475	66.37719	1787.9167	1579.5895	68.086205	1000.0	67.2	1000.0	1000.0	139999	385.85803	342.5635	2022.9918	-393.10016	385.853	342.5731	2035.7977	-550.491	18.476213	11.373554	333.3953	-18.42218	-405.02786	4024.8726	3656.377988576889
36	-75.22961	364.2839	43.856403	-2912.1218	1738.4993	55.190918	1832.3788	1627.141	-22.775705	22.375648	11.311011	-60.667744	1450.4512	88.65913	1535.2693	1226.4943	1755.9954	89.09101	1927.5762	1626.3278	64.90323	1000.0	41.2	1000.0	1000.0	143999	313.6233	304.83304	1959.4929	-456.8487	313.58646	304.8582	1979.8062	-890.8953	16.454737	11.441919	263.25104	-17.626484	-329.4696	3132.9976	3759.4139008522034
37	-42.146645	40.290222	6.433088	-243.08896	1678.1152	61.63158	1819.7142	1626.1306	-9.441275	24.838226	39.963665	-35.71505	1526.0696	89.482895	1704.4426	1395.7078	1613.9539	75.11906	1740.1271	1507.9347	56.84507	1000.0	63.4	1000.0	1000.0	147999	259.0485	278.19043	1882.383	-420.00864	259.01947	278.23428	1847.4254	-450.81	14.4153	11.449035	299.64557	-20.225292	-272.6027	2377.224	3862.7613294124603
38	-27.921806	29.359694	23.311962	-137.67763	1577.4843	69.64127	1663.4204	1450.049	-6.7693596	24.149998	43.665897	-41.239582	1543.0135	43.300667	1611.4767	1499.3706	1564.8625	63.20252	1655.7483	1427.3202	68.793106	1000.0	69.8	1000.0	1000.0	151999	214.81969	255.58203	1895.667	-323.87628	214.7975	255.60616	1900.3925	-397.79056	12.408101	11.016525	237.54839	-19.08343	-225.9785	1766.1252	3965.7897250652313
39	-25.808268	26.943527	26.016272	-83.50375	1737.7467	73.80644	1900.2605	1651.6431	-9.223009	19.046518	21.243742	-45.7096	1605.721	75.43864	1689.2167	1484.565	1695.709	53.64949	1783.8478	1631.6858	64.741936	1000.0	59.7	1000.0	1000.0	155999	174.73453	237.34554	1826.9712	-403.87823	174.71796	237.36191	1829.5186	-398.57397	10.383303	11.172252	214.17606	-20.197998	-183.0104	1300.0203	4069.87872338295
40	-33.124737	26.925596	11.158983	-104.46552	1725.1293	61.774105	1800.7119	1600.365	-8.870398	23.055447	32.81765	-41.33123	1562.0708	73.98388	1652.2618	1453.0297	1770.304	58.23721	1811.5764	1656.782	63.177418	1000.0	70.7	1000.0	1000.0	159999	135.5019	225.36082	1783.7628	-251.61082	135.48766	225.374	1791.6312	-231.52208	8.054161	10.988202	233.46127	-20.045044	-141.66148	927.766	4174.263119935989
41	-42.378887	41.415394	5.704941	-331.2812	1714.0345	67.08756	1782.6656	1573.1482	2.5949972	21.777195	57.42065	-21.317696	1565.964	49.250168	1620.7611	1506.8	1692.1445	92.44793	1884.097	1563.9048	58.32857	1000.0	72.0	1000.0	1000.0	163999	101.65792	217.9205	1786.7511	-315.9191	101.6432	217.93771	1769.1411	-299.39313	4.8643174	10.414336	207.80669	-20.7513	-105.8625	676.30286	4278.475656270981
42	-26.000973	44.152935	61.55053	-258.9189	1799.5234	81.07225	1949.2802	1649.8804	13.612506	17.674553	44.34203	-12.134369	1744.7607	71.46908	1861.9459	1646.0132	1787.971	66.32315	1850.8776	1648.7738	65.78333	1000.0	68.6	1000.0	1000.0	167999	75.57162	218.36446	1853.1224	-185.22726	75.569466	218.3527	1786.5485	-197.4477	2.1712666	10.059203	190.85431	-21.347858	-78.53478	477.51178	4382.437353372574
43	-24.618093	32.9529	44.548294	-195.03786	1779.555	46.619343	1853.737	1739.0677	20.023382	18.788174	51.8325	-1.4711035	1651.0094	50.4734	1761.752	1536.5461	1770.1422	42.67575	1859.2422	1734.2355	60.208954	1000.0	62.0	1000.0	1000.0	171999	59.511406	221.12466	1859.662	-220.95662	59.506973	221.12466	1893.7788	-208.02888	-0.51805437	9.537134	207.45119	-22.27602	-61.73199	404.6183	4486.836028337479
44	-19.858818	31.436838	33.78648	-189.05403	1762.85	89.39492	1931.5527	1633.5514	22.834593	20.798326	57.787296	-7.869096	1583.0442	80.77436	1757.0764	1447.6544	1733.1038	63.241734	1835.5167	1633.2599	62.34375	1000.0	75.3	1000.0	1000.0	175999	50.503117	218.27046	1962.757	-136.72401	50.50599	218.2643	1909.587	-129.73671	-3.064607	8.943347	164.3374	-24.6377	-52.437	284.5253	4590.471279621124
45	-82.22044	463.36716	15.244598	-3728.049	1747.7223	60.835808	1830.2971	1627.0623	12.91514	29.152285	73.81797	-15.112799	1651.3412	68.23953	1795.3949	1583.4948	1748.946	73.93793	1830.721	1630.2172	63.11111	1000.0	58.1	1000.0	1000.0	179999	51.04426	217.4977	1977.852	-225.82504	51.04835	217.50273	1934.72	-201.15685	-4.424427	8.70372	199.8372	-22.166641	-52.904694	287.66263	4694.426401138306
46	13.634816	238.05884	1881.94	-63.556168	1721.1832	62.06772	1805.3829	1597.2008	33.506058	5.34547	40.607876	24.588724	1573.1255	99.80911	1698.9838	1414.4315	1755.9824	68.628296	1903.3834	1678.7032	63.84127	1000.0	58.7	1000.0	1000.0	183999	54.4278	211.48114	2031.5593	-151.37039	54.424576	211.49086	2009.7004	-162.4661	-3.6511166	9.115177	188.89655	-21.650778	-56.527378	358.56134	4798.201539039612
47	-81.11683	526.69653	43.496044	-4322.5015	1686.9594	84.3113	1878.6252	1571.3085	-25.508991	26.87843	33.867275	-60.906277	1546.9751	63.015656	1667.7692	1457.379	1717.1936	78.83602	1790.3022	1584.3837	60.969696	1000.0	46.6	1000.0	1000.0	187999	62.32072	202.43214	2019.5337	-218.8319	62.320526	202.43866	2027.6755	-182.07782	-0.44487175	9.383308	208.34311	-22.009094	-65.21363	371.17725	4901.839359998703
48	-71.377914	416.5087	33.985508	-3501.0027	1737.2477	74.584755	1801.8369	1561.9318	-18.848434	10.972877	4.7369337	-32.834972	1600.8075	39.536438	1681.3867	1570.5284	1729.2832	67.24784	1797.2021	1591.7386	58.130436	1000.0	50.0	1000.0	1000.0	191999	74.17266	195.7954	2027.8046	-280.50867	74.16664	195.80222	2032.4741	-157.8371	1.7216234	9.5248165	174.48761	-22.96346	-77.785034	408.1293	5006.9685645103455
49	-34.146477	27.621483	28.71616	-202.18549	1675.1301	41.23511	1762.4634	1646.424	-8.19393	10.87858	14.159618	-21.54898	1589.9719	66.281395	1729.668	1524.1287	1665.7356	74.16819	1763.2302	1548.072	57.449276	1000.0	55.1	1000.0	1000.0	195999	83.98847	190.98259	2183.4583	-305.36676	83.9794	190.98589	2214.8074	-325.77985	2.359968	9.430031	164.9282	-20.960358	-87.72615	403.3815	5111.489365816116
50	19.064243	380.77484	2937.8347	-77.84887	1707.5895	69.66553	1876.3425	1658.7089	-2.5790448	27.680523	69.40528	-35.965004	1637.1528	71.85647	1711.9434	1478.581	1683.9016	81.39349	1775.3369	1549.2899	67.166664	1000.0	64.7	1000.0	1000.0	199999	83.1447	192.57506	2212.648	-305.1376	83.13985	192.57803	2213.819	-272.10638	1.9362056	9.789881	161.86649	-21.077492	-86.794	437.72186	5216.034655332565
51	-76.563614	408.53885	53.586697	-3207.8372	1768.9525	62.515686	1903.0316	1681.6406	-1.9885029	21.078022	45.13016	-31.350872	1597.8416	41.772243	1681.4993	1569.0292	1737.5479	74.04091	1841.0247	1615.504	66.083336	1000.0	76.9	1000.0	1000.0	203999	77.61791	194.12111	2247.5034	-214.62068	77.62302	194.13695	2305.7432	-223.31024	1.1327555	9.7132225	165.05055	-21.108807	-81.07317	403.00476	5322.339813709259
52	-25.850346	32.734028	30.64365	-255.63644	1726.8383	43.59019	1753.5199	1638.8256	3.5525107	27.563831	78.92923	-19.075016	1515.6262	66.42369	1664.448	1459.8555	1734.4753	85.459854	1845.1368	1536.206	61.076923	1000.0	60.3	1000.0	1000.0	207999	76.60088	201.61867	2438.6746	-180.26172	76.60322	201.60971	2458.1038	-268.0032	1.1335574	10.021655	229.46246	-21.751019	-80.11242	417.93588	5426.558230161667
53	-61.65649	370.44702	51.18976	-2900.9539	1727.3933	52.289837	1822.3358	1630.8307	31.705145	21.48945	74.367	2.223584	1609.6189	91.31401	1749.4521	1532.0361	1797.2146	79.52334	1941.1608	1640.2295	67.35	1000.0	78.7	1000.0	1000.0	211999	76.66841	213.75656	2492.7534	-147.41058	76.66596	213.73543	2534.6511	-163.51756	0.51985705	10.025239	162.58337	-22.321527	-79.76203	399.28598	5532.437081813812
54	-82.24104	458.98102	38.96847	-3804.049	1684.1344	66.710785	1749.3353	1547.956	15.836969	31.602318	88.5178	-10.271478	1544.3226	27.761358	1623.5673	1519.2603	1666.3236	99.26874	1848.4832	1440.351	59.149254	1000.0	59.2	1000.0	1000.0	215999	70.59434	212.1754	2291.0005	-169.97923	70.59936	212.1701	2277.6523	-244.07101	-0.5967045	9.733561	166.78552	-21.901096	-73.2042	357.2095	5637.922267913818
55	-16.935867	27.452103	40.720654	-73.23525	1676.9524	97.29958	1868.9434	1553.3892	21.842205	28.020767	74.82454	-11.114746	1572.2166	56.542446	1649.0409	1461.858	1729.5554	64.60311	1808.4374	1603.7452	66.08197	1000.0	57.5	1000.0	1000.0	219999	63.95669	210.12039	2505.463	-281.71133	63.95395	210.11093	2486.1707	-244.97179	-1.4292464	9.574769	197.716	-21.830868	-66.48953	351.49274	5742.225735664368
56	-72.838356	524.5277	46.938965	-4130.12	1828.4232	70.40404	1941.0665	1735.7484	16.70664	8.323693	25.755554	3.9116802	1645.5248	88.23083	1822.7107	1525.0621	1767.7402	90.37777	1938.5901	1635.642	65.52459	1000.0	62.5	1000.0	1000.0	223999	63.518055	224.20996	2654.1956	-365.473	63.52314	224.2169	2623.2673	-249.70569	-1.7979767	9.940043	178.58904	-21.026426	-66.02297	367.798	5846.9453275203705
57	-11.369473	24.52368	44.011784	-108.538704	1815.6951	63.6556	1944.5614	1745.3773	4.0885773	16.085026	40.666813	-11.585776	1601.5251	82.00076	1764.0753	1456.8539	1786.4844	66.53608	1946.3362	1745.6228	61.646152	1000.0	46.2	1000.0	1000.0	227999	67.43703	233.22334	2954.2188	-316.1814	67.43897	233.19719	2900.8064	-521.9682	-0.58698106	10.507656	185.02205	-23.535456	-70.54467	436.52844	5952.309976577759
58	-44.09994	356.52917	46.57184	-2846.6562	1677.681	44.80282	1715.2998	1608.4498	6.606191	17.548521	38.63981	-9.8626375	1663.9133	66.768196	1799.0195	1586.1932	1644.7162	64.97004	1801.4868	1598.501	63.920635	1000.0	62.7	1000.0	1000.0	231999	92.33489	248.1578	3309.555	-384.95493	92.3315	248.1502	3479.0876	-309.10547	3.777499	11.643281	192.00763	-19.716192	-97.82816	562.5518	6058.046162366867
59	28.148214	201.69308	1468.3265	-56.64333	1667.3076	101.943436	1810.0289	1412.4495	3.2033162	25.642239	62.448723	-16.963984	1536.4102	97.23285	1622.117	1316.8905	1645.8314	87.53476	1819.4407	1520.9775	74.86793	1000.0	68.3	1000.0	1000.0	235999	100.74035	251.74216	3318.6978	-227.5864	100.74143	251.7432	3354.0342	-225.77002	2.900792	11.351775	224.00124	-20.271738	-105.54145	656.27386	6163.989393949509
60	-15.768084	35.427727	39.53558	-217.74974	1694.7751	30.622395	1786.2025	1679.7125	23.942253	16.495842	38.609043	-19.472792	1572.7799	46.200542	1643.8091	1538.2153	1771.6166	51.197094	1872.2742	1681.5708	61.93846	1000.0	65.0	1000.0	1000.0	239999	95.14978	248.7029	3184.4517	-195.55667	95.14626	248.71294	3127.3438	-209.37016	2.118985	10.922045	202.92902	-20.754372	-99.328606	615.75073	6269.233686447144
61	3.329799	36.54699	72.35715	-218.24094	1668.2451	75.44371	1753.441	1545.5222	28.456095	19.326448	67.33194	2.9429018	1671.0687	63.99777	1798.2012	1598.0717	1686.6383	50.952133	1757.8289	1641.8643	59.83582	1000.0	73.4	1000.0	1000.0	243999	95.56044	245.76028	2897.441	-162.23051	95.55812	245.75436	2919.1646	-231.63942	3.26948	11.699919	231.76683	-23.381264	-100.67844	559.7517	6373.948104381561
62	-10.634	47.346237	70.33472	-310.8233	1800.96	80.337746	1953.9434	1655.4528	10.027378	22.758549	65.62834	-11.328398	1613.0353	64.25789	1688.9459	1482.2819	1763.6566	82.22253	1949.8086	1651.026	67.82758	1000.0	77.6	1000.0	1000.0	247999	92.02086	254.85884	3002.8574	-176.6954	92.02821	254.87242	3026.9993	-186.94221	1.6309403	11.196579	288.04202	-20.636932	-96.2521	520.94116	6478.331519842148
63	-20.43547	29.142418	29.521694	-108.86722	1727.8746	62.488747	1817.8766	1599.6337	23.036186	21.527847	52.636562	-17.446909	1655.7891	83.10077	1803.633	1586.8253	1740.0205	65.21089	1815.6968	1611.7319	66.62295	1000.0	55.1	1000.0	1000.0	251999	83.94203	268.1616	2979.8909	-162.17361	83.94533	268.1683	3017.5066	-185.85324	0.3397107	10.898995	218.9103	-21.645061	-87.1774	430.21295	6583.501086950302
64	-71.33178	374.89627	40.528595	-2917.0337	1731.9434	76.245094	1899.9918	1604.3054	35.685158	9.20872	54.50478	22.096766	1634.741	66.124886	1686.2084	1477.5967	1783.0286	70.54666	1902.5734	1689.9181	67.81356	1000.0	58.4	1000.0	1000.0	255999	81.87698	277.17285	3144.1746	-154.75244	81.88569	277.15955	3049.9565	-160.49557	0.3582008	11.024707	227.6541	-20.303352	-84.82708	580.38074	6687.569395303726
65	-48.962326	502.53036	49.33435	-4337.644	1698.2496	60.62368	1819.3185	1615.9066	21.03621	37.15041	72.148636	-30.6526	1582.0593	66.26521	1689.8533	1471.4525	1688.2859	76.36515	1817.4042	1616.7	54.135136	1000.0	56.3	1000.0	1000.0	259999	83.91015	266.36542	2919.5251	-190.968	83.90846	266.37592	2926.1462	-148.69218	1.4523115	11.808034	231.00478	-20.15712	-87.32394	548.8002	6789.874489307404
66	24.012466	22.343056	51.450237	-88.65795	1727.9973	67.3835	1835.6924	1640.9589	38.722782	26.906048	59.613758	-15.775384	1615.9012	76.01876	1816.4226	1522.338	1657.2533	38.722668	1739.5887	1628.6758	54.69863	1000.0	50.5	1000.0	1000.0	263999	92.81879	251.61617	2861.8293	-216.7094	92.81788	251.63115	2820.3171	-182.44324	2.6322372	11.469941	200.2348	-21.532013	-97.417206	493.45297	6895.02209353447
67	-56.398365	434.20587	50.354855	-3523.8398	1729.4603	64.196	1828.3882	1582.7715	7.617154	18.898022	44.0326	-23.050304	1560.0198	68.0732	1723.0696	1516.2861	1726.8969	92.05308	1833.2079	1521.1683	61.615383	1000.0	63.0	1000.0	1000.0	267999	87.17753	245.15056	2728.446	-165.47794	87.18277	245.15686	2778.918	-235.24144	1.1901046	11.113224	181.34612	-22.519388	-90.81344	472.06735	6999.105513095856
68	-75.55346	472.29617	42.98458	-3509.3843	1776.1764	49.421314	1822.8346	1712.491	18.66044	15.517106	38.708755	-7.09938	1591.2634	76.39826	1746.459	1457.0032	1759.1217	65.20547	1914.2107	1712.2198	73.96296	1000.0	66.1	1000.0	1000.0	271999	75.66491	229.78781	2582.7295	-305.14468	75.66487	229.76884	2612.0872	-316.22815	-0.03328705	10.723067	210.45602	-21.192825	-78.37524	418.95004	7104.0918979644775
69	-88.48178	480.22076	30.602673	-3771.452	1745.5475	77.395325	1914.2515	1620.1252	32.083233	19.178183	56.09151	-7.3038793	1532.0219	49.227345	1597.9944	1487.4386	1748.6246	45.570236	1820.1942	1712.262	65.78333	1000.0	63.8	1000.0	1000.0	275999	69.372185	214.24081	2553.4526	-283.08295	69.37792	214.23885	2525.3657	-298.36737	-0.2566927	11.198801	262.89606	-21.961134	-71.844986	412.71057	7208.180066823959
70	-3.0420084	77.62503	555.55707	-66.295425	1758.0469	79.57502	1935.2405	1628.9596	17.668644	17.712528	47.287495	-5.5598874	1564.0648	67.62341	1733.4092	1505.771	1779.319	94.05159	1934.2185	1628.5602	67.21667	1000.0	54.0	1000.0	1000.0	279999	71.431335	203.37686	2449.3188	-285.39755	71.42751	203.38698	2453.9849	-260.31613	0.524011	11.378819	223.91586	-21.242683	-74.361885	530.15375	7312.484573364258
71	49.840267	238.43748	2004.857	-53.514835	1700.2858	71.61594	1835.934	1631.7062	40.555233	23.040133	68.70378	-20.996557	1621.1066	38.677624	1705.3918	1593.4347	1724.0559	73.80647	1802.8569	1567.4574	58.144928	1000.0	54.0	1000.0	1000.0	283999	109.06482	200.09512	2113.4688	-309.2008	109.04427	200.08598	2120.2043	-288.8868	7.781787	13.119566	195.77234	-22.461735	-118.16965	746.136	7418.352174520493
72	5.460669	39.70995	55.00568	-221.68208	1660.7932	50.340992	1725.0833	1614.2649	-2.984729	20.827957	51.373173	-36.14402	1565.2142	51.430664	1650.2601	1458.8848	1617.7219	100.59588	1818.5391	1511.0836	60.803032	1000.0	45.8	1000.0	1000.0	287999	173.42554	202.08147	2031.4915	-383.33746	173.41052	202.0527	2002.2477	-355.89474	10.3088455	12.701633	227.79956	-19.674946	-185.43698	1116.8048	7523.609908342361
73	-16.799992	26.839014	59.483616	-116.75173	1696.206	63.798435	1775.8481	1565.1747	3.6007524	19.02855	43.54322	-23.712467	1590.9955	74.928215	1681.7426	1476.1154	1696.5166	50.747086	1788.152	1647.6349	60.575756	1000.0	61.0	1000.0	1000.0	291999	166.23982	188.12973	2008.2279	-360.1553	166.22578	188.11938	2041.1908	-362.8492	7.5506706	11.660808	225.76465	-21.241344	-173.87613	985.137	7628.241755962372
74	-80.83999	455.3354	33.319122	-3422.7986	1728.8943	47.14982	1806.5204	1685.5005	9.3481865	32.936657	44.132236	-34.27171	1609.9763	73.356346	1771.1014	1526.4142	1743.613	49.362713	1808.5149	1697.1769	72.218185	1000.0	68.4	1000.0	1000.0	295999	127.78364	165.32695	1984.9171	-335.68716	127.77648	165.32451	1920.664	-392.7522	5.734112	11.531199	242.11415	-20.11081	-133.36177	746.5991	7734.195386171341
75	-77.54582	524.55835	66.47391	-3995.2466	1781.5869	49.69607	1843.5996	1738.9569	23.698307	29.794294	60.372196	-14.073751	1563.1887	47.901825	1626.1326	1514.4373	1779.737	48.570942	1841.5143	1738.3081	69.98245	1000.0	63.6	1000.0	1000.0	299999	93.79065	143.92372	1810.3983	-489.24976	93.786	143.91876	1771.2799	-586.5453	3.732594	10.899744	210.67711	-20.635567	-97.601654	586.35486	7840.005525588989
76	-24.028858	34.529064	45.213333	-135.57088	1725.26	65.11808	1850.3671	1656.982	26.220285	31.70657	64.19221	-25.303013	1625.4133	51.876408	1677.2666	1549.0397	1699.5544	85.66023	1802.3397	1557.4076	68.0	1000.0	68.9	1000.0	1000.0	303999	68.37274	129.03444	1669.3722	-503.56262	68.36741	129.0453	1653.6671	-566.04126	1.4837377	10.420482	213.37364	-22.003708	-71.1702	452.33862	7945.112704753876
77	-55.578953	292.21573	52.528267	-2327.3447	1855.7781	63.2848	1956.03	1755.3413	3.4875207	11.328846	15.559003	-15.261131	1552.2922	82.670456	1694.0529	1385.5289	1775.2367	87.41098	1955.254	1654.3927	64.69355	1000.0	69.0	1000.0	1000.0	307999	52.25026	121.03993	1693.8722	-629.9093	52.24868	121.042915	1678.4106	-738.2663	-0.40808746	9.929064	189.44597	-20.667854	-54.5161	393.17764	8050.255962610245
78	-10.691814	38.902424	53.61747	-223.06529	1704.9388	55.324947	1808.577	1600.4332	37.87928	11.071252	60.645893	23.14244	1627.883	66.336464	1762.2521	1569.8629	1724.5404	89.89431	1904.8859	1540.6519	69.206894	1000.0	48.7	1000.0	1000.0	311999	42.80208	114.4427	1697.5638	-731.8024	42.797215	114.42508	1624.509	-733.659	-1.488498	9.347945	164.35301	-20.79269	-44.843136	349.91968	8154.830047607422
79	51.504482	391.60556	3026.9583	-55.259655	1693.2809	40.62117	1777.4667	1667.3362	18.238033	21.757236	61.15233	-17.142279	1601.2087	79.545525	1775.6852	1474.4988	1727.0078	65.638466	1866.3694	1665.7634	67.33898	1000.0	64.8	1000.0	1000.0	315999	40.16146	113.61547	1638.9993	-635.2576	40.15465	113.611374	1631.5533	-711.88275	-2.1545978	9.170189	171.39938	-20.953575	-42.08841	349.95782	8261.02861213684
80	-12.960653	23.869152	41.509075	-44.66423	1711.8363	64.996704	1786.4595	1570.0104	22.39822	20.71714	56.635895	0.91552746	1553.6937	66.6384	1717.6735	1510.7117	1731.4506	79.26977	1880.9291	1587.0342	67.05085	1000.0	67.8	1000.0	1000.0	319999	37.813732	110.746666	1734.5066	-625.3148	37.807663	110.75761	1749.8187	-719.44	-2.6261146	8.980726	154.37715	-21.045383	-39.616936	303.6144	8368.938308000565
81	-76.73769	451.67603	52.56739	-3359.2336	1799.599	66.1658	1840.5477	1639.3239	23.880913	16.648779	56.43774	-2.2752388	1578.7561	39.531757	1658.0492	1543.1157	1799.676	66.292656	1840.6031	1640.7872	74.796295	1000.0	67.3	1000.0	1000.0	323999	36.7556	111.44295	1754.4534	-601.62885	36.756844	111.436676	1762.3915	-661.1221	-3.156418	9.029562	181.5048	-21.410244	-38.50753	313.48248	8473.593986034393
82	-12.0250225	34.339153	36.524303	-205.45915	1721.4426	66.66606	1863.4238	1660.7233	38.634457	15.897216	62.34239	8.424254	1600.9752	46.41756	1669.7843	1554.3484	1692.0406	109.38469	1878.766	1474.5486	65.064514	1000.0	59.2	1000.0	1000.0	327999	37.08087	108.11346	1931.4401	-771.10333	37.077637	108.10753	1871.7262	-772.29297	-2.8622437	9.683863	191.51047	-21.939438	-38.95571	307.82224	8578.267806768417
83	-14.353758	38.17947	35.90026	-204.3208	1675.1715	47.389637	1742.5068	1622.8079	20.42034	12.925803	47.52846	2.9073498	1605.4758	72.7226	1725.2096	1496.8085	1702.4121	49.86839	1749.0823	1619.7572	66.63333	1000.0	58.8	1000.0	1000.0	331999	43.56343	110.71275	1988.9524	-680.2614	43.558735	110.70711	1938.8884	-704.1619	-0.97936225	10.53385	191.58119	-20.639606	-46.094566	356.31674	8684.478428840637
84	-88.436584	450.08627	31.659052	-3385.5188	1699.7731	65.71146	1779.8423	1568.8037	-40.841324	7.8849177	-26.621914	-51.65731	1583.4509	64.62968	1685.3252	1474.275	1705.8317	39.574444	1771.6898	1672.784	72.74545	1000.0	33.2	1000.0	1000.0	335999	55.829975	115.274025	2154.5415	-633.85114	55.82021	115.273834	2222.503	-660.87494	1.246116	11.64449	235.33762	-20.356049	-59.32568	488.2136	8790.0973174572
85	-51.656567	144.29929	12.748934	-1529.947	1753.9294	67.90314	1906.9216	1695.4855	-23.05436	6.6524463	-12.503871	-36.403576	1587.8201	60.655067	1669.3324	1454.464	1713.891	56.550648	1817.2855	1605.139	37.38318	1000.0	51.0	1000.0	1000.0	339999	108.19343	136.61823	2301.316	-727.4004	108.17408	136.59245	2298.081	-761.8977	8.369301	12.565816	243.6798	-19.93505	-118.85691	839.5099	8895.32038974762
86	-182.57483	1086.4303	24.007427	-8596.384	1628.8767	38.633926	1704.0236	1590.4178	3.2702003	28.173494	62.371777	-25.3385	1587.3135	45.951862	1680.6066	1552.3247	1665.7574	61.561066	1720.7712	1537.7825	65.47541	1000.0	71.1	1000.0	1000.0	343999	139.10855	144.8676	2212.8794	-804.23944	139.0754	144.89888	2263.4763	-813.5363	7.09524	11.512606	257.63898	-20.737204	-146.53516	1028.5256	9001.081862449646
87	-90.8578	410.0899	15.685726	-3101.0974	1770.2087	87.68986	1951.5159	1643.1754	-21.625034	8.635863	-7.947001	-40.315575	1573.888	77.6969	1733.6588	1437.1136	1766.441	88.3342	1851.2257	1637.4788	71.27273	1000.0	48.2	1000.0	1000.0	347999	114.93821	132.66342	2231.156	-945.49384	114.91347	132.62474	2164.1448	-1040.5728	4.9252615	10.93394	256.60062	-20.504395	-120.44806	831.23206	9107.253529071808
88	-25.903774	29.710913	58.280743	-189.42378	1712.1156	32.620205	1777.677	1680.1987	10.214161	18.373026	47.15851	-13.30794	1711.5006	86.659966	1836.8606	1622.6704	1754.9993	94.45627	1920.2203	1620.5896	62.076923	1000.0	64.7	1000.0	1000.0	351999	85.85696	116.30715	2160.625	-983.5142	85.84142	116.31808	2243.5557	-983.98914	3.0980577	10.740617	257.3894	-20.244614	-90.12045	684.4527	9213.200200796127
89	-80.809456	532.1835	53.1826	-4022.1938	1732.8196	82.885994	1876.2372	1563.0505	24.604517	23.893019	74.002594	0.40440053	1607.1864	37.983063	1691.9896	1573.5798	1734.655	67.19386	1887.4253	1672.5565	72.26786	1000.0	67.1	1000.0	1000.0	355999	61.71196	107.97906	2322.8735	-945.18854	61.70735	107.969536	2307.0693	-876.37085	1.02407	10.552609	222.47366	-20.057251	-64.77393	598.13025	9318.321748971939
90	-14.760435	40.608643	54.80022	-232.68054	1725.695	74.33053	1807.0382	1608.2787	32.371696	20.280962	62.48269	-4.9339743	1587.5667	60.645008	1678.5094	1484.4197	1740.5726	80.61156	1904.5868	1616.127	65.63934	1000.0	79.5	1000.0	1000.0	359999	45.27175	107.54725	2517.725	-932.9229	45.27212	107.53494	2500.4766	-967.5961	-0.56493425	10.53636	273.68103	-21.51943	-47.700947	518.6664	9424.164182186127
91	24.92765	191.67685	1404.4635	-66.44767	1769.0549	60.973873	1852.1832	1646.7319	30.57955	31.11925	83.87397	-8.843881	1560.3279	59.311047	1642.4221	1434.4565	1859.0002	54.074505	1949.6901	1748.5698	73.03704	1000.0	65.3	1000.0	1000.0	363999	38.70505	111.688324	2591.817	-758.97736	38.71705	111.67454	2638.006	-788.13983	-1.8627942	10.314233	260.8054	-21.648502	-40.65932	434.4794	9531.088696241379
92	-60.44799	444.59122	51.021996	-3321.79	1759.7627	79.42597	1931.3545	1625.1937	36.035435	30.61658	77.53896	-10.896284	1607.0453	70.23147	1719.2242	1526.4788	1767.1217	82.1597	1933.4086	1626.2363	72.854546	1000.0	70.7	1000.0	1000.0	367999	33.88142	108.75953	2387.5364	-876.20245	33.88336	108.79142	2336.24	-1011.7354	-3.2249768	10.203217	269.25397	-21.311184	-35.50692	362.07596	9638.158164262772
93	-35.55103	246.61896	39.115482	-1853.543	1762.3486	79.89568	1925.0099	1624.8276	56.36198	35.228657	85.221375	-11.182505	1666.3431	78.888885	1814.3978	1521.035	1754.3767	78.78479	1927.546	1626.5583	72.03571	1000.0	64.3	1000.0	1000.0	371999	32.36945	108.77242	2391.6213	-859.5073	32.36841	108.794815	2391.0337	-955.3784	-3.8706954	10.671175	255.50809	-23.182095	-34.011185	393.37512	9744.373777389526
94	26.478035	270.13705	2055.2546	-76.71025	1759.4889	82.329025	1913.6321	1605.8774	46.779976	27.97329	82.90496	1.1113234	1561.862	70.65761	1660.5696	1454.9808	1710.3893	64.97316	1813.7567	1606.0586	68.81035	1000.0	67.0	1000.0	1000.0	375999	32.17499	108.506226	2376.3718	-888.3698	32.173878	108.53438	2393.19	-909.632	-4.0957503	10.360622	260.6321	-20.71915	-33.79334	374.2121	9850.101920366287
95	6.172403	103.73712	788.10236	-66.630295	1728.7922	88.86647	1815.2761	1505.2408	54.884174	33.73681	122.16943	4.1741195	1579.3378	63.686836	1652.6521	1454.468	1697.7054	51.698063	1805.9022	1610.6776	65.60656	1000.0	77.9	1000.0	1000.0	379999	33.874226	111.211586	2490.382	-800.5359	33.877495	111.20986	2470.9348	-917.36786	-3.9653916	11.152241	281.50552	-22.257324	-35.62496	367.75708	9956.487976789474
96	4.0161185	93.88688	729.69977	-59.07861	1769.7249	92.89147	1911.7792	1604.4633	33.174995	14.927753	62.088486	13.117871	1677.574	47.31974	1739.9733	1632.1536	1728.3479	87.46455	1910.3452	1608.4159	61.8	1000.0	78.7	1000.0	1000.0	383999	36.96365	120.25712	2694.0781	-889.5981	36.962666	120.22254	2655.2737	-826.8759	-3.6302266	11.384313	350.31332	-22.853567	-38.791485	430.92776	10063.045513629913
97	-30.40719	246.40565	45.905754	-1990.6455	1790.3372	65.49196	1836.0967	1634.484	56.28074	31.760498	115.168915	-6.7504888	1632.4961	69.08513	1709.295	1487.594	1775.5641	67.228096	1938.441	1731.8419	61.49231	1000.0	64.6	1000.0	1000.0	387999	39.96547	128.39566	2656.4167	-1056.7091	39.96779	128.39091	2714.7913	-834.11163	-3.4544241	11.2694025	345.04065	-24.584358	-41.850643	422.11682	10168.67590045929
98	32.270218	266.29324	2028.012	-62.056274	1723.218	77.54263	1870.6544	1575.2277	14.63624	26.739107	53.56744	-20.977242	1500.5881	71.194275	1673.9711	1447.8333	1718.7523	68.911156	1875.2671	1649.3591	68.63793	1000.0	64.1	1000.0	1000.0	391999	43.69039	138.01556	2542.0916	-771.4093	43.691036	138.01321	2562.535	-747.85406	-2.822503	11.246908	284.75717	-20.116787	-45.58465	411.24088	10274.27391076088
99	1.0921787	27.504215	52.566162	-52.572884	1713.0627	61.60564	1786.1958	1586.0321	33.321342	26.953964	83.601425	-0.2783187	1630.891	63.840332	1707.5272	1492.308	1747.676	66.39506	1888.7957	1682.9513	68.10169	1000.0	91.9	1000.0	1000.0	395999	47.214096	143.47139	2488.015	-843.90814	47.225475	143.433	2476.7156	-822.0633	-2.1690583	11.535415	296.46793	-20.285618	-49.34066	402.982	10380.416750907898
100	45.58104	292.58948	2267.621	-46.215843	1686.2454	42.94423	1755.4319	1651.0071	18.430782	22.185093	52.008217	-20.686224	1627.6918	78.22395	1703.7795	1490.786	1680.1531	91.93705	1850.8789	1535.5011	67.98305	1000.0	74.7	1000.0	1000.0	399999	57.365543	152.22299	2394.842	-654.5497	57.36266	152.24654	2436.6785	-632.1895	-0.047594223	11.522748	286.14728	-21.774773	-60.342773	455.96487	10485.275794267654
