Epoch	AverageEpRet	StdEpRet	MaxEpRet	MinEpRet	AverageTestEpRet	StdTestEpRet	MaxTestEpRet	MinTestEpRet	AverageTransferEpRet	StdTransferEpRet	MaxTransferEpRet	MinTransferEpRet	AverageRandomEpRet	StdRandomEpRet	MaxRandomEpRet	MinRandomEpRet	AverageAdvEpRet	StdAdvEpRet	MaxAdvEpRet	MinAdvEpRet	EpLen	TestEpLen	TransferEpLen	RandomEpLen	AdvEpLen	TotalEnvInteracts	AverageQ1Vals	StdQ1Vals	MaxQ1Vals	MinQ1Vals	AverageQ2Vals	StdQ2Vals	MaxQ2Vals	MinQ2Vals	AverageLogPi	StdLogPi	MaxLogPi	MinLogPi	LossPi	LossQ	Time
1	-29.933811	7.3497176	-14.258705	-61.459557	1738.0834	2.960281	1742.821	1733.8655	18.16798	5.1583233	26.48874	11.541819	1715.3668	88.47306	1896.3337	1589.6964	1779.3317	101.018974	1937.1797	1538.3978	19.236715	1000.0	29.8	1000.0	1000.0	3999	7.189619	6.1799636	27.367191	-11.594353	7.1893907	6.179491	26.88831	-11.243388	-7.4822636	3.0598886	12.840078	-23.387827	-10.647284	1.4162658	100.65223336219788
2	-32.920536	9.34266	-16.22917	-75.14124	1705.9203	63.514065	1874.0969	1671.0587	38.19918	14.02602	63.538982	11.438605	1785.127	74.439354	1906.489	1704.0392	1736.5876	81.40531	1877.2625	1570.9954	19.666666	1000.0	43.6	1000.0	1000.0	7999	24.260706	15.336743	70.39578	-36.10745	24.260515	15.335819	71.268456	-35.485497	-3.7860618	3.7873132	19.765837	-20.212658	-29.368233	2.8612237	209.62746810913086
3	-21.702925	21.722782	56.65278	-103.10779	1775.0631	67.34603	1917.2849	1709.075	12.388704	17.09211	44.442997	-11.158785	1615.1139	79.06261	1691.9685	1481.9446	1716.844	45.081554	1813.2753	1612.5042	27.791666	1000.0	62.3	1000.0	1000.0	11999	39.605064	30.682892	113.93624	-84.375626	39.603886	30.687307	111.714325	-91.3025	-0.6171594	4.5865684	28.528015	-20.034996	-46.61957	9.136096	320.0454070568085
4	-2.9390867	21.7062	59.539055	-56.44048	1738.1799	65.95519	1885.312	1675.2327	52.45697	17.508245	78.20794	22.512436	1589.5334	85.04303	1681.9365	1371.1908	1711.5941	65.44358	1788.2546	1574.5145	44.31111	1000.0	55.3	1000.0	1000.0	15999	49.030735	35.305546	128.16692	-91.02346	49.031284	35.303974	138.09201	-99.901726	0.06261997	5.0112414	30.194805	-18.224337	-54.814682	19.214848	431.84003615379333
5	-35.259758	347.11758	71.20842	-2887.9392	1745.24	83.63957	1906.6139	1578.9747	42.835762	27.689981	77.57885	-7.28638	1600.1454	54.756073	1708.3472	1506.334	1727.098	42.397636	1793.1837	1690.6836	57.304348	1000.0	64.5	1000.0	1000.0	19999	54.9667	50.075996	794.7032	-97.98162	54.96755	50.07215	777.1234	-100.47483	0.13135472	4.878654	76.060074	-20.61942	-60.03942	27.260494	545.8698551654816
6	9.422987	22.509699	61.847248	-29.684282	1775.157	52.1579	1830.497	1703.7312	28.751291	22.967348	61.870495	-21.187569	1612.6414	52.540306	1684.84	1559.6646	1748.0208	63.68674	1918.4343	1712.8363	52.66234	1000.0	48.6	1000.0	1000.0	23999	54.758526	41.228886	334.17078	-269.14694	54.757664	41.229134	336.59668	-270.1044	0.27483916	4.8290563	50.20848	-20.997894	-59.112667	30.86605	661.9985272884369
7	-7.966699	23.085142	81.09877	-65.47075	1727.4258	75.02275	1906.3219	1607.9515	55.790276	22.713024	97.10328	20.693747	1643.598	46.657112	1717.799	1605.3813	1797.2719	53.070316	1907.2797	1707.9945	49.358025	1000.0	63.0	1000.0	1000.0	27999	50.688896	39.1902	370.8736	-352.31918	50.6898	39.18749	372.5605	-352.09686	0.114479765	4.869419	65.864136	-20.985481	-54.31009	32.980724	777.3024528026581
8	1.3008564	135.87341	67.941826	-1006.4428	1710.7465	41.69739	1798.6985	1675.9131	54.408802	12.251766	80.31069	31.829033	1679.834	63.35916	1848.6088	1638.3937	1730.7637	80.785904	1889.7588	1583.6477	68.82758	1000.0	58.1	1000.0	1000.0	31999	45.397675	39.672565	373.8906	-391.9728	45.397324	39.677856	383.0907	-408.64697	-0.44502106	4.919108	62.48713	-19.852152	-48.45724	39.903027	891.8880610466003
9	-22.781963	323.77994	75.82572	-2839.6162	1764.2112	70.801926	1835.2899	1617.3322	43.786125	26.756361	83.50623	0.053011958	1690.6604	66.39669	1833.398	1616.6746	1799.5212	64.75862	1926.213	1721.4938	51.324677	1000.0	67.5	1000.0	1000.0	35999	40.130505	36.486816	341.16782	-495.3504	40.134068	36.47953	348.4341	-503.98743	-1.1624907	5.0024586	66.53349	-19.994982	-42.86638	53.8421	1006.4640176296234
10	2.4173067	30.996016	88.35798	-48.360973	1726.8217	48.710224	1790.0376	1680.942	47.675262	19.480343	78.06485	6.8768625	1660.4124	63.90537	1788.1227	1581.771	1727.2278	65.53983	1789.8425	1587.178	61.553844	1000.0	64.0	1000.0	1000.0	39999	36.925125	34.47595	418.8104	-499.20535	36.926384	34.473118	410.0947	-491.5236	-1.8850598	4.9667997	65.43597	-20.69624	-39.37946	39.365234	1121.7285749912262
11	45.5893	365.0882	3005.8477	-48.589123	1694.9974	77.33541	1786.8418	1567.0962	25.187809	23.336893	67.82233	-1.0778223	1618.6125	88.94773	1805.6943	1493.5316	1705.1184	63.243073	1868.4009	1667.4424	60.47761	1000.0	59.6	1000.0	1000.0	43999	37.243122	41.46758	635.561	-446.578	37.243584	41.476833	643.68884	-445.95227	-2.3497014	5.2043934	75.19461	-22.248156	-39.63718	42.32782	1237.863745212555
12	-12.098849	25.651691	55.171703	-104.46567	1760.1055	82.32123	1905.9242	1585.714	28.493374	23.00456	64.407745	-16.579048	1548.9421	72.9149	1643.0945	1426.9441	1714.8547	41.401817	1782.0582	1677.1969	56.785713	1000.0	66.9	1000.0	1000.0	47999	40.26522	57.071106	1079.9515	-293.92245	40.264496	57.070942	1060.6643	-304.4587	-1.7483572	5.7656136	88.572334	-20.31393	-42.939346	63.192608	1353.61762881279
13	28.356905	244.44981	1927.3351	-74.47097	1675.5627	48.720543	1743.6031	1631.6545	-2.273208	6.1241846	4.4105577	-18.45364	1564.3711	81.47156	1708.4729	1497.5912	1648.768	33.672195	1748.6311	1626.1095	64.72581	1000.0	45.5	1000.0	1000.0	51999	47.752323	85.04886	1500.2874	-162.85614	47.756886	85.039375	1459.427	-177.0911	-0.7145752	6.496026	78.0325	-22.250433	-50.730648	123.500534	1468.5535452365875
14	-15.825071	26.366768	49.671204	-123.16119	1638.9908	81.20752	1790.1788	1491.5629	15.332105	15.567057	40.31784	-13.654914	1549.5798	94.274734	1736.8763	1436.6112	1650.6143	65.68596	1788.7245	1585.1067	53.95946	1000.0	54.6	1000.0	1000.0	55999	68.06825	110.14447	1821.4875	-183.50137	68.07312	110.14338	2052.439	-204.56519	3.2640922	7.4116673	98.76903	-19.406826	-73.60425	211.60735	1584.165734052658
15	-37.136112	227.33095	53.01062	-1830.4617	1571.2133	48.86953	1603.2173	1434.8965	-4.2708273	22.911058	27.268227	-43.846344	1526.8384	42.439087	1624.2017	1434.8988	1594.5825	84.48759	1713.19	1434.3408	62.96875	1000.0	61.7	1000.0	1000.0	59999	120.89284	141.67073	1717.0724	-208.56837	120.8964	141.64148	1893.1089	-212.49477	8.639075	8.231189	145.52942	-19.584316	-130.65033	390.5619	1699.4097483158112
16	-61.773754	512.0969	58.713142	-3888.6353	1615.9352	62.821133	1715.2485	1514.052	13.04411	16.743681	44.91153	-23.330011	1655.4047	49.525173	1708.8118	1603.7832	1647.5107	76.43614	1797.7377	1520.0364	69.57895	1000.0	50.4	1000.0	1000.0	63999	205.99493	171.2003	1710.598	-265.54395	205.97772	171.21414	1664.4061	-282.8989	12.433614	8.740188	198.03885	-22.001144	-219.96825	623.9151	1816.8825283050537
17	-83.86387	411.6337	35.686764	-3153.5369	1672.9828	46.23407	1756.6661	1629.6277	-30.273901	20.06928	1.2883757	-56.9375	1594.6912	83.96661	1688.2513	1451.4697	1673.4612	46.735886	1752.9108	1637.3832	70.192986	1000.0	51.7	1000.0	1000.0	67999	228.0843	173.35696	1694.524	-309.4455	228.0634	173.38881	1741.3899	-345.60757	11.76918	8.88178	251.15364	-17.963295	-239.50375	678.8948	1938.819640636444
18	-61.66714	316.98087	29.881966	-2423.2832	1653.5496	61.032696	1797.4506	1602.8984	11.399314	30.733082	47.524612	-47.088238	1599.0986	40.133728	1682.0167	1557.0664	1653.1072	47.75558	1724.8938	1598.405	70.57895	1000.0	64.8	1000.0	1000.0	71999	214.64523	170.48987	1559.0608	-266.13315	214.62206	170.50859	1627.2065	-307.6582	10.729719	8.778968	311.76422	-19.268288	-224.87718	883.77686	2055.322734594345
19	-56.601112	500.99255	101.363045	-3730.0344	1614.1173	48.62274	1705.2565	1576.4504	15.503543	12.072314	38.279938	-1.6846901	1557.9777	80.78063	1718.8496	1413.3004	1611.9015	65.04893	1685.8064	1486.3503	71.87273	1000.0	48.4	1000.0	1000.0	75999	242.05894	198.21136	1296.7963	-351.54102	242.02383	198.24384	1312.2427	-326.90845	12.514204	9.120818	240.03099	-18.306366	-257.86526	1025.146	2171.6794712543488
20	-11.295734	36.663895	40.43082	-205.43234	1559.0066	60.15318	1691.5342	1457.7517	8.105062	39.92174	57.586765	-52.909267	1552.0663	68.80043	1693.642	1482.7417	1609.3162	71.90783	1718.8896	1493.665	66.55	1000.0	76.3	1000.0	1000.0	79999	239.63477	196.38489	1444.3652	-392.77103	239.61342	196.42838	1437.3086	-394.31418	12.083362	9.364551	253.9629	-18.18462	-251.88516	1024.4502	2287.7872648239136
21	-41.714058	64.563446	34.51297	-509.72025	1729.0775	49.857567	1812.7814	1668.8289	-74.09452	27.96265	-39.91296	-118.01576	1627.2961	66.53799	1698.7334	1498.1321	1775.2451	91.00799	1924.939	1621.8246	63.453125	1000.0	52.3	1000.0	1000.0	83999	209.7414	193.20416	1682.3558	-420.2271	209.74194	193.20792	1663.2938	-429.3517	10.862553	9.370545	285.05106	-21.462332	-219.07687	882.5975	2403.737940788269
22	-40.607327	28.838114	30.27832	-101.376045	1728.666	77.78495	1810.9608	1546.3206	-34.666824	14.276282	-15.270719	-58.31467	1660.3391	108.21079	1814.7013	1478.6989	1722.0787	66.83775	1814.0997	1580.696	58.82353	1000.0	59.2	1000.0	1000.0	87999	179.1672	199.08438	1850.6329	-410.2431	179.1682	199.07922	1858.9512	-419.65506	9.311087	9.107309	270.18457	-19.359	-187.0856	726.5491	2521.5448834896088
23	-71.477425	571.14044	52.596237	-4452.5557	1721.6179	74.5448	1836.2089	1629.0164	13.151541	21.733454	34.867004	-29.586113	1638.8965	58.561005	1715.8965	1513.9653	1616.4983	72.61012	1721.8821	1437.1957	66.4	1000.0	52.2	1000.0	1000.0	91999	180.95818	226.102	2085.9407	-393.83997	180.94505	226.115	2054.384	-470.9963	10.629437	9.7280445	266.00507	-19.621603	-191.4193	983.6274	2635.7686960697174
24	46.472336	289.4959	2358.1438	-35.7804	1575.1721	60.830875	1691.0155	1483.3403	33.951927	34.887726	91.76514	-11.435002	1645.1865	51.62653	1728.7694	1575.1566	1610.1031	61.187042	1758.6664	1566.0201	61.338463	1000.0	77.9	1000.0	1000.0	95999	228.42107	271.24954	2314.1252	-398.81015	228.4018	271.25974	2299.4287	-411.06012	12.355845	10.510686	401.34668	-18.507782	-241.99886	1181.7294	2750.97292637825
25	-125.60854	844.02106	35.81028	-6439.0225	1635.1516	56.2934	1743.5028	1553.6931	12.443265	16.029509	46.228004	-21.259274	1663.3519	50.89761	1719.0829	1608.7152	1614.6287	75.6766	1699.8978	1445.0192	70.210526	1000.0	64.4	1000.0	1000.0	99999	221.15584	276.3428	2502.2212	-438.06845	221.13382	276.35446	2527.352	-504.6233	11.291284	10.560753	282.88162	-19.779812	-231.1101	1148.4607	2865.3733265399933
26	-87.62323	542.2655	33.925323	-4283.95	1673.5159	46.947617	1772.0786	1565.8367	-15.36346	22.901672	40.291237	-46.597332	1621.6781	49.660873	1687.0159	1576.4962	1715.4861	68.05032	1784.1337	1569.7346	66.03278	1000.0	47.5	1000.0	1000.0	103999	201.333	286.86652	2548.7485	-441.92627	201.29997	286.86197	2551.0789	-484.74673	10.44898	10.669964	267.52008	-21.858974	-209.75568	1167.1742	2981.132121324539
27	6.9986606	25.558035	47.989307	-96.64105	1585.1041	74.792404	1673.5042	1438.4984	10.1412945	28.090607	42.461845	-44.36673	1638.4008	79.55697	1785.707	1484.5507	1566.7632	33.51202	1659.3232	1522.0297	57.855072	1000.0	54.1	1000.0	1000.0	107999	203.97672	305.13184	2719.9604	-415.10928	203.9612	305.10562	2760.5596	-472.2124	11.4136	11.162216	332.35886	-20.3961	-214.09744	1250.6785	3098.41282582283
28	-5.477947	36.759884	46.50804	-228.64322	1729.8783	75.013374	1861.3229	1633.8373	10.380988	18.214802	42.959846	-25.393717	1598.3909	90.98089	1733.313	1445.473	1706.885	53.441143	1764.0371	1629.5322	57.536232	1000.0	62.9	1000.0	1000.0	111999	210.89842	340.5037	2990.6636	-393.18698	210.89424	340.513	3018.673	-417.32977	10.945368	11.593546	229.43935	-25.672907	-220.38615	1217.1853	3216.68714594841
29	-59.29545	375.50772	59.72972	-2962.6995	1640.9489	79.71158	1801.5078	1500.7501	-15.23292	34.344444	28.89027	-66.67054	1558.9464	66.93001	1628.1407	1418.2416	1692.4863	47.70459	1737.2648	1610.3945	65.47541	1000.0	50.9	1000.0	1000.0	115999	200.83362	368.03616	3039.7573	-399.69638	200.82054	368.02646	3033.7446	-341.0556	10.71027	12.03605	295.8383	-20.987705	-209.09558	1251.6742	3333.419088602066
30	-29.134222	30.027655	35.18761	-97.89786	1711.1588	46.816193	1817.438	1608.8853	18.248594	18.037663	49.47966	-23.019476	1528.3888	66.09843	1623.261	1425.1741	1724.5228	75.80318	1909.8019	1606.0428	56.471428	1000.0	63.8	1000.0	1000.0	119999	202.8362	395.50537	3265.3826	-327.7928	202.8217	395.52725	3257.079	-395.8357	10.763582	12.391573	313.03647	-19.66153	-211.02293	1312.2317	3449.720455646515
31	23.139408	250.61821	1955.7477	-51.138447	1642.1189	67.65548	1736.5851	1530.5848	14.427976	14.063468	34.694427	-7.717166	1644.8617	90.722435	1812.428	1490.9705	1636.3539	66.2342	1712.8524	1481.8599	67.03278	1000.0	57.5	1000.0	1000.0	123999	201.33728	417.85535	3306.2974	-297.47784	201.3327	417.84424	3323.1746	-322.0847	9.976517	12.15391	285.44122	-23.362581	-208.56126	1397.5815	3566.462965965271
32	-94.14468	528.7803	59.086464	-4183.0376	1687.634	49.99714	1751.1445	1644.6173	-33.557053	21.860237	7.755721	-57.973515	1537.5746	62.401215	1617.863	1410.3259	1654.4131	61.570374	1753.3899	1555.5952	64.34426	1000.0	49.8	1000.0	1000.0	127999	185.1233	415.7288	3239.4988	-289.3161	185.11517	415.7156	3259.5051	-299.01443	8.819306	12.184284	310.7434	-19.794424	-191.27106	1397.7886	3683.1374394893646
33	-44.039196	340.89508	36.756874	-2928.0547	1711.5084	70.723305	1802.7903	1598.5797	12.777074	18.853786	45.1564	-25.585947	1455.4252	57.24578	1564.9137	1353.3755	1724.684	75.513275	1809.1849	1599.2042	55.63014	1000.0	47.7	1000.0	1000.0	131999	183.98055	406.5477	3123.8054	-341.58856	183.96674	406.53183	3131.9893	-375.44495	9.569016	12.309054	329.49768	-21.323486	-191.88947	1438.4276	3798.2163457870483
34	-56.17532	475.33456	72.546196	-3734.6895	1764.7526	75.175385	1905.8218	1621.1909	26.313099	25.469791	73.22346	-13.94409	1589.912	43.504345	1680.2094	1549.2172	1713.9968	4.937919	1722.5992	1707.9424	65.44262	1000.0	57.2	1000.0	1000.0	135999	206.44316	403.4737	3191.8281	-320.1587	206.4238	403.46576	3209.9055	-382.19623	10.375033	12.61567	266.18094	-20.627579	-216.59932	1500.7314	3914.0632977485657
35	6.7554064	21.359243	43.114086	-58.893272	1710.5629	46.12445	1785.327	1638.7911	1.7979543	26.189371	31.591324	-34.61037	1561.9885	67.13087	1628.3438	1418.3322	1693.0818	72.35882	1839.621	1573.8005	60.484848	1000.0	56.4	1000.0	1000.0	139999	205.65622	406.91113	3330.2278	-315.8773	205.63377	406.9158	3298.2722	-318.25455	10.147425	12.529025	256.52277	-21.452015	-214.92847	1460.6956	4030.064592599869
36	-116.46378	823.1989	45.81622	-6437.271	1628.3605	45.75079	1667.8408	1537.8048	10.9811	25.279783	48.109642	-36.690907	1560.8099	54.549393	1652.5093	1450.2584	1710.1527	45.745525	1763.0323	1657.5073	66.833336	1000.0	68.7	1000.0	1000.0	143999	210.3577	404.80286	3428.5596	-399.7813	210.34518	404.7843	3414.1035	-471.22528	10.236954	13.553578	281.47787	-20.056067	-219.27873	1734.5065	4148.11131644249
37	-52.466576	303.50378	65.593544	-2273.93	1717.4011	56.99415	1822.5881	1607.0139	8.596533	33.801117	92.339264	-23.70618	1676.1422	83.179924	1824.6796	1505.5	1740.931	75.05083	1905.1825	1627.6715	73.145454	1000.0	71.5	1000.0	1000.0	147999	187.83707	398.47348	3376.6697	-381.873	187.81503	398.47305	3404.0798	-401.88757	8.690696	13.544509	342.40536	-19.168865	-194.67052	1408.5535	4264.157465457916
38	0.8647311	32.870403	97.24049	-98.96967	1703.7415	89.56047	1834.1804	1545.7389	35.401237	16.959286	61.93621	0.55489606	1596.7273	68.84556	1762.105	1548.7987	1654.0856	53.96074	1743.9708	1531.0472	66.53333	1000.0	58.1	1000.0	1000.0	151999	166.55496	404.0394	3553.1636	-353.53323	166.5317	404.0347	3574.6707	-490.1695	7.624841	13.52498	299.35522	-20.421366	-172.3435	1169.4723	4380.7508018016815
39	-55.79387	376.70312	64.77374	-3015.6765	1656.8258	51.181343	1736.8575	1604.0935	-6.870639	14.8706455	16.389122	-32.20422	1621.6791	79.59984	1762.5062	1472.2142	1645.0676	72.96846	1755.7721	1497.3608	63.460316	1000.0	66.0	1000.0	1000.0	155999	155.40388	423.83652	3888.9658	-374.32468	155.38847	423.83054	3956.8906	-407.5304	6.9134693	14.422102	292.33337	-20.082668	-160.9457	1240.534	4497.2619960308075
40	-26.789927	202.85794	39.952637	-1652.1937	1753.3893	63.9864	1921.5079	1720.2495	10.307631	26.03913	54.15439	-18.957846	1623.928	46.034176	1695.5519	1579.4137	1765.8369	48.14261	1827.7179	1724.7097	60.015152	1000.0	73.2	1000.0	1000.0	159999	153.97278	448.06863	4065.1914	-328.1524	153.97617	448.0533	4100.83	-338.41602	7.158525	14.166038	307.974	-21.6097	-159.89584	1315.648	4614.164649009705
41	-21.916838	215.39088	67.65359	-1620.5844	1762.751	49.370914	1825.9025	1717.449	27.203278	22.843842	93.32345	8.599726	1590.8064	73.45087	1672.5316	1464.1196	1779.2539	65.35463	1919.1555	1718.7965	70.31579	1000.0	55.1	1000.0	1000.0	163999	173.69104	474.34436	4323.7397	-391.47314	173.66953	474.31735	4330.3	-407.0779	8.195561	14.707477	294.70422	-20.455664	-180.9633	1644.4843	4731.894109725952
42	-40.764194	310.8002	50.094585	-2440.9463	1788.3275	49.089455	1843.452	1733.1392	20.994762	34.80931	81.52159	-30.809862	1533.5037	50.04559	1597.1357	1482.5392	1778.07	79.317665	1934.2622	1638.5865	64.95082	1000.0	62.6	1000.0	1000.0	167999	189.31026	502.0064	4350.399	-385.49988	189.3091	501.95502	4318.1265	-383.59616	7.8119917	15.014372	300.1905	-20.67529	-197.00764	1653.2832	4848.249751329422
43	-19.42254	26.419733	49.82789	-63.439896	1656.123	70.86137	1808.3389	1575.509	-13.3014345	25.314325	41.754284	-46.591015	1506.3777	45.827194	1590.0273	1469.7167	1623.3352	76.36769	1799.1558	1501.8588	71.070175	1000.0	70.4	1000.0	1000.0	171999	178.19878	526.8096	4696.838	-380.54413	178.1952	526.7805	4668.473	-386.4149	7.2106586	16.12018	332.06668	-22.580023	-184.59586	1483.3806	4964.45068192482
44	8.935989	325.98035	2485.8777	-96.84868	1701.167	45.74704	1732.7749	1629.7809	34.185036	16.52556	67.069176	2.2720008	1466.4567	75.82479	1648.7087	1347.4025	1633.8499	63.30168	1735.4474	1534.4573	66.05085	1000.0	65.6	1000.0	1000.0	175999	181.98268	577.4766	5094.838	-332.96545	181.99779	577.4535	5134.632	-330.1509	7.6863513	17.632565	387.7636	-19.950443	-188.0667	1682.7147	5081.524136304855
45	-58.859684	428.42798	46.783447	-3425.1926	1744.2338	54.79383	1815.317	1689.2783	-8.365126	24.914907	25.948406	-41.093525	1531.1278	69.77717	1687.8317	1472.5109	1797.1296	81.26352	1905.5527	1698.2327	64.85714	1000.0	51.9	1000.0	1000.0	179999	202.27531	629.31683	5331.75	-396.9568	202.28444	629.26294	5267.731	-382.40045	9.315928	18.672417	439.2937	-19.048052	-209.6395	2123.116	5200.012550830841
46	-48.40774	386.2296	48.36504	-3155.9272	1664.4293	67.37229	1829.3474	1604.8137	13.510381	29.135328	63.46295	-22.7629	1534.7004	113.19381	1703.378	1299.6761	1645.4905	69.687805	1719.0353	1509.381	60.727272	1000.0	74.4	1000.0	1000.0	183999	252.80994	651.0014	5635.713	-378.7701	252.80876	650.9406	5609.7944	-384.32956	12.49107	20.27816	464.10516	-21.116085	-264.30826	2554.7856	5317.397840023041
47	-67.8892	612.68146	76.64754	-4564.886	1606.8435	66.62231	1699.9365	1482.2836	20.322622	25.181704	48.096313	-43.387203	1519.7886	65.06884	1651.8955	1456.5519	1690.4662	71.86442	1840.7898	1606.1583	72.509094	1000.0	54.3	1000.0	1000.0	187999	306.1585	684.3614	5809.734	-407.4373	306.1768	684.3238	5798.7	-412.37494	13.953343	21.034794	455.65134	-20.01931	-318.6809	3163.21	5437.43505525589
48	-75.17418	546.5855	42.69389	-4197.217	1705.8987	72.02989	1856.6144	1607.5952	-25.801914	11.53011	-10.2574625	-51.446453	1584.888	95.18279	1757.9928	1442.6919	1625.5637	96.60148	1756.68	1414.5641	69.82758	1000.0	55.7	1000.0	1000.0	191999	313.33737	692.4458	5763.1133	-456.73776	313.32166	692.4011	5818.4688	-485.31998	13.894651	22.101469	507.8946	-20.79184	-324.89276	2829.7297	5553.774193286896
49	-38.18712	25.93097	42.136772	-102.984	1727.526	78.38718	1898.6919	1597.9368	2.0837276	34.187004	52.002438	-32.117702	1535.7478	70.30691	1592.6316	1375.3981	1727.9619	93.79178	1904.4897	1587.6901	49.329113	1000.0	70.6	1000.0	1000.0	195999	292.90524	712.70667	5785.0884	-483.0349	292.92828	712.70526	5779.601	-502.63904	13.2548275	24.786177	635.15424	-22.05775	-304.89755	2676.145	5670.613247156143
50	-16.84396	27.713703	60.96657	-77.75301	1642.2201	85.10266	1749.2916	1433.9409	-21.733904	17.326496	23.16503	-38.875214	1582.2946	63.907482	1689.162	1475.3387	1674.013	56.70479	1765.8448	1598.2913	69.293106	1000.0	67.0	1000.0	1000.0	199999	276.25525	746.9258	6051.6665	-475.5063	276.24698	746.9173	5990.3296	-457.09744	12.758669	24.900333	616.94507	-20.04594	-286.77344	2973.0176	5787.8130514621735
51	-4.766345	23.031157	32.243603	-65.79722	1585.4525	92.4095	1740.1371	1431.7058	9.205937	11.260609	26.725	-7.136337	1478.9191	54.1481	1572.9956	1371.1041	1566.9502	81.51602	1645.6018	1426.2089	62.49231	1000.0	59.1	1000.0	1000.0	203999	364.64224	786.3117	6518.815	-555.6142	364.64197	786.2842	6537.989	-603.9096	18.148678	25.640205	608.9401	-22.591164	-386.56995	4020.286	5905.515890836716
52	-41.632324	388.78668	49.35696	-3148.3755	1672.0764	63.40275	1748.635	1541.1412	16.154564	29.371555	53.375755	-39.43298	1479.297	84.614006	1593.9313	1382.1929	1668.552	91.94493	1846.3572	1535.4799	61.384617	1000.0	79.8	1000.0	1000.0	207999	451.08823	847.4432	6841.749	-598.6255	451.0546	847.45703	6822.93	-639.7298	17.722795	26.511099	624.4584	-20.428429	-471.46432	4992.1133	6023.925257921219
53	-85.04413	439.97964	33.84819	-3515.3052	1684.3005	69.04167	1825.5363	1563.6265	-0.89607304	18.425879	31.165773	-37.490257	1557.4536	67.129814	1722.568	1509.2664	1685.9144	51.157936	1771.1873	1631.5084	64.27419	1000.0	68.4	1000.0	1000.0	211999	393.7137	867.0433	7185.013	-578.70984	393.7097	867.03094	7212.8916	-608.9667	15.795257	26.957867	629.56146	-19.47623	-407.2862	4038.0515	6140.985412120819
54	-30.908333	30.738218	30.907183	-146.24216	1562.0365	42.94645	1665.667	1475.7618	-2.9761486	22.52259	30.239536	-47.62164	1508.2338	61.95645	1592.6892	1385.3059	1602.552	51.262993	1667.4493	1549.711	67.26667	1000.0	75.6	1000.0	1000.0	215999	338.40067	892.4231	7569.886	-622.12726	338.41348	892.38837	7542.358	-609.0014	14.466039	28.382048	577.2691	-22.707542	-349.25262	3616.8633	6257.702687501907
55	-39.294582	53.80662	339.66843	-122.517426	1706.2317	76.464325	1846.8765	1560.8563	-25.750845	29.044031	30.715586	-63.542828	1562.7853	75.922165	1663.0818	1460.4507	1645.4658	53.58905	1751.0995	1544.1628	57.086956	1000.0	60.8	1000.0	1000.0	219999	310.19534	956.53046	8382.38	-528.4367	310.24857	956.4966	8268.766	-641.76654	13.4297085	30.501253	638.752	-20.735727	-319.40424	3929.154	6375.066759109497
56	-168.10669	1137.853	29.461876	-9196.761	1655.691	65.54609	1747.0625	1530.6074	4.5202355	13.60614	16.897438	-31.544428	1566.1243	96.635445	1680.7358	1370.4418	1642.9055	91.79168	1824.0089	1513.327	63.4375	1000.0	47.4	1000.0	1000.0	223999	293.0171	1007.5574	8834.816	-503.86874	293.04327	1007.5551	8893.615	-523.32056	12.870759	30.655258	649.60657	-18.69072	-301.897	4785.4595	6491.095152616501
57	-56.43243	388.35986	49.71952	-2981.2852	1734.1213	88.551674	1790.8309	1493.4208	33.18741	23.412437	69.49248	-8.9639	1532.4187	43.913364	1601.2316	1493.072	1715.6068	49.358128	1793.8848	1656.4252	68.086205	1000.0	77.2	1000.0	1000.0	227999	323.73624	1053.0803	9085.894	-766.2915	323.73685	1053.026	9146.986	-693.1102	14.218469	30.132381	651.40424	-19.125984	-335.644	4829.553	6607.6501660346985
58	6.272944	26.177856	61.514736	-48.208282	1662.5703	52.700924	1752.69	1556.5372	0.826403	21.545038	31.091234	-41.613464	1556.4935	64.58613	1694.4323	1492.0479	1659.3645	69.97529	1752.5231	1547.3262	64.42857	1000.0	64.2	1000.0	1000.0	231999	351.9533	1112.604	9902.428	-550.1879	351.97052	1112.626	9990.117	-593.832	14.15741	29.186453	696.9951	-20.84873	-364.32178	4836.3276	6728.362748622894
59	-11.39441	35.599182	50.97185	-236.9038	1589.9479	33.524982	1662.3135	1553.3457	0.6160309	21.27248	37.850098	-49.263535	1478.9542	92.79868	1648.4303	1362.5083	1588.1033	59.571877	1666.4138	1464.7039	63.095238	1000.0	53.5	1000.0	1000.0	235999	367.7469	1200.1016	10608.607	-543.153	367.74063	1200.0641	10531.489	-572.04724	14.352625	29.570518	670.7167	-19.923119	-379.30655	4941.9316	6844.346822977066
60	3.031144	95.8333	645.9635	-72.85671	1757.2361	100.22589	1903.5013	1583.2064	16.96762	21.047298	66.68325	-5.812592	1479.7047	38.81142	1562.0277	1449.1154	1684.8568	61.78705	1781.4286	1579.815	79.84	1000.0	53.5	1000.0	1000.0	239999	356.0668	1280.5386	10954.054	-554.4167	356.09396	1280.4886	11002.179	-592.37787	13.399085	31.691057	740.61523	-22.072605	-365.8312	5286.4487	6960.293688774109
61	32.969456	293.60504	2122.8792	-72.79942	1712.4988	69.3276	1827.8008	1622.0868	-2.5640364	14.954231	23.762957	-24.78117	1483.8086	73.46718	1663.4248	1376.9532	1697.3258	62.991913	1821.2649	1619.2373	76.61539	1000.0	67.9	1000.0	1000.0	243999	344.92584	1353.0205	11457.983	-617.12445	344.9398	1353.0566	11467.06	-572.83154	12.718075	32.130695	694.1929	-20.885061	-353.88916	6040.128	7076.564176082611
62	-64.66263	405.07117	72.4348	-2978.4082	1698.0416	65.87939	1776.8776	1563.3068	-2.2874124	25.2203	48.264038	-34.430103	1527.4163	104.14615	1679.9789	1363.9291	1728.8816	66.80557	1871.4424	1663.3118	75.15094	1000.0	57.7	1000.0	1000.0	247999	366.0146	1446.6649	12291.371	-535.1156	366.0445	1446.709	12286.225	-641.4082	13.540512	33.635315	714.05133	-23.461155	-375.80167	7321.212	7193.034101724625
63	-58.468117	347.27808	47.109234	-2719.3572	1745.4541	72.27304	1831.777	1619.6743	8.862291	25.265202	42.879387	-42.069378	1510.4312	85.01451	1680.019	1391.7446	1756.3215	79.00049	1929.1711	1633.1268	67.316666	1000.0	54.6	1000.0	1000.0	251999	419.76923	1501.855	12435.428	-502.1757	419.7647	1501.8491	12592.607	-636.25824	16.881285	34.998367	736.5929	-18.249226	-432.89664	8415.09	7309.277869224548
64	-71.62511	469.22174	85.06417	-3728.4084	1606.9733	74.007416	1718.5824	1495.7006	16.839418	24.090452	57.69129	-10.490279	1555.7449	60.64066	1701.1912	1502.8058	1627.4407	54.019203	1708.2421	1519.3201	64.96774	1000.0	76.7	1000.0	1000.0	255999	476.8802	1540.398	12870.536	-684.74963	476.91348	1540.4292	13034.557	-716.9524	18.42507	35.7738	769.481	-19.380974	-492.39334	9447.226	7426.3180520534515
65	-55.199932	357.8246	60.596912	-2601.9663	1673.2917	67.572586	1811.3961	1595.8176	-10.92679	9.871348	8.597781	-22.174194	1572.3174	66.23978	1639.9756	1436.881	1618.969	62.900726	1710.492	1491.2577	75.94231	1000.0	60.1	1000.0	1000.0	259999	498.0515	1581.8774	13190.375	-698.5635	498.03976	1581.8242	13337.582	-545.521	17.848114	36.3733	792.11646	-18.503103	-512.23334	9897.941	7543.1129105091095
66	-14.433465	37.706856	60.667873	-243.91934	1747.0537	52.99056	1802.8651	1671.3657	-7.8605638	27.834845	34.29159	-50.246845	1568.5012	45.42707	1617.985	1506.6704	1705.9324	66.28116	1869.073	1646.3138	66.01667	1000.0	77.4	1000.0	1000.0	263999	495.72604	1622.0729	13360.229	-637.8074	495.7216	1622.1149	13429.904	-583.40607	18.23095	39.003296	797.27594	-18.747677	-509.09018	8876.981	7660.316375732422
67	-106.36821	692.7864	42.7371	-5241.571	1604.7955	41.247334	1699.7898	1519.737	21.410046	29.619074	92.53025	-27.907848	1514.9286	60.3035	1600.3677	1390.8121	1630.2574	47.331673	1704.6815	1584.6445	72.94643	1000.0	69.7	1000.0	1000.0	267999	485.7611	1665.5522	13484.941	-794.1459	485.7839	1665.4757	13504.412	-695.6131	18.127085	40.335533	817.0841	-18.753078	-497.87006	11200.058	7776.642841100693
68	22.10191	238.93965	1719.5486	-63.73558	1677.5457	73.69538	1760.4768	1555.6464	-8.604742	20.689629	32.160255	-42.895763	1516.8682	42.306133	1604.3108	1489.7034	1698.3323	77.49265	1819.1925	1540.4528	76.63461	1000.0	80.4	1000.0	1000.0	271999	482.175	1678.8949	13632.444	-791.65607	482.19675	1678.9297	13521.979	-679.6748	17.727829	41.14441	890.9474	-20.62612	-495.14844	10904.723	7893.482775688171
69	-3.8279688	22.392172	66.3735	-60.683563	1615.9583	27.95233	1682.6786	1584.8185	3.1090748	15.160451	38.347248	-19.038622	1538.466	72.24906	1627.5365	1415.0371	1670.386	53.219067	1747.5789	1608.2438	78.64706	1000.0	69.2	1000.0	1000.0	275999	491.56427	1688.457	13883.382	-991.4917	491.54083	1688.4149	13942.15	-852.1892	17.889782	40.379093	964.16254	-22.458803	-505.1837	11432.221	8010.052038192749
70	9.194544	107.66677	827.7594	-68.13092	1717.0579	75.31818	1798.645	1593.127	16.343029	18.059402	44.285633	-12.498007	1509.844	79.66363	1658.0482	1362.744	1726.8606	65.125694	1804.1799	1596.4108	64.13115	1000.0	80.6	1000.0	1000.0	279999	495.03888	1744.1119	14794.442	-955.45984	495.02032	1744.1119	14922.772	-799.1486	17.09918	40.480534	849.9497	-20.574112	-508.21564	11168.368	8127.319432973862
71	-11.196719	22.937965	51.21327	-91.457275	1666.6755	85.99906	1834.4471	1506.3712	10.61973	21.037851	45.971195	-20.390476	1552.5869	62.751583	1702.3046	1491.3097	1674.3356	65.96832	1740.1073	1510.1193	64.87302	1000.0	63.9	1000.0	1000.0	283999	475.1514	1807.9084	15251.37	-1124.5332	475.1738	1807.8794	15255.125	-1214.1528	16.666943	43.02835	903.61945	-18.888138	-486.5203	11928.576	8243.57254934311
72	-81.986595	488.16406	26.77412	-3890.7842	1630.0691	85.03506	1826.9347	1520.419	-6.0356283	14.03625	15.941267	-33.37265	1535.1252	67.215164	1600.4531	1384.8097	1692.515	90.73157	1821.6641	1499.891	64.435486	1000.0	66.5	1000.0	1000.0	287999	470.73093	1871.2482	15542.054	-953.68835	470.7398	1871.2588	15282.841	-872.2183	16.4582	44.36568	940.32104	-18.639313	-480.83426	12307.832	8360.875769376755
73	-78.049	386.28284	48.302357	-3161.7195	1635.0226	77.857796	1764.4215	1479.0836	-5.6319757	22.679333	43.707703	-26.26379	1520.6917	62.804348	1621.5491	1421.03	1710.1755	50.57783	1779.0354	1659.9169	61.73846	1000.0	61.8	1000.0	1000.0	291999	462.543	1914.0961	15654.853	-927.5163	462.5688	1914.068	15341.209	-1050.1954	15.901322	46.109165	959.4914	-18.78972	-472.85788	13215.328	8478.370188474655
74	-58.586376	260.42792	31.710777	-2351.9915	1662.5244	60.127403	1779.4655	1577.7555	-21.158535	15.918824	1.7420619	-55.268158	1506.1238	113.698875	1693.3192	1287.0015	1714.6272	80.140785	1885.4509	1578.5428	50.189873	1000.0	60.0	1000.0	1000.0	295999	478.36536	2005.3015	16231.254	-1078.2543	478.38196	2005.317	16207.071	-1174.448	16.466291	46.926495	963.48615	-21.795528	-489.03955	13979.038	8595.68075799942
75	-30.03038	35.09016	21.51124	-235.48698	1715.2344	49.49133	1799.4829	1666.8088	-7.784655	29.5882	30.860966	-79.13768	1563.2418	41.31156	1650.4922	1533.009	1764.5625	56.27748	1872.5952	1678.7288	62.107693	1000.0	58.6	1000.0	1000.0	299999	479.69992	2060.4675	16777.54	-1356.172	479.7297	2060.436	16601.883	-1079.5989	15.579448	45.365784	1035.086	-19.776836	-490.77347	13484.252	8709.085544347763
76	-20.695515	33.519844	30.636385	-200.90645	1603.7074	70.501915	1669.7664	1442.9218	0.09872212	19.59487	34.124706	-30.90822	1520.865	62.135605	1597.8414	1394.2786	1575.5027	63.10957	1664.3557	1448.99	62.265625	1000.0	49.7	1000.0	1000.0	303999	570.7291	2132.0713	17121.793	-993.1971	570.73486	2132.0042	17027.088	-1086.3367	20.108093	46.289326	1013.5904	-18.337044	-593.712	16640.818	8821.752036571503
77	-39.65865	368.35068	44.637962	-3028.3647	1625.4392	46.30486	1679.344	1559.6394	-18.003376	21.491203	10.496593	-57.88001	1471.8274	59.651386	1558.2045	1350.1936	1611.7312	103.62953	1761.8141	1451.9865	59.014927	1000.0	57.0	1000.0	1000.0	307999	827.6859	2174.6672	17664.646	-1219.3389	827.5541	2174.667	17224.799	-1236.1031	27.352236	46.757076	1038.7977	-17.958397	-863.1886	20247.32	8935.208344459534
78	-53.451332	59.891033	29.4749	-438.4688	1692.6514	74.54446	1831.7444	1548.6432	-70.15525	22.257196	-27.230875	-114.97018	1601.0259	99.97443	1773.3783	1466.6758	1706.5115	51.56531	1766.5087	1637.9725	67.71667	1000.0	60.3	1000.0	1000.0	311999	929.51746	2258.7864	18086.3	-1030.0258	929.53687	2258.739	17906.59	-1125.645	28.21375	47.774624	1284.56	-19.385857	-959.98865	21369.256	9048.3761074543
79	-86.0347	361.07404	41.659786	-2801.8984	1662.4594	61.2104	1781.5691	1575.8633	-23.432898	13.699128	-8.440724	-46.47131	1615.7217	64.357056	1745.2115	1541.5834	1604.2883	75.51654	1787.1332	1482.6951	68.034485	1000.0	55.3	1000.0	1000.0	315999	886.4675	2381.5642	18980.586	-861.81445	886.47034	2381.564	18954.469	-923.666	27.041498	49.51634	1092.8468	-14.425898	-911.84265	20757.096	9160.931869745255
80	-76.14642	353.7085	24.617237	-2519.825	1670.6643	44.566025	1742.5309	1640.348	-19.947523	17.37055	15.744593	-46.520737	1462.4857	103.67394	1620.6259	1304.0295	1691.3083	67.16095	1840.3153	1633.6512	81.4898	1000.0	70.6	1000.0	1000.0	319999	840.8762	2537.5706	19566.604	-835.9253	840.8434	2537.5798	19327.338	-926.78094	25.45454	50.3616	1217.1667	-16.162418	-862.26514	23092.693	9274.41396021843
81	-21.160429	26.891108	25.708382	-93.659645	1678.4641	66.32421	1837.3982	1634.54	-23.575169	17.388535	5.993335	-51.77199	1596.8416	71.24376	1691.9061	1485.4557	1673.7197	79.42428	1825.5927	1535.2478	64.58064	1000.0	73.9	1000.0	1000.0	323999	772.783	2590.8171	19797.1	-999.5444	772.8292	2590.699	19408.686	-1022.46564	24.177698	51.022346	1218.7957	-17.574915	-791.87775	23183.297	9387.403446674347
82	-141.69958	867.1488	33.661755	-6685.9375	1689.3962	40.24837	1772.899	1657.3735	-20.869562	21.61193	22.926254	-46.7369	1514.0211	77.48449	1687.0377	1380.7703	1719.9512	50.801563	1777.0459	1665.1923	69.155174	1000.0	78.1	1000.0	1000.0	327999	759.6811	2680.1694	20072.969	-1269.4976	759.7149	2680.1257	20262.766	-1325.4026	25.026184	56.069344	1464.541	-16.206017	-778.4809	29395.004	9501.687962293625
83	-68.181915	350.1857	20.649199	-2794.5278	1606.0477	86.26429	1717.3125	1407.7083	-34.53252	22.979881	26.19959	-56.344288	1506.1763	77.60231	1708.8373	1399.0381	1719.9133	69.23077	1831.2416	1622.8717	64.90323	1000.0	69.6	1000.0	1000.0	331999	747.00885	2719.2454	20946.04	-1058.5725	747.0002	2719.1514	20768.152	-1134.0618	24.033592	58.940582	1347.625	-16.153505	-763.5884	25100.525	9615.920507669449
84	-20.476274	29.664875	56.868843	-130.51889	1711.2985	68.010925	1866.2041	1639.4188	9.081116	20.49241	33.86581	-38.952244	1537.3024	78.574844	1699.0712	1403.1669	1669.793	95.908615	1848.2637	1517.7156	59.895523	1000.0	63.3	1000.0	1000.0	335999	711.5644	2752.031	21464.137	-946.42584	711.62085	2752.015	21716.088	-1144.9904	21.89869	57.717968	1369.918	-17.323961	-727.67395	24177.686	9729.151903152466
85	-10.022776	40.114048	63.243446	-229.89949	1671.8489	48.22035	1778.6138	1567.1965	-15.481265	21.374956	17.537352	-58.150703	1457.472	62.81781	1556.4469	1324.9868	1710.9076	96.07167	1868.8994	1568.6532	62.671875	1000.0	68.0	1000.0	1000.0	339999	707.9606	2839.6565	22334.365	-1418.8087	708.0201	2839.6208	22294.53	-829.11383	21.33642	57.22678	1366.6943	-16.43148	-723.5192	25946.63	9842.613438606262
86	-35.82937	36.736282	45.077484	-146.8013	1580.6824	71.24035	1648.9773	1417.3483	-8.990862	14.772568	21.921318	-30.999094	1512.1326	78.90163	1684.5754	1382.3099	1573.7354	74.14004	1732.7914	1449.1201	69.625	1000.0	71.6	1000.0	1000.0	343999	720.78687	2897.9602	22671.47	-1235.3455	720.7708	2897.9355	22661.781	-1410.2948	22.244175	61.340042	1370.2473	-15.521652	-737.42126	26279.693	9955.058924674988
87	-110.06702	636.1561	49.53651	-4989.4565	1664.7777	75.769356	1832.7009	1539.2025	-12.51465	29.300623	20.596992	-61.66489	1487.237	50.88616	1543.5176	1428.1205	1677.2236	51.199398	1743.2612	1618.801	68.0	1000.0	65.3	1000.0	1000.0	347999	758.77686	2945.5042	23521.258	-1416.618	758.7263	2945.6077	23423.56	-1361.1115	23.633085	60.600742	1472.9224	-18.633657	-779.56714	29881.787	10068.108695268631
88	40.98854	245.99467	1813.1165	-90.56556	1676.4297	50.67648	1727.6362	1608.1779	10.112025	26.397543	37.543537	-44.19558	1512.7733	41.329605	1597.9463	1482.5559	1686.2299	53.105774	1741.983	1617.2128	73.25926	1000.0	55.9	1000.0	1000.0	351999	896.12463	3077.451	24193.107	-1292.1146	896.0752	3077.5315	24220.084	-1212.9877	26.47994	59.423218	1473.8557	-16.048004	-923.44165	32368.111	10179.740721464157
89	-41.791676	422.01886	58.05563	-3332.577	1515.1626	92.61667	1658.3431	1447.924	8.746494	23.686956	38.7675	-25.272741	1444.4141	44.12327	1515.0585	1407.7296	1535.8438	85.19359	1656.8514	1361.4363	64.80645	1000.0	73.3	1000.0	1000.0	355999	1074.0333	3113.9688	25157.148	-1323.0964	1073.9661	3113.9897	24855.992	-1162.1034	30.439184	59.297134	1586.5012	-15.400496	-1119.2107	44040.625	10292.614495515823
90	-41.28364	276.83463	42.143208	-2048.679	1583.6243	61.922924	1663.2643	1452.2494	15.748182	30.417233	50.477215	-34.339993	1520.7166	65.15132	1671.8118	1457.4297	1601.2465	51.57702	1674.64	1552.0419	74.85185	1000.0	68.5	1000.0	1000.0	359999	1574.3976	3118.2722	25188.553	-797.4046	1574.0403	3118.437	25136.527	-1018.1792	38.010666	57.930115	1454.3354	-11.544258	-1649.5928	54633.207	10406.879957914352
91	-12.74678	35.921577	86.9829	-228.21942	1655.032	47.22399	1717.2665	1581.4149	2.1904778	25.94709	50.665585	-51.400806	1516.9592	77.71402	1673.9902	1381.1007	1649.5553	70.06207	1816.1715	1571.8799	60.303032	1000.0	74.8	1000.0	1000.0	363999	1761.3872	3149.3916	25457.361	-1043.1757	1761.2139	3149.4333	25574.676	-923.53357	37.785866	59.3866	1286.2554	-11.455719	-1822.2201	54385.08	10520.787643671036
92	-28.138712	37.919342	67.72941	-231.54291	1562.081	75.14065	1665.1273	1442.1959	-34.673454	6.74211	-24.741592	-45.47274	1535.2104	47.96704	1592.5565	1481.216	1602.8209	44.874535	1669.513	1544.884	66.583336	1000.0	63.3	1000.0	1000.0	367999	1599.1909	3145.8967	25556.73	-1257.2476	1599.0952	3146.0242	26000.828	-1523.235	35.984165	58.332436	1400.9249	-10.725666	-1649.151	51955.27	10633.62326169014
93	-109.60608	566.70026	31.672983	-4152.7173	1636.4412	70.55372	1728.0464	1482.1132	-23.961605	23.970636	18.81035	-55.77407	1549.3806	69.99266	1601.4596	1379.2372	1605.7189	39.54177	1685.0256	1564.0277	77.01923	1000.0	64.1	1000.0	1000.0	371999	1479.5736	3203.3613	25850.148	-1291.1991	1479.601	3203.3308	26184.885	-1367.0017	34.66553	59.424126	1301.2018	-15.97155	-1522.0784	47618.67	10748.212226390839
94	6.758574	315.09116	2378.0225	-99.59377	1594.671	39.423714	1687.143	1561.5769	-37.810703	11.902255	-21.686848	-54.613895	1487.232	50.617058	1578.0023	1435.2343	1629.6667	43.741478	1684.0262	1577.9264	68.965515	1000.0	53.4	1000.0	1000.0	375999	1337.8572	3263.766	25552.424	-1180.304	1337.9126	3263.9775	25503.93	-1293.7625	33.28183	60.019012	1374.6562	-15.232887	-1372.6332	48780.938	10861.116711854935
95	-36.922596	32.520164	43.876892	-103.37122	1539.6136	66.14594	1702.8837	1493.4131	-27.021353	25.099493	12.8912945	-63.016506	1474.9008	102.08186	1626.5337	1339.0563	1557.3821	49.88761	1619.8458	1503.1558	67.61017	1000.0	71.9	1000.0	1000.0	379999	1179.899	3238.1636	25378.68	-1150.6208	1179.8401	3238.122	25106.334	-1065.7366	32.46705	62.41949	1438.8794	-13.120562	-1210.8384	38682.715	10975.110991477966
96	-39.26743	36.943237	19.867697	-236.77495	1486.8342	54.441822	1610.2834	1401.5001	-27.542206	20.909138	-1.1232147	-72.853134	1522.6082	78.95226	1678.7001	1397.1144	1597.5035	77.72829	1696.4633	1488.0353	64.435486	1000.0	73.3	1000.0	1000.0	383999	1080.3904	3251.5671	25475.31	-1411.6887	1080.4165	3251.4636	25428.912	-1230.5493	31.108583	59.663322	1306.0289	-13.319609	-1107.5615	37356.043	11088.037131786346
97	-34.643776	33.14143	38.53147	-109.822334	1566.9387	63.009144	1619.7867	1426.6709	-11.053153	17.53014	21.449621	-31.43176	1427.969	44.037533	1518.9156	1325.2522	1577.4983	62.773827	1705.942	1498.318	68.93104	1000.0	79.7	1000.0	1000.0	387999	994.4487	3217.5022	26010.855	-1280.1832	994.49554	3217.5916	25455.93	-1279.6768	29.783407	59.354103	1552.0414	-12.476667	-1018.76886	36404.64	11201.722215890884
98	-36.56361	32.762363	28.219372	-109.39246	1759.7136	66.20448	1863.569	1659.1653	-22.932356	22.73808	0.8091879	-74.83666	1529.8429	63.68242	1702.2446	1490.6534	1698.1888	61.059875	1764.0027	1622.5835	67.91525	1000.0	73.9	1000.0	1000.0	391999	952.61017	3240.0425	25555.023	-1207.0024	952.65625	3239.9639	25348.18	-1208.7065	28.878702	63.438942	1580.573	-12.627261	-975.7022	39825.312	11315.168184280396
99	-30.96214	29.424906	37.54907	-112.87942	1524.3613	48.879753	1594.4791	1476.3188	-18.652737	16.853485	6.27047	-43.2816	1475.7576	61.636986	1541.4027	1333.0304	1512.3019	46.399952	1587.5792	1474.5443	63.539684	1000.0	71.2	1000.0	1000.0	395999	910.04706	3280.6992	25571.193	-1280.3759	910.04474	3280.7861	25924.066	-1259.9591	27.335508	62.843666	1655.3239	-17.70309	-931.2651	38430.062	11428.777731657028
100	-38.09346	27.55094	25.575027	-116.0193	1578.0442	64.84355	1655.386	1443.8553	-4.121747	15.3626995	12.247242	-37.261497	1525.0327	94.41345	1642.5974	1395.5485	1599.5673	93.624535	1753.476	1451.2153	61.5625	1000.0	69.6	1000.0	1000.0	399999	903.42413	3370.7563	26761.875	-1142.5729	903.47095	3370.759	26426.725	-969.65283	27.268375	67.48628	1797.119	-17.682299	-924.012	38140.137	11540.836309432983
