Epoch	AverageEpRet	StdEpRet	MaxEpRet	MinEpRet	AverageTestEpRet	StdTestEpRet	MaxTestEpRet	MinTestEpRet	AverageTransferEpRet	StdTransferEpRet	MaxTransferEpRet	MinTransferEpRet	AverageRandomEpRet	StdRandomEpRet	MaxRandomEpRet	MinRandomEpRet	AverageAdvEpRet	StdAdvEpRet	MaxAdvEpRet	MinAdvEpRet	EpLen	TestEpLen	TransferEpLen	RandomEpLen	AdvEpLen	TotalEnvInteracts	AverageQ1Vals	StdQ1Vals	MaxQ1Vals	MinQ1Vals	AverageQ2Vals	StdQ2Vals	MaxQ2Vals	MinQ2Vals	AverageLogPi	StdLogPi	MaxLogPi	MinLogPi	LossPi	LossQ	Time
1	399.9405	176.95937	530.7972	96.5564	535.877	91.86903	685.24054	422.0862	487.80975	106.16955	690.3358	352.56577	159.49179	41.769104	232.23125	126.56544	487.78506	142.92783	690.4844	300.66663	805.0	1000.0	1000.0	1000.0	1000.0	3999	11.885922	6.0299225	29.055525	-0.025201041	11.885506	6.0307794	29.334488	-0.08127811	-5.3422823	0.62473	7.2323294	-11.440977	-12.972495	0.12710565	117.57838821411133
2	348.88184	203.4937	522.3347	5.523311	194.77841	50.69122	278.04318	98.37857	148.58585	40.360836	197.14793	93.584946	94.79134	7.155905	114.8478	87.30412	159.63564	52.74201	277.29074	96.81613	716.1667	1000.0	1000.0	1000.0	1000.0	7999	34.441418	7.0050735	72.43692	18.144115	34.441364	7.0079184	72.771576	9.3923	-5.071975	1.3505464	25.797754	-12.822545	-35.532166	0.8110929	245.1334729194641
3	385.82745	130.41882	503.8331	155.94077	370.4987	132.87889	560.1694	68.0724	469.34247	120.01784	686.2401	330.1741	99.43929	5.6226754	107.9876	90.68785	424.20526	170.87602	738.69525	236.35481	866.6	918.5	1000.0	1000.0	1000.0	11999	61.13902	20.93027	304.09644	21.063732	61.13884	20.933567	310.38412	6.6634345	-1.3997254	6.0093374	41.131187	-13.334035	-62.89415	7.8453383	371.66460704803467
4	293.476	162.96483	509.32324	3.8852	105.01265	192.85316	523.5265	5.2170925	149.96075	169.8107	377.66275	3.9978166	286.34424	39.637722	330.49573	217.91167	53.15621	129.87483	442.08325	3.8209915	804.0	228.7	426.7	1000.0	137.5	15999	96.93658	34.15076	351.72733	27.67033	96.93664	34.15395	342.58563	4.1897535	1.3904444	5.2213907	44.61487	-14.415581	-99.19151	16.518051	455.13545966148376
5	235.01726	187.87111	514.46716	8.469533	374.95874	79.23274	535.0889	273.94107	364.67444	60.725075	463.08398	269.75095	120.874306	32.749744	186.46526	99.9691	419.42325	86.270226	587.9035	295.29608	563.6667	1000.0	1000.0	1000.0	1000.0	19999	128.29218	40.952034	329.8262	38.223026	128.29185	40.95749	329.527	11.121134	1.322808	4.7979693	36.96422	-15.290704	-130.14441	21.9675	588.7786002159119
6	402.8186	50.52225	477.60843	343.20535	367.66013	78.877304	511.0613	187.07254	434.27573	94.55166	600.0437	336.5254	214.09995	37.727444	315.94345	172.87422	454.19598	77.06108	560.5739	311.25018	1000.0	1000.0	1000.0	1000.0	1000.0	23999	152.27528	34.649952	295.5207	42.515724	152.27483	34.661285	297.76654	13.625541	1.0116934	4.1515803	39.24695	-15.684147	-153.88503	20.138168	723.5694282054901
7	381.18372	17.465874	397.67194	354.91022	508.8527	109.39226	683.6354	287.67804	524.6033	66.07508	639.90753	418.9779	124.58745	2.9530847	127.740746	118.28077	472.6402	70.66435	563.8252	326.00272	1000.0	1000.0	1000.0	1000.0	1000.0	27999	158.95409	28.413355	278.8406	26.147522	158.95375	28.421366	280.4643	12.181122	-0.16797525	4.3831077	35.335754	-15.528278	-160.29666	15.824871	857.1531567573547
8	532.8254	36.943417	576.2852	492.16245	537.58044	141.45494	736.90533	356.47528	543.91046	143.77148	732.13776	284.7763	289.69434	64.92867	351.26788	149.76077	537.6606	117.832275	703.3732	326.2116	1000.0	1000.0	1000.0	918.0	1000.0	31999	156.38437	24.310673	276.87216	19.901684	156.38464	24.318022	275.97806	12.957037	-1.52614	3.781153	29.03349	-14.869043	-157.3848	13.631848	990.2738163471222
9	396.32565	217.13019	639.6702	25.405483	583.04834	108.52529	817.35974	444.25836	509.44098	139.02779	694.5997	154.90009	274.3299	88.10389	419.16644	153.26042	506.7453	104.073746	740.2803	363.55283	741.3333	1000.0	981.5	1000.0	1000.0	35999	152.83852	21.278175	259.7761	14.317389	152.83847	21.28194	260.59723	10.239647	-2.549718	3.1620493	31.62726	-13.804087	-153.71759	11.783213	1123.2611529827118
10	461.213	78.614334	539.38947	334.96378	424.03717	112.84876	636.45276	220.84929	416.242	75.98491	524.0441	277.70294	140.72806	34.444542	209.56213	111.155914	391.13046	72.102646	531.95404	310.34454	1000.0	1000.0	1000.0	1000.0	1000.0	39999	150.3821	19.059164	243.492	7.832544	150.38252	19.057611	240.43204	18.67052	-3.144959	2.778015	30.845854	-14.824549	-151.20207	11.3530655	1258.0006625652313
11	475.39526	94.18162	581.7424	366.3629	391.43774	33.992004	466.25	351.98593	394.1444	21.21396	424.05063	351.8768	135.45303	15.039159	164.43932	115.164215	397.7039	34.971054	474.16418	356.67493	1000.0	1000.0	1000.0	1000.0	1000.0	43999	148.09512	16.551353	213.39699	-4.6000924	148.0954	16.550318	210.8377	-1.1973077	-3.4530137	2.486	24.82213	-15.310532	-148.89441	9.677574	1392.3065156936646
12	534.06976	50.18229	578.26013	455.1834	699.9617	74.93281	847.086	601.0792	652.7708	113.40129	852.1317	524.39905	167.69194	40.26285	212.60977	104.17109	645.04315	77.29452	779.3144	524.5826	1000.0	1000.0	1000.0	981.6	1000.0	47999	144.20868	13.018962	199.4232	-2.6387675	144.209	13.016006	199.35289	1.9420488	-3.7432353	2.223898	24.574062	-14.7438755	-144.98984	9.011153	1540.0037784576416
13	406.62585	157.73463	540.2548	137.41783	638.04803	82.98438	753.4152	456.9064	659.14075	71.85417	819.25555	547.4474	108.711266	56.553654	209.65298	27.86745	578.4039	82.274254	655.64154	364.05505	829.0	1000.0	1000.0	660.2	1000.0	51999	140.92526	10.552565	182.33003	-15.949185	140.92543	10.543508	182.85536	3.5334852	-3.996183	2.061539	20.036184	-14.089358	-141.73727	6.9643974	1667.6616506576538
14	543.9863	75.62996	602.3336	413.9716	734.771	83.41578	867.20544	613.17584	708.26746	105.07528	884.5647	552.0009	91.19008	101.34139	334.73666	12.8834305	761.8031	102.033424	868.6222	502.86185	1000.0	1000.0	1000.0	355.2	1000.0	55999	138.77206	9.433823	171.20769	-23.218796	138.77225	9.426772	171.46751	0.13516757	-4.307182	1.8190719	18.484064	-13.258851	-139.58391	6.114243	1790.6987781524658
15	504.78406	35.127865	553.57153	460.21445	475.00714	145.35751	686.7717	287.43497	494.45102	160.66147	696.58514	287.43246	308.72647	55.916435	443.2331	242.88982	597.1733	81.188354	681.9774	432.32462	1000.0	1000.0	1000.0	1000.0	1000.0	59999	137.06178	8.960678	163.15266	-18.383411	137.06184	8.941623	163.23724	-4.1634893	-4.493476	1.6502286	21.80023	-13.210428	-137.89043	5.2137246	1923.6547284126282
16	416.46173	207.7063	596.3651	9.927317	622.56287	139.10136	797.151	364.49475	662.13104	130.95937	795.0678	424.72565	236.94498	9.884875	246.67181	208.9694	689.35803	99.276855	797.49164	486.06262	805.4	1000.0	1000.0	1000.0	1000.0	63999	136.19582	8.552085	159.44542	-31.27883	136.1961	8.537065	159.07353	-8.284045	-4.602867	1.5408098	18.802597	-15.302063	-137.03867	5.562136	2057.1381044387817
17	537.77295	20.62656	559.6833	509.53293	707.2078	42.73176	773.031	636.5625	704.7903	50.25992	782.63776	631.2378	304.7394	27.331905	333.68527	250.56044	671.0106	42.425728	754.728	618.8557	1000.0	1000.0	1000.0	1000.0	1000.0	67999	135.94893	8.114404	158.37	-44.458996	135.94894	8.092563	159.20938	-11.600868	-4.5764613	1.5691112	17.165562	-14.709232	-136.81667	5.652963	2189.855479955673
18	487.22345	125.69327	632.349	260.24756	617.3009	129.0492	801.2951	417.9558	652.4204	103.02909	807.4071	419.50598	232.5328	6.495237	237.50575	213.71713	620.2292	125.251915	732.3649	422.2099	900.2	1000.0	1000.0	1000.0	1000.0	71999	135.9793	7.6026893	156.71495	-52.936947	135.97935	7.575791	157.19084	-14.971276	-4.6048536	1.5536247	22.000175	-14.992151	-136.84476	6.03359	2323.529753446579
19	572.6565	70.691696	657.46875	466.60822	794.3389	62.40576	895.49146	705.2556	764.1544	99.86946	893.2516	616.4706	238.20065	19.673315	265.12106	192.406	752.75934	44.550377	801.1408	672.50446	1000.0	1000.0	1000.0	1000.0	1000.0	75999	135.56621	7.5167227	155.05867	-69.05107	135.56631	7.49574	154.95656	-12.250521	-4.688798	1.4402978	16.616867	-13.590217	-136.40044	5.003966	2457.2251517772675
20	533.5059	31.01036	574.2998	502.98923	620.8126	67.039154	706.7048	535.82404	681.00073	68.72594	799.584	588.09753	209.0647	31.559881	253.14796	158.32224	631.17334	63.243843	724.8233	540.27094	1000.0	1000.0	1000.0	1000.0	1000.0	79999	135.46432	7.441098	153.58803	-59.03877	135.46428	7.4106035	153.99118	-33.240395	-4.771814	1.3685058	16.878403	-14.4487705	-136.30449	3.9903612	2592.042900323868
21	579.6092	49.12233	633.9345	522.2525	617.26434	85.35148	697.5547	399.2576	658.1559	64.27075	698.55896	482.582	239.77051	3.4847255	244.57117	234.09576	599.7493	119.906235	696.82715	399.1851	1000.0	1000.0	1000.0	1000.0	1000.0	83999	135.62044	7.3525143	155.03793	-51.390926	135.62051	7.325045	154.40088	-10.350452	-4.8148074	1.3243505	17.934809	-12.994482	-136.47452	4.4814987	2725.5079069137573
22	568.879	70.23138	653.2802	482.98633	664.04504	41.0149	707.8848	608.82526	642.66516	41.762154	709.99634	606.9845	288.39053	45.68293	351.08957	241.72954	701.6404	68.2633	795.0385	610.39374	1000.0	1000.0	1000.0	1000.0	1000.0	87999	135.90736	7.294829	155.51602	-82.63047	135.90749	7.268844	154.54822	-33.745323	-4.812626	1.3221943	16.951368	-13.283021	-136.76999	4.948246	2856.047598838806
23	663.19824	32.707283	707.2719	625.80774	655.05975	73.11101	791.42255	568.9342	667.9567	59.602753	711.5124	505.9024	364.73257	40.622032	456.00604	295.69385	702.16376	65.85406	790.5553	579.86395	1000.0	1000.0	1000.0	1000.0	1000.0	91999	136.39954	7.1669464	154.35596	-98.954056	136.39975	7.1491966	154.85176	-14.892084	-4.870465	1.2628901	24.604225	-13.873768	-137.26613	3.3863318	2985.0281715393066
24	516.93933	46.708126	585.63745	461.662	693.2668	61.30535	776.41345	522.7243	684.09766	66.80121	771.56946	523.3374	253.25693	4.4780707	266.27127	249.93083	650.7279	93.51687	744.256	512.80414	1000.0	1000.0	1000.0	1000.0	1000.0	95999	137.036	7.1637034	154.57835	-75.74913	137.03622	7.135086	154.4316	-32.66379	-4.928767	1.2044879	17.838236	-13.898084	-137.91269	3.1299946	3115.013281583786
25	570.5975	110.767204	759.2008	474.9437	773.13495	40.17725	804.04626	696.5417	737.1252	37.92179	790.79504	696.34784	233.25278	38.171288	257.3781	156.85042	727.5483	52.50888	807.17017	628.2065	1000.0	1000.0	1000.0	1000.0	1000.0	99999	137.66608	6.982702	154.97812	-44.75233	137.66609	6.960769	155.26578	1.4466755	-4.943023	1.1928741	16.898062	-12.7439995	-138.54033	3.1452978	3244.6604282855988
26	640.10736	58.97632	700.98114	554.0722	635.89435	139.52568	801.78467	299.9924	684.619	103.18078	808.6383	506.68845	314.34222	38.029366	362.46088	251.67796	708.5559	37.23043	796.0094	657.46936	1000.0	1000.0	1000.0	1000.0	1000.0	103999	138.31429	7.0575647	156.07906	-67.12267	138.31403	7.0418468	158.87506	-45.949074	-4.9344835	1.2092743	25.66944	-14.043918	-139.17964	3.9204438	3374.737832069397
27	581.7264	85.98393	668.7779	464.85852	866.08514	40.172607	897.62054	789.9689	860.32776	43.03226	895.69666	791.79395	204.8807	157.88457	362.43726	19.96952	859.5294	39.331078	895.4117	799.48773	1000.0	1000.0	1000.0	641.9	1000.0	107999	138.9779	7.0159264	155.97661	-56.050747	138.97827	6.988396	159.632	-39.26583	-4.942882	1.2023517	18.601938	-15.373447	-139.85678	2.961104	3497.9442467689514
28	688.32336	65.85424	753.1663	606.51245	784.2705	56.949528	893.9608	685.5176	784.8878	89.528366	990.22833	618.18207	310.55096	77.11717	353.59216	154.4149	794.5621	46.73795	895.8687	695.10144	1000.0	1000.0	1000.0	1000.0	1000.0	111999	139.71983	6.9752636	156.6564	-63.402794	139.71982	6.9620647	161.15576	-26.56565	-4.9652696	1.1839072	18.926773	-15.1812105	-140.5964	2.8407755	3626.971435546875
29	681.3322	33.67155	716.33105	637.52637	779.2196	64.1979	898.9125	658.0142	775.584	57.656273	806.42236	619.84076	140.14194	84.28542	261.1882	21.335295	806.1323	36.065964	899.79425	742.0338	1000.0	1000.0	1000.0	736.8	1000.0	115999	140.2976	7.0773773	156.60997	-74.848495	140.29758	7.0740156	158.12846	-39.707832	-4.9566216	1.1905013	18.570772	-14.711205	-141.16913	3.0949354	3752.2289106845856
30	656.8548	57.36428	702.8761	560.517	762.05585	50.70044	791.82117	636.1669	762.04486	71.18556	812.60516	557.4443	254.76425	62.146984	338.9801	164.82031	799.0856	28.606535	884.6408	786.8368	1000.0	1000.0	1000.0	1000.0	1000.0	119999	140.92331	7.2469354	158.0123	-89.50323	140.9233	7.2323637	158.3226	-37.971325	-4.9615674	1.1588142	21.273148	-12.158797	-141.80672	3.2249405	3881.8815503120422
31	662.5143	36.576843	705.41534	608.32983	668.4901	78.86328	793.7569	595.7692	692.583	80.39646	798.6303	550.4793	191.19266	101.13135	308.98972	14.374171	670.52747	89.21605	795.68036	496.52542	1000.0	1000.0	1000.0	816.7	1000.0	123999	141.69835	7.319276	158.89267	-95.12816	141.69823	7.3203115	162.10237	-48.373043	-4.9549675	1.1666813	19.969536	-12.736524	-142.58391	2.2644818	4009.1103370189667
32	620.2928	74.902306	711.22406	505.30368	711.22125	106.73144	889.00653	521.59845	754.99664	32.900723	800.0137	711.83044	371.80627	25.14838	444.86304	351.31784	690.3772	58.930748	770.96625	593.49756	1000.0	1000.0	1000.0	1000.0	1000.0	127999	142.47313	7.5725665	161.1433	-110.88406	142.4733	7.5527496	161.93852	-57.921314	-4.9568467	1.1693746	19.282717	-12.705872	-143.3569	2.9845345	4138.654900074005
33	675.0225	18.081203	704.87787	656.17365	814.6697	41.210915	894.61755	769.38416	797.17004	39.496883	891.29865	734.448	384.72574	58.867336	471.53186	275.92477	852.2301	48.038597	909.82697	785.7613	1000.0	1000.0	1000.0	1000.0	1000.0	131999	143.18752	7.6937633	161.47514	-70.53478	143.18735	7.6968083	161.88832	-35.478302	-4.9557834	1.1736935	24.584288	-14.578884	-144.096	2.8197753	4268.448327302933
34	599.48083	82.089745	704.7574	501.66306	725.73047	46.972095	797.0471	672.09937	738.98694	62.356873	862.29944	637.81244	261.98032	18.177128	303.6207	222.6571	680.7113	57.71419	798.87854	603.1516	1000.0	1000.0	1000.0	1000.0	1000.0	135999	144.012	7.800195	162.75221	-79.334885	144.01215	7.790069	162.64069	-55.362507	-4.979972	1.1391189	20.007263	-15.444626	-144.91336	2.0616045	4397.837243556976
35	717.4315	42.094585	784.7039	668.94586	649.0481	108.20823	783.9594	520.48883	728.1992	140.89677	989.27094	556.9992	277.39996	106.835785	441.11963	23.138023	652.64923	124.91764	884.76587	522.8908	1000.0	1000.0	1000.0	913.1	1000.0	139999	144.77579	7.926726	163.38023	-73.60995	144.77557	7.9219317	162.79245	-45.58248	-4.972596	1.1621343	25.71079	-13.12194	-145.67513	2.5262809	4527.127716779709
36	653.06323	88.15659	728.1424	504.29028	776.07935	50.989433	894.1135	703.85834	768.04034	38.56522	809.9777	693.53937	352.482	1.1360545	354.69153	350.9402	761.8192	77.06708	891.6198	630.0618	1000.0	1000.0	1000.0	1000.0	1000.0	143999	145.46387	8.089686	163.76518	-65.03002	145.46399	8.080947	202.45529	-31.824297	-4.9765086	1.1443987	17.879278	-12.634459	-146.36394	1.8310491	4657.68213057518
37	670.01917	19.569553	690.67566	638.2471	767.0276	68.12154	809.96594	610.912	772.5303	55.871185	810.30945	633.68964	505.54346	41.749256	587.8142	443.5596	775.2408	66.62082	806.34766	587.41205	1000.0	1000.0	1000.0	1000.0	1000.0	147999	146.19572	8.177283	164.95157	-78.5303	146.19576	8.175038	168.36841	-58.494164	-4.9648314	1.1489501	14.996694	-12.22792	-147.10608	2.3171635	4787.377073287964
38	569.7388	81.4022	709.3355	504.63617	774.05634	82.88435	994.1193	675.6502	804.5572	97.9292	991.53436	649.00214	462.84668	19.309889	483.21484	422.0387	826.3377	113.112915	995.0786	708.9294	1000.0	1000.0	1000.0	1000.0	1000.0	151999	146.68118	8.385462	165.2367	-47.07694	146.68117	8.38543	164.83032	-47.494686	-4.994694	1.1304677	28.141981	-12.961949	-147.58397	1.9960994	4918.191613197327
39	624.41583	24.084585	656.63574	593.45886	695.6577	40.483894	782.4798	606.5486	695.7731	44.82731	793.5157	613.7796	398.98907	16.007402	439.57257	376.16846	704.7482	28.731937	784.5972	670.76276	1000.0	1000.0	1000.0	1000.0	1000.0	155999	147.22614	8.489371	166.52754	-48.787483	147.22594	8.482803	198.17471	-34.62517	-4.9793463	1.1265674	20.174316	-14.606826	-148.1344	2.3850467	5049.510753154755
40	681.75116	33.152866	732.4303	650.6944	726.4058	94.94547	899.6192	611.70856	674.77484	63.24575	806.13293	609.7757	497.91486	65.98196	579.95087	345.50092	713.1152	38.6753	804.827	658.73865	1000.0	1000.0	1000.0	1000.0	1000.0	159999	147.8134	8.751194	172.55647	-77.96973	147.81345	8.733522	168.48077	-48.182747	-4.9607387	1.1756171	17.640285	-13.271269	-148.7192	2.5763075	5179.323805093765
41	688.26843	20.30657	721.55585	666.8261	872.5	125.87183	999.9709	671.8637	840.8656	131.89519	992.8581	567.3302	299.09604	53.435524	420.67236	239.56145	869.92316	84.398125	993.2753	721.705	1000.0	1000.0	1000.0	1000.0	1000.0	163999	148.29489	8.891446	172.77327	-83.67379	148.2948	8.890017	182.7179	-52.316795	-4.965345	1.1604018	20.60433	-13.277256	-149.19887	2.5571241	5308.23778128624
42	684.28644	17.379637	705.6407	660.4299	705.2135	12.023695	739.963	696.35266	722.6035	50.26248	786.2798	610.90466	252.35352	21.131475	280.8235	212.18507	718.1041	30.476732	787.7891	693.02563	1000.0	1000.0	1000.0	1000.0	1000.0	167999	148.73831	9.041303	171.74734	-97.59924	148.73814	9.038541	169.09181	-52.12169	-4.9704976	1.1360946	23.962267	-14.329246	-149.65509	2.337022	5438.603949069977
43	667.3606	45.680687	739.5976	614.3869	867.2381	41.11996	899.282	801.95996	803.8428	74.75022	901.9001	693.5705	200.57648	30.78201	234.81906	155.10579	854.5125	87.53209	951.144	649.97864	1000.0	1000.0	1000.0	1000.0	1000.0	171999	149.22229	9.1742115	171.17702	-40.87479	149.22243	9.172386	185.28658	-33.112347	-4.971905	1.1329528	17.7772	-13.296528	-150.13377	2.1440825	5568.4425621032715
44	707.0298	42.226562	778.1137	667.29877	577.50287	63.111202	696.77783	517.11865	623.6979	87.10765	805.8285	515.3092	167.45288	6.3181386	185.28728	162.96468	555.3282	44.113953	643.8047	518.17615	1000.0	1000.0	1000.0	1000.0	1000.0	175999	149.6404	9.3785	171.85028	-69.885666	149.6402	9.378964	177.79224	-57.228065	-4.9694285	1.1359005	21.563696	-13.407465	-150.55687	2.1050239	5698.509256362915
45	672.5856	78.46366	744.4802	545.8937	763.5539	58.907444	840.86536	646.6449	728.63855	63.974148	818.11053	655.8918	289.97067	33.07695	350.2546	234.158	699.30023	52.02255	805.46985	636.6448	1000.0	1000.0	1000.0	1000.0	1000.0	179999	150.05942	9.528804	171.41864	-54.46158	150.0594	9.520815	181.60358	-73.5124	-4.9478474	1.1801072	24.842	-12.540424	-150.96759	2.1350112	5828.902990102768
46	711.697	26.101238	742.8602	679.665	798.93304	7.374089	802.8049	776.9133	797.8491	42.05356	895.24713	710.2138	247.84492	20.725222	282.9868	216.6037	799.2537	6.466755	803.8173	780.209	1000.0	1000.0	1000.0	1000.0	1000.0	183999	150.44785	9.528519	172.61552	-63.60251	150.4478	9.528914	177.23566	-40.721867	-4.978046	1.1256167	19.005571	-13.083982	-151.37292	1.7449261	5958.493605136871
47	644.9734	84.36971	712.80084	501.32947	605.53064	77.24661	704.9712	453.49878	713.49304	58.91127	805.07324	587.23584	325.1341	66.90228	435.90497	226.18973	660.90393	60.34684	711.8347	544.3706	1000.0	1000.0	1000.0	1000.0	1000.0	187999	150.90176	9.601706	173.01363	-45.263615	150.90173	9.59842	187.9304	-59.479443	-4.991637	1.1089549	34.87396	-14.933306	-151.81769	1.8244063	6088.900080919266
48	651.75854	55.4489	703.52094	558.686	741.0548	33.82276	777.8512	697.6771	712.55066	68.35171	790.2456	583.36365	366.54303	32.397182	424.73016	299.6385	737.8372	71.96953	893.5299	626.8145	1000.0	1000.0	1000.0	1000.0	1000.0	191999	151.3083	9.642501	171.38065	-57.15412	151.30801	9.6381445	170.4974	-71.98678	-4.9961324	1.1055633	24.544363	-14.984377	-152.23317	1.7526181	6220.997184038162
49	678.59216	17.665293	706.5438	663.20795	613.37384	65.249626	700.789	512.3324	670.3915	34.020676	704.94257	605.29285	518.1604	41.784283	586.16113	425.7674	618.66956	52.98929	676.68317	517.0152	1000.0	1000.0	1000.0	1000.0	1000.0	195999	151.7273	9.680068	171.88222	-61.258347	151.7275	9.677536	175.01341	-32.731056	-4.9980006	1.0984508	21.386845	-14.54356	-152.64366	1.3723632	6350.269364356995
50	686.9878	21.33192	715.24036	655.3086	682.1087	52.193085	798.9118	607.4294	656.9971	69.92471	800.6215	520.0688	388.2729	44.31973	483.43103	339.8244	669.9918	46.233963	752.022	604.47363	1000.0	1000.0	1000.0	1000.0	1000.0	199999	152.18095	9.725628	172.13774	-44.07077	152.18071	9.72244	183.7083	-47.780727	-4.984413	1.123107	31.334448	-13.271676	-153.09772	1.9678802	6483.75766658783
51	706.2024	19.620102	738.41345	685.7302	742.04724	48.495506	801.8483	696.3028	707.2707	54.00418	801.16254	577.718	456.84497	32.509785	502.88052	383.04413	746.8538	79.75681	895.74097	631.18964	1000.0	1000.0	1000.0	1000.0	1000.0	203999	152.52013	9.819471	172.17796	-51.32306	152.51985	9.816533	181.45059	-71.56423	-4.9991403	1.1045294	24.140318	-17.177872	-153.43701	2.0737388	6619.139577865601
52	719.8287	82.98191	788.29095	581.7835	677.96265	32.03953	701.219	606.33496	640.6179	34.424953	690.01227	594.5623	406.7245	38.879	467.04013	347.81775	673.5795	31.014505	701.93933	615.29565	1000.0	1000.0	1000.0	1000.0	1000.0	207999	152.85417	9.937097	173.46506	-76.644264	152.85416	9.935942	185.01067	-95.53373	-4.9862194	1.1317024	24.167467	-13.750418	-153.7687	1.7587129	6753.412645101547
53	681.4691	3.2071884	686.9904	679.2195	707.61847	28.833881	791.1372	683.4871	697.4911	11.808174	707.44464	673.61804	329.68134	57.79525	421.724	270.12134	689.7418	28.835793	708.71875	620.98926	1000.0	1000.0	1000.0	1000.0	1000.0	211999	153.07777	9.993891	173.83841	-66.83834	153.0778	9.986448	179.63033	-47.469063	-4.986062	1.1123734	26.395334	-12.933699	-153.99644	1.705863	6885.476393222809
54	719.5464	27.174545	765.0516	695.70746	725.17126	83.97034	803.30133	561.5485	731.7828	79.862656	805.0961	558.3617	345.92032	73.63679	467.8142	279.79163	748.7819	81.7436	804.3133	577.64825	1000.0	1000.0	1000.0	1000.0	1000.0	215999	153.4081	10.058609	173.21675	-44.43019	153.40794	10.059206	176.72176	-59.733353	-4.9767575	1.1553324	29.976627	-12.368363	-154.33209	1.3782675	7019.644090652466
55	696.8817	22.195395	720.20966	667.4452	756.40814	67.72212	810.3062	586.14813	752.41797	88.81278	900.17737	573.76697	421.7945	18.788424	449.4736	395.1104	739.05145	69.17572	804.15234	589.0248	1000.0	1000.0	1000.0	1000.0	1000.0	219999	153.68951	10.106311	173.7308	-58.741535	153.68951	10.100782	175.05139	-33.674034	-5.0077066	1.1099633	18.505054	-13.628668	-154.61076	1.8999515	7153.860272407532
56	763.994	27.616528	785.60187	717.00323	709.50006	49.79406	803.2359	649.55396	683.7985	49.332863	793.6601	600.3784	358.36664	52.273903	439.45212	277.85455	665.40436	54.54777	747.02905	582.4165	1000.0	1000.0	1000.0	1000.0	1000.0	223999	154.0622	10.0813055	173.88367	-116.23522	154.06216	10.077393	177.01949	-60.61098	-5.0124693	1.0892044	28.869015	-14.91457	-154.99557	1.5500066	7287.648553371429
57	694.2754	64.58494	750.78485	592.2267	578.58496	81.77101	756.6017	512.2853	582.22797	65.40421	712.0303	509.3656	400.3637	62.724976	475.14172	266.50897	609.14594	108.55864	888.4492	515.4912	1000.0	1000.0	1000.0	1000.0	1000.0	227999	154.396	10.051205	174.29137	-47.533592	154.39592	10.051619	197.28304	-40.575558	-5.007081	1.0995221	24.54497	-12.509491	-155.31929	1.3264803	7424.063074827194
58	740.31024	27.761112	773.8864	697.75854	799.1896	93.63562	900.1308	533.6039	824.8605	102.47455	911.81323	538.67596	228.11966	45.993324	292.86505	162.59401	776.4836	83.744194	839.9991	558.2365	1000.0	1000.0	1000.0	1000.0	1000.0	231999	154.69583	10.137411	173.8828	-60.671764	154.6957	10.133499	174.22578	-74.79204	-4.9989343	1.0890886	28.565105	-13.944047	-155.6247	1.653003	7557.913089513779
59	766.7801	32.074245	809.7024	727.1143	674.4119	18.026045	704.4628	642.2561	727.6227	54.120857	799.65216	629.73505	260.21466	38.998608	345.4336	225.64577	700.0755	17.046297	726.9297	672.5402	1000.0	1000.0	1000.0	1000.0	1000.0	235999	155.02422	10.254524	175.17581	0.8229074	155.02415	10.256214	175.60365	-5.5846815	-5.0101566	1.0858049	22.54875	-11.81433	-155.95738	1.5627195	7689.521016120911
60	750.6505	25.915071	784.6773	716.06824	705.10046	61.78213	803.57086	614.7317	700.72687	65.57241	796.1327	601.60266	169.95163	5.6795335	182.15019	162.21631	718.46625	63.037373	798.9209	600.2019	1000.0	1000.0	1000.0	1000.0	1000.0	239999	155.3548	10.275098	175.80635	-80.813034	155.35477	10.2645645	176.6268	-57.49324	-4.998392	1.111488	18.831379	-12.361694	-156.28294	1.5945159	7822.735462665558
61	739.31915	26.203629	783.8882	716.3857	758.771	128.86005	895.29614	584.5581	704.8756	108.07814	830.2918	553.1016	296.78354	36.482685	345.28082	211.20386	795.8878	39.829216	830.1658	718.3404	1000.0	1000.0	1000.0	1000.0	1000.0	243999	155.67921	10.239744	182.87042	-66.980194	155.6792	10.231331	192.05356	-63.59139	-5.005727	1.0875832	21.34475	-12.389759	-156.60713	1.3372521	7964.476714372635
62	755.5497	29.819487	795.24744	716.77106	766.42883	42.182957	815.0877	708.01227	815.5517	72.90809	902.2697	690.2352	509.50684	47.454636	607.5667	437.61472	769.12146	89.22928	898.85614	565.6874	1000.0	1000.0	1000.0	1000.0	1000.0	247999	155.95406	10.395655	176.53943	-50.1216	155.9538	10.396388	189.82906	-31.865225	-5.000461	1.1042941	26.443836	-12.888705	-156.87297	1.5709933	8096.281761407852
63	781.4123	26.415583	804.0129	739.3845	826.7996	59.87615	905.39935	716.12286	793.10114	76.669655	906.17676	709.99414	525.16754	79.86296	607.3811	333.2231	827.34924	58.176426	905.6402	709.04596	1000.0	1000.0	1000.0	1000.0	1000.0	251999	156.27908	10.4697075	176.7327	-68.287605	156.2789	10.464921	185.82898	-44.74703	-4.9786158	1.1349514	25.865383	-13.647356	-157.20969	1.6243061	8229.897310733795
64	743.0695	62.637936	801.8357	645.482	869.00665	59.534386	898.0504	711.9447	868.9453	77.57949	997.4912	693.2651	370.31757	33.518856	409.60938	325.00113	857.28625	40.86504	902.04205	801.63086	1000.0	1000.0	1000.0	1000.0	1000.0	255999	156.59253	10.4867115	179.5246	-58.69793	156.59259	10.4829035	187.18784	-52.569378	-4.9880214	1.1140202	20.821924	-13.650239	-157.52542	1.5010854	8361.539161920547
65	753.64014	18.291977	773.75653	724.2565	882.60596	31.984636	901.66595	807.80975	871.8068	43.366833	902.46234	782.24054	466.71704	54.1016	555.6894	402.27032	851.60486	50.060463	901.0407	771.5448	1000.0	1000.0	1000.0	1000.0	1000.0	259999	156.91678	10.5598345	177.69226	-46.915134	156.91664	10.556029	176.51373	-57.83961	-4.986338	1.1161711	20.992205	-13.204916	-157.85135	1.4828223	8493.73906993866
66	777.7922	41.39769	830.1276	714.8925	682.03406	42.539738	747.15924	598.1799	665.85156	47.31913	740.7043	604.3901	289.10385	22.995205	343.10132	262.8114	649.6149	57.73642	717.66034	576.83124	1000.0	1000.0	1000.0	1000.0	1000.0	263999	157.21361	10.600162	177.51483	-35.365	157.21342	10.59967	178.67908	-68.419556	-4.9936366	1.1134049	18.79871	-14.186999	-158.15306	1.4803947	8626.116046905518
67	747.0805	65.803	793.14087	633.4534	767.0106	42.557507	800.6677	703.0793	772.8593	48.029152	853.37506	703.0317	438.03192	79.070595	529.9456	268.01532	776.5655	38.40516	801.6643	704.2979	1000.0	1000.0	1000.0	1000.0	1000.0	267999	157.37473	10.687943	178.713	-82.29435	157.37485	10.679231	181.0492	-26.838615	-4.9895153	1.1264393	23.444788	-12.717246	-158.31126	1.5091115	8758.991431474686
68	756.489	28.188986	788.0398	716.17175	713.5807	74.099174	810.60315	616.19116	773.8814	65.63862	824.43115	637.3218	172.70332	171.37344	494.75522	6.46618	701.5614	88.17457	810.88367	609.7084	1000.0	1000.0	1000.0	337.8	1000.0	271999	157.69772	10.724112	178.1487	-113.44726	157.69771	10.7193365	180.27174	-23.628754	-4.982806	1.1281017	23.68246	-13.500832	-158.64494	1.4159505	8880.301166772842
69	810.4065	14.310523	830.79285	794.6889	727.1803	83.59475	903.0139	594.0908	735.8149	83.860214	904.77893	603.16425	551.4018	70.176315	683.5327	447.5494	744.34424	73.00708	813.99646	621.9454	1000.0	1000.0	1000.0	1000.0	1000.0	275999	158.02534	10.783238	180.24626	-73.95705	158.0254	10.777421	178.92769	-58.960583	-4.97519	1.1280304	19.615053	-14.529003	-158.9596	1.3935704	9012.813731193542
70	790.16785	45.616295	828.91864	714.4229	724.86633	47.854176	800.5069	646.6217	760.3338	65.87372	897.9397	699.3782	453.55704	30.032185	479.67047	381.1813	745.5223	66.32158	895.9885	676.6961	1000.0	1000.0	1000.0	1000.0	1000.0	279999	158.27414	10.932376	179.72374	-78.28546	158.27405	10.9259615	177.87389	-49.15966	-4.9871435	1.1125206	27.621922	-12.518272	-159.21382	1.4083492	9147.286947488785
71	782.1244	25.548756	815.33844	748.74365	852.4678	94.482544	994.9162	652.3306	857.5796	62.025047	942.8142	713.29407	447.23926	11.113692	459.398	424.84003	849.3384	86.23912	996.095	708.6573	1000.0	1000.0	1000.0	1000.0	1000.0	283999	158.5272	11.000703	180.29483	-34.33368	158.52702	10.998428	178.03723	-17.321543	-4.979635	1.1173338	21.079731	-13.330967	-159.47641	1.2471102	9278.430179595947
72	778.2486	38.980873	818.27893	729.7723	822.01483	88.70548	904.56445	589.5727	859.645	111.262314	996.92865	606.25195	436.61923	67.37605	503.63873	269.03973	832.36365	82.14604	947.4356	623.5712	1000.0	1000.0	1000.0	1000.0	1000.0	287999	158.90189	10.960644	180.11646	-55.469673	158.90202	10.962109	178.79451	-34.267735	-4.9845533	1.1211271	29.643044	-14.720351	-159.84398	1.136125	9409.07435464859
73	811.10803	14.370274	833.6901	793.7483	893.60547	80.55993	992.3799	791.7817	905.43604	74.93579	996.87775	742.3821	454.53125	76.03627	578.23615	347.4856	899.3491	76.34298	992.1209	711.3457	1000.0	1000.0	1000.0	1000.0	1000.0	291999	159.12575	11.110481	178.9185	-26.282047	159.12569	11.104698	183.97958	-4.865445	-4.9638214	1.1515889	16.93936	-12.508848	-160.06497	1.5664905	9540.52798819542
74	810.4723	23.58909	837.8088	773.52783	884.8825	29.019112	899.1014	800.00464	879.2081	42.18078	954.1069	796.34656	526.4535	45.065186	590.66833	450.0082	879.06287	41.902107	950.2605	801.7257	1000.0	1000.0	1000.0	1000.0	1000.0	295999	159.37283	11.19203	180.35777	-43.232395	159.3728	11.1831255	180.09494	-36.866535	-4.9774513	1.1339849	18.73364	-13.346652	-160.31297	1.3866619	9673.074838638306
75	799.08545	9.640914	805.4305	782.4115	786.6644	60.42605	829.7028	609.43243	818.7531	48.674706	888.5618	709.0097	477.34552	64.26819	593.44824	376.8182	811.5419	91.11759	990.8116	662.38477	1000.0	1000.0	1000.0	1000.0	1000.0	299999	159.62341	11.19273	181.72833	-60.19117	159.62325	11.189603	179.05042	-24.771734	-4.973535	1.1291766	18.710602	-12.501205	-160.56274	1.3854746	9804.815315008163
76	811.0311	7.1375623	819.1517	799.7475	837.17737	53.519054	911.1344	775.51764	832.75916	62.663025	925.00586	712.3849	433.42426	42.071503	483.8553	389.23386	806.3727	67.60053	898.76953	703.8667	1000.0	1000.0	1000.0	1000.0	1000.0	303999	159.92874	11.256704	180.24446	-82.91091	159.92873	11.25383	179.78336	-54.240643	-4.9693456	1.1346599	23.730993	-13.675724	-160.87901	1.3589855	9940.51852440834
77	822.72095	31.050444	843.36115	769.03436	793.2246	9.961931	800.44257	767.61066	796.70776	40.78657	894.44763	717.0723	515.8878	41.660053	581.7099	462.63687	785.697	20.097794	802.989	729.3785	1000.0	1000.0	1000.0	1000.0	1000.0	307999	160.16817	11.359605	180.83397	-30.33238	160.16805	11.360732	181.42552	-81.16265	-4.9517126	1.1520635	19.117498	-12.05501	-161.10878	1.5403434	10072.369597434998
78	821.6048	3.8548923	824.7781	815.14435	839.26514	99.984215	996.6203	739.12964	864.91516	90.168655	999.09906	716.51917	563.678	25.21153	589.3113	511.59512	858.79736	129.53711	1000.09216	625.8084	1000.0	1000.0	1000.0	1000.0	1000.0	311999	160.43927	11.446395	181.13159	-73.795135	160.43907	11.441487	181.43436	-39.33063	-4.9465957	1.1806785	18.854713	-12.697007	-161.37991	1.5516765	10204.746279001236
79	815.2688	51.863323	846.3033	725.4464	765.0678	93.63518	961.88306	629.92993	741.7024	132.7428	889.7956	433.39282	639.6311	130.21608	860.294	487.6792	722.8573	93.80004	904.4868	586.7262	1000.0	1000.0	1000.0	1000.0	1000.0	315999	160.67082	11.591703	182.06752	-51.769882	160.67087	11.580104	181.59248	1.1387786	-4.9542384	1.1470184	19.809736	-12.80276	-161.60765	1.4748592	10339.140157461166
80	822.71027	12.567308	840.3216	807.2964	822.4051	36.519756	902.7976	754.7604	838.1287	74.29939	900.22656	685.72906	580.9154	28.751186	630.3681	543.39417	869.1616	71.53848	995.1604	802.1188	1000.0	1000.0	1000.0	1000.0	1000.0	319999	160.93301	11.6120405	182.18742	-7.8294353	160.93301	11.610501	181.70747	8.669212	-4.9571815	1.1459941	26.565008	-12.90422	-161.88063	1.1401538	10470.663677692413
81	820.623	10.955125	838.7246	810.9756	844.3698	37.491486	904.7	810.5685	818.3404	57.588512	897.95544	690.3778	559.76874	50.220135	627.3208	494.78964	807.16113	21.597366	854.8645	772.46014	1000.0	1000.0	1000.0	1000.0	1000.0	323999	161.19691	11.723083	181.66696	-70.82981	161.19685	11.713299	181.68166	-26.527294	-4.95231	1.1396259	27.760532	-12.514181	-162.13385	1.2827334	10602.558476686478
82	819.93616	25.144588	839.25116	776.70447	855.49384	48.924137	921.2242	777.75055	875.93964	33.211246	898.38635	801.06433	645.4811	82.55357	775.2026	524.788	836.74255	42.330273	897.28656	753.25726	1000.0	1000.0	1000.0	1000.0	1000.0	327999	161.51962	11.758083	182.15256	-21.909792	161.51949	11.762328	182.04063	-76.948746	-4.9647284	1.1286505	21.243597	-12.909519	-162.47267	1.2467388	10735.159944295883
83	833.26996	13.6501045	853.47437	815.10205	796.7224	104.5773	997.26685	661.4285	870.24036	90.58885	997.35645	646.52875	709.6798	65.27612	861.1125	643.922	817.49786	116.47296	973.53827	603.7826	1000.0	1000.0	1000.0	1000.0	1000.0	331999	161.77628	11.839427	183.97295	-45.449287	161.77623	11.832343	183.10832	-59.55172	-4.935967	1.1690652	23.699402	-13.28065	-162.72134	1.5845748	10869.931323766708
84	845.65295	8.332913	858.4594	835.2908	852.38837	93.11522	998.8334	696.4441	862.5775	117.4157	1000.93964	699.5217	443.2348	38.949944	483.21417	389.1283	834.63165	72.759285	987.12195	755.9936	1000.0	1000.0	1000.0	1000.0	1000.0	335999	162.01909	11.904104	183.83522	-36.14777	162.019	11.902656	185.43214	-50.931183	-4.939546	1.1594815	23.292015	-12.833889	-162.96794	1.0852141	11000.648056983948
85	835.7796	26.455873	859.32214	792.1652	783.99786	74.80354	904.41547	656.0843	900.9764	70.67764	1001.35944	762.63293	583.0619	44.79445	680.2549	519.2225	842.10535	119.28132	999.6206	653.0284	1000.0	1000.0	1000.0	1000.0	1000.0	339999	162.26389	11.9	183.07095	-13.798848	162.26385	11.899906	182.86327	4.2142267	-4.931496	1.1685196	23.546629	-13.532367	-163.22218	1.153115	11132.578168153763
86	848.2778	14.1517315	870.6994	833.24615	875.9113	56.192043	995.4435	793.30444	836.43164	65.35392	962.77325	749.2978	318.76898	64.22694	461.84415	207.44815	844.94727	50.440865	971.31165	803.4884	1000.0	1000.0	1000.0	1000.0	1000.0	343999	162.47342	12.008989	183.30753	-64.68669	162.4733	12.007162	182.70088	-43.94405	-4.926995	1.178861	26.938166	-12.218531	-163.41638	1.496975	11270.11084151268
87	811.0359	29.44924	855.0158	775.2855	776.22595	51.35088	825.6204	667.36505	804.39795	26.61655	875.80975	775.5935	444.1547	48.74501	518.207	332.1526	794.70294	64.51226	908.79816	669.53485	1000.0	1000.0	1000.0	1000.0	1000.0	347999	162.70172	12.108559	183.6457	-43.80179	162.7017	12.10322	195.00542	-89.86326	-4.917795	1.1959188	18.011929	-12.851746	-163.64885	1.4029324	11402.289548158646
88	828.32336	23.204817	848.9713	789.97595	827.13196	75.90317	966.29517	740.5418	856.0877	51.982254	930.4058	771.3603	541.21954	26.773357	575.3632	491.19952	810.8764	71.45025	910.55334	709.7293	1000.0	1000.0	1000.0	1000.0	1000.0	351999	162.95291	12.090621	183.64322	-21.069868	162.95273	12.089582	184.29417	-54.085724	-4.923476	1.1834193	19.704132	-12.663601	-163.90854	1.2072455	11533.474157333374
89	840.6981	16.61115	861.50757	816.89526	859.33185	54.27719	904.2292	715.13416	887.2386	52.098797	1002.0763	796.29596	432.19928	72.87742	530.91876	329.26965	889.5675	21.61727	907.8066	834.58105	1000.0	1000.0	1000.0	1000.0	1000.0	355999	163.25317	12.059697	183.27484	-49.899548	163.25311	12.057287	183.27888	-1.1896387	-4.9540677	1.1309131	19.56351	-14.575588	-164.20357	1.2262077	11670.611325740814
90	841.6729	31.21642	870.4423	794.577	863.64307	48.526222	946.83356	804.78625	870.19666	52.172096	960.307	805.0515	481.08383	49.70235	540.73444	349.80865	857.3328	43.72464	900.33777	782.39453	1000.0	1000.0	1000.0	1000.0	1000.0	359999	163.48177	12.058876	184.14644	-53.735867	163.48177	12.050787	182.85924	-21.83488	-4.9460135	1.1397842	24.798279	-13.179863	-164.4373	1.1797601	11807.765872240067
91	848.30115	9.864682	857.7098	832.10583	901.9271	59.81282	998.00867	823.4221	859.1873	59.70384	955.4244	751.9794	609.62427	24.522415	654.6383	566.8332	886.21844	61.46545	999.6443	807.55444	1000.0	1000.0	1000.0	1000.0	1000.0	363999	163.68102	12.014592	184.78171	-52.54155	163.68091	12.012855	184.27121	-45.26622	-4.9531684	1.1416736	25.31231	-14.078474	-164.6334	1.1269028	11944.466488599777
92	848.2599	6.365781	854.42596	838.79895	875.9175	74.955986	996.9743	794.8377	877.42804	76.35816	999.4617	745.6478	387.94574	49.48195	447.79648	281.40582	907.3499	89.723976	998.1829	776.9843	1000.0	1000.0	1000.0	1000.0	1000.0	367999	163.84315	12.17742	184.6003	-83.580765	163.84328	12.171714	184.45058	-58.865242	-4.91738	1.1818097	26.27375	-14.650629	-164.79362	1.4168	12080.452029466629
93	818.1166	49.51125	870.6414	738.2539	986.4119	29.356068	997.0093	898.3609	954.04443	43.279285	996.52185	894.3304	399.67474	92.29397	501.60205	199.9478	979.8407	29.568295	997.3135	901.7607	1000.0	1000.0	1000.0	978.3	1000.0	371999	164.01614	12.228831	183.99274	-50.128696	164.01607	12.227036	184.2265	-80.39515	-4.93996	1.1491605	19.394499	-13.951675	-164.97296	1.1668978	12215.984748840332
94	842.3017	14.223419	858.35645	821.2815	924.35175	63.009975	994.6017	803.59076	876.98944	71.67434	993.43146	722.98254	349.80884	37.173462	414.2655	279.7431	927.5262	64.41421	996.9989	802.0645	1000.0	1000.0	1000.0	1000.0	1000.0	375999	164.19801	12.304344	184.02075	-54.578323	164.1981	12.3011875	184.58224	-32.812786	-4.9273014	1.175674	26.990889	-13.223122	-165.15855	1.1390395	12352.791329145432
95	831.8095	16.355377	857.3918	814.0409	916.5084	28.045055	992.9753	891.49976	879.8914	45.984295	930.07214	779.5018	458.6834	31.422884	523.6162	424.43332	819.3366	40.878128	901.4234	753.0828	1000.0	1000.0	1000.0	1000.0	1000.0	379999	164.4101	12.302322	184.86385	-50.706306	164.40999	12.301352	184.54962	-3.8758285	-4.921769	1.1576259	17.28654	-13.290894	-165.37485	1.3166338	12491.23727798462
96	866.98663	9.21629	875.6877	852.16583	932.21436	51.935806	996.6643	842.2581	947.70135	50.639385	995.9111	855.422	431.4987	36.158962	493.51013	377.504	909.55536	54.368694	995.3815	807.1078	1000.0	1000.0	1000.0	1000.0	1000.0	383999	164.5073	12.448835	185.69885	-47.990135	164.50742	12.441413	184.91658	-54.37316	-4.9319057	1.1700348	28.273792	-11.807102	-165.44826	1.2697185	12626.497702360153
97	853.1986	5.3451724	862.2038	848.5968	861.0529	42.997726	906.18933	791.4313	889.8419	64.02882	998.4869	780.18713	347.54657	54.1199	415.2372	230.70937	909.97675	65.65224	999.0835	818.0585	1000.0	1000.0	1000.0	890.9	1000.0	387999	164.64233	12.506937	185.05576	-58.980602	164.64223	12.50196	185.08963	-43.217648	-4.9262743	1.1747231	25.899271	-12.598131	-165.58325	1.3270828	12763.52276301384
98	840.7835	38.793915	871.49615	775.90155	973.24084	33.765396	995.61566	897.12256	946.8198	67.78144	994.769	819.67053	145.62769	122.996506	301.89017	35.919052	943.4318	70.72419	995.0305	793.97015	1000.0	1000.0	1000.0	469.4	1000.0	391999	164.7826	12.512378	185.19588	-48.84873	164.78258	12.510277	185.17145	-2.5281663	-4.9284062	1.1598092	24.249119	-14.277979	-165.73148	1.0230323	12891.2558324337
99	868.9302	11.696055	887.8358	858.1721	884.7074	30.477848	899.58057	795.07745	848.92126	52.501225	899.80884	758.7833	397.01535	11.037489	420.20065	386.08392	927.5295	43.140457	997.5833	883.07526	1000.0	1000.0	1000.0	1000.0	1000.0	395999	164.94063	12.452617	185.48056	-56.099262	164.94063	12.447733	190.8326	4.535319	-4.9239473	1.1781685	63.92049	-13.944146	-165.89351	1.3023503	13028.545545101166
100	839.4064	10.58907	850.5607	824.9428	913.4523	57.24864	998.0628	808.9832	891.11395	67.02527	996.9691	805.0513	418.6503	72.45322	519.2669	309.1845	876.194	79.81724	997.8722	723.56946	1000.0	1000.0	1000.0	1000.0	1000.0	399999	165.14221	12.403355	185.4307	-47.372303	165.14227	12.40008	185.64484	-35.91099	-4.91584	1.1762985	27.177608	-13.304083	-166.10733	1.1731863	13163.638816833496
