Epoch	AverageEpRet	StdEpRet	MaxEpRet	MinEpRet	AverageTestEpRet	StdTestEpRet	MaxTestEpRet	MinTestEpRet	AverageTransferEpRet	StdTransferEpRet	MaxTransferEpRet	MinTransferEpRet	AverageRandomEpRet	StdRandomEpRet	MaxRandomEpRet	MinRandomEpRet	EpLen	TestEpLen	TransferEpLen	RandomEpLen	TotalEnvInteracts	AverageQ1Vals	StdQ1Vals	MaxQ1Vals	MinQ1Vals	AverageQ2Vals	StdQ2Vals	MaxQ2Vals	MinQ2Vals	AverageLogPi	StdLogPi	MaxLogPi	MinLogPi	LossPi	LossQ	Time
1	16.848816	3.4740303	29.71124	9.702845	55.147175	16.71271	83.12308	18.685646	54.242817	14.508785	72.1101	21.525185	53.313427	15.527668	73.566444	30.32622	14.30466	59.3	63.1	63.2	3999	11.313577	7.110595	27.381756	-1.7014469	11.314671	7.10864	27.352917	-2.0054796	-2.726063	1.7876676	12.0359125	-12.319988	-12.60132	0.51343936	47.91303253173828
2	16.818876	3.2103786	30.676506	11.272727	63.918068	20.590446	88.405815	17.426273	31.467808	12.434025	57.40341	19.718517	56.164837	21.20356	84.164505	20.326935	14.231317	62.1	38.5	54.8	7999	28.380365	12.529451	49.001186	-6.219517	28.380655	12.52653	48.800262	-6.4254565	-1.55577	3.352313	21.677155	-14.820159	-31.007914	1.7776732	109.00417995452881
3	23.019281	16.175428	99.59682	10.244827	61.522655	19.504705	103.72154	27.800787	57.25583	12.526195	68.354935	29.610237	46.544353	22.039515	101.07359	26.559252	21.142076	57.9	54.5	63.8	11999	49.407516	19.10209	98.12264	-14.003063	49.406906	19.10597	96.93005	-32.245323	-0.16940938	4.2160244	33.629444	-12.763411	-53.628647	10.385826	170.58755540847778
4	66.35307	25.143967	142.59357	15.472439	91.42803	17.901018	127.26257	60.453205	85.85779	9.997502	110.79407	73.45233	88.03132	17.48418	120.876976	57.417007	76.09259	78.6	69.2	75.7	15999	61.43104	23.088829	89.80709	-26.561874	61.4303	23.090364	91.91485	-20.91688	-0.2339177	4.1798134	28.089	-13.746733	-65.34893	12.671877	234.88536620140076
5	81.55665	21.334558	135.20558	25.325123	131.50021	187.83199	689.9485	35.273094	161.94147	211.70186	791.9058	66.57627	71.96767	22.290976	110.78429	40.986347	79.5	179.1	202.9	85.4	19999	64.22214	26.385303	101.79522	-19.746794	64.2204	26.391676	99.42051	-20.341787	-0.5507304	4.1015334	26.693354	-13.353127	-67.60896	9.643814	300.97669100761414
6	74.456276	22.55334	123.93503	19.918886	105.97905	55.135193	256.40955	43.706734	100.80922	28.957743	135.61559	34.56461	134.51212	57.23332	263.52902	85.62226	87.21739	103.8	89.3	124.5	23999	63.72066	28.818224	99.09362	-26.851147	63.719925	28.822435	99.799995	-20.97589	-0.5439552	3.6793947	37.32903	-15.974887	-66.673965	9.970739	376.9613666534424
7	76.035065	35.08136	170.61711	16.646837	226.74773	302.02975	893.1316	35.7777	118.039444	224.37257	788.796	24.565565	125.82167	223.29504	788.00085	25.53559	110.77778	294.9	179.6	183.1	27999	63.12132	30.518236	97.15467	-27.266243	63.12059	30.522608	102.03775	-22.837116	-0.9064305	3.5315037	36.624443	-12.746553	-65.80665	10.733057	446.6345250606537
8	76.929985	41.742058	189.1594	20.372704	187.71402	49.573093	295.7943	118.60706	101.21341	43.286304	168.17744	23.708517	251.28813	191.55486	759.1279	100.65354	131.5	226.4	147.5	327.6	31999	62.055103	30.510101	98.686386	-24.978838	62.055984	30.50974	98.06329	-29.777521	-0.8871776	3.3463986	31.293383	-13.623968	-64.37179	12.712662	516.2245512008667
9	116.916725	57.120155	238.73322	34.724655	149.20647	72.28071	289.9843	39.54028	285.22528	310.93497	899.5367	45.835365	267.16986	162.79112	522.041	76.43909	191.73685	211.6	355.4	414.4	35999	61.10995	30.262955	97.3908	-37.95216	61.10964	30.263374	97.22653	-35.408257	-0.77272516	3.2424674	31.491884	-13.807962	-63.247704	14.5042515	589.8744401931763
10	220.6918	146.6058	534.0964	29.483189	339.1593	317.58136	889.3816	106.56346	389.76367	320.93527	892.48175	82.48062	251.38437	240.1168	823.1225	91.9552	388.81818	442.6	492.4	356.5	39999	62.19148	29.807766	105.63131	-22.053131	62.192516	29.808079	108.973656	-26.996305	-0.7668571	3.2716365	31.02615	-14.445255	-64.19523	15.099272	667.3245766162872
11	184.94841	141.2891	574.78705	43.07449	470.57086	271.6387	792.24725	113.72001	403.3391	252.2825	795.735	108.429085	481.89233	279.7382	789.9337	114.48138	319.3846	645.7	555.7	659.5	43999	63.99867	29.486889	105.63358	-31.75378	63.99767	29.488987	106.78338	-24.427351	-0.7644603	3.100219	33.30959	-13.507954	-65.89935	15.877558	752.4395840167999
12	133.333	75.750084	330.9346	21.67811	203.99751	68.139	361.90585	73.064064	211.94925	205.05702	677.70526	54.184055	281.5265	246.27974	907.22833	73.3456	208.26315	273.6	303.8	322.8	47999	65.91237	29.367676	98.477165	-20.643436	65.91262	29.36753	98.64487	-23.231539	-0.85787135	3.0617666	27.324162	-13.816111	-67.69959	16.054354	825.9420871734619
13	171.52618	105.09765	464.46658	30.93348	523.908	351.14526	889.3998	23.021044	430.74747	305.80246	885.24274	48.678986	680.099	217.1562	882.04535	195.83058	224.375	644.8	512.9	810.8	51999	67.02418	29.87236	109.95189	-24.413488	67.02386	29.873318	111.8518	-25.219759	-0.8965786	3.039916	33.985878	-13.043742	-68.70086	16.538555	912.8743708133698
14	317.80545	155.56871	617.0979	106.187065	720.57874	281.7327	895.13855	161.05869	586.2494	356.51004	899.11804	131.16112	571.7086	274.56696	886.6385	110.41394	456.77777	843.2	654.0	707.5	55999	68.68554	30.18426	115.40165	-27.314684	68.68545	30.184465	119.41078	-22.1066	-0.9538609	3.0978453	29.15915	-14.464412	-70.31966	14.903311	1002.8373939990997
15	329.10117	179.77992	637.5785	100.62275	521.4303	276.77203	796.2909	165.6941	543.56744	276.75552	799.4855	154.90361	500.76816	281.67587	793.8578	156.4852	478.5	644.5	691.3	626.6	59999	71.21174	30.014982	114.31009	-23.055515	71.21101	30.017807	118.58656	-24.623062	-1.1253023	3.0531204	31.857597	-12.199458	-72.82664	12.18178	1090.8058943748474
16	553.9691	50.18313	592.5027	469.7019	349.8189	188.2637	797.16785	116.39128	403.21536	240.5802	834.8774	127.76533	403.37042	174.48898	697.29755	138.87495	896.0	409.2	502.5	488.7	63999	73.95349	29.790445	118.73975	-23.055185	73.95331	29.791704	124.74431	-22.71634	-1.296679	3.0156274	31.40002	-14.480074	-75.48187	10.274016	1170.5922286510468
17	468.75146	218.93443	650.3267	139.86584	647.4152	146.3148	726.6892	210.01195	692.4751	138.36568	785.97125	289.76358	584.00256	242.364	772.1359	207.7919	728.8333	919.0	931.1	763.9	67999	76.24887	29.77268	110.04324	-41.170853	76.249	29.772356	114.15996	-28.590637	-1.312345	2.968353	29.322119	-14.355478	-77.75692	9.51746	1266.8905193805695
18	413.8462	206.30046	622.2098	80.888664	598.2811	222.16797	876.54504	308.99042	489.2771	228.246	869.6161	272.71594	567.0856	263.83804	803.1156	81.46516	569.625	711.4	555.5	719.5	71999	78.73907	29.5794	111.07483	-22.995964	78.73818	29.581537	113.63643	-27.81195	-1.3413688	2.9969592	30.034742	-15.280966	-80.22108	8.460128	1354.3971571922302
19	345.2165	243.76584	648.4123	73.05838	660.3879	290.72272	897.28784	152.81516	649.16394	239.6005	897.2834	303.12662	744.3782	206.33917	894.4241	242.40988	532.5714	769.6	753.8	873.2	75999	80.64227	29.695711	108.79327	-35.419476	80.6416	29.69723	110.654205	-25.464687	-1.371114	2.9152796	24.522236	-14.394329	-82.08267	8.200695	1447.4004514217377
20	581.3853	170.95905	676.76843	240.04391	876.0576	33.251427	900.1804	800.3471	590.4398	302.79703	898.16833	108.797195	729.95654	274.40207	885.54205	165.48369	857.4	1000.0	705.8	837.5	79999	83.116905	29.592344	110.136246	-39.192204	83.11691	29.593414	108.87003	-33.216064	-1.402728	2.9253364	28.878767	-16.072485	-84.55579	7.7886395	1542.9536192417145
21	449.24713	247.00023	706.84174	81.95042	874.83093	28.050095	897.65424	816.06433	743.0487	209.70029	893.63196	226.64368	853.7904	21.160984	885.2981	808.1253	694.2	1000.0	876.2	1000.0	83999	85.41013	29.655998	110.25222	-22.01579	85.41024	29.65521	110.50208	-26.336521	-1.4993929	2.8864267	26.018215	-14.512111	-86.7937	7.766783	1642.1548790931702
22	652.4252	11.919939	669.2343	635.73486	798.1771	25.438332	840.2272	750.0803	585.9762	324.50137	855.4107	28.960835	639.1343	212.3327	752.28394	27.155922	1000.0	1000.0	755.0	885.5	87999	87.36292	29.72741	111.892105	-39.355297	87.36315	29.726233	112.59847	-44.52076	-1.5237708	2.8720362	31.0041	-13.715045	-88.73088	7.3097296	1738.1221239566803
23	539.2534	204.90854	662.539	131.19395	876.80975	30.218908	896.55145	797.0403	876.8591	25.58685	896.4951	813.77606	872.2477	14.083001	890.50586	841.8743	846.8	1000.0	1000.0	1000.0	91999	89.18736	29.7442	113.087425	-39.766457	89.18686	29.744242	113.41632	-37.341534	-1.5838114	2.8581893	30.74021	-15.0795355	-90.55806	7.410286	1840.211020231247
24	706.88245	76.260414	838.4278	655.15344	797.61395	178.85324	897.8112	277.83533	839.18427	135.98305	896.44794	440.7323	860.86145	40.335556	896.64703	796.1133	1000.0	928.0	950.1	1000.0	95999	91.19995	29.381365	114.340836	-26.197256	91.19935	29.381945	115.22496	-29.78822	-1.5304478	2.882816	31.81485	-13.6984625	-92.53726	7.2444434	1939.7425236701965
25	681.32135	24.11083	722.3977	660.56256	548.32733	341.02496	904.6165	145.39104	423.0144	283.87247	887.01086	170.14583	413.13623	266.13345	897.29755	138.3126	1000.0	609.2	479.8	448.6	99999	92.70082	29.387934	117.81068	-33.0672	92.70048	29.388311	124.30346	-47.289246	-1.5530736	2.8875356	28.540525	-12.679139	-94.006004	7.207667	2021.0547225475311
26	656.05475	77.60273	719.14594	528.90796	801.90796	205.39482	893.2586	187.75879	836.2538	35.54205	893.4416	793.28406	865.4171	17.14166	889.3909	828.53265	868.75	919.4	1000.0	1000.0	103999	94.28773	29.166012	121.93495	-31.106352	94.28762	29.165977	130.81328	-26.659443	-1.5772903	2.8131993	32.261868	-16.182962	-95.564926	7.036038	2121.714375257492
27	692.5534	38.46275	724.48737	616.84064	886.07697	29.542753	897.1744	797.4922	848.67303	47.241573	898.269	798.4019	868.7943	39.92287	894.4883	791.52014	950.0	1000.0	1000.0	1000.0	107999	95.75094	29.04508	122.37562	-40.72062	95.75048	29.046343	123.610306	-34.855137	-1.5731074	2.7478952	25.108727	-14.219617	-97.019684	6.9468603	2222.8365573883057
28	636.6035	232.15106	864.30963	248.65768	886.63007	29.236172	898.0222	798.98364	883.89026	29.062515	897.169	797.1287	859.3084	22.88277	890.859	829.55225	826.0	1000.0	1000.0	1000.0	111999	96.88044	28.947008	129.58626	-23.21942	96.88033	28.947863	133.04692	-32.702255	-1.644675	2.7615497	25.957458	-16.927591	-98.09772	6.4741464	2324.042974948883
29	737.2331	40.218433	805.9402	706.7291	876.5632	37.007793	897.60944	797.6249	855.68494	46.967026	896.6408	795.30914	878.1294	17.850777	890.1514	826.1926	1000.0	1000.0	1000.0	1000.0	115999	97.97979	28.768934	134.15186	-57.437622	97.98	28.769749	130.7065	-35.249443	-1.6410197	2.7465384	24.7916	-14.283247	-99.19822	6.3344655	2426.022076845169
30	647.4407	148.20433	739.0072	352.32532	889.2794	9.315781	896.6537	862.47815	868.2047	37.11748	895.7503	795.5644	867.65674	9.653082	877.2135	849.1552	890.0	1000.0	1000.0	1000.0	119999	99.3307	28.337973	127.054825	-46.748344	99.33049	28.337095	131.8017	-27.637346	-1.6759536	2.7223523	23.96963	-13.647301	-100.51745	6.6178484	2527.8360662460327
31	720.4448	9.361522	729.2002	704.6708	885.98035	28.054646	897.6318	802.0933	864.772	46.2071	897.8289	793.7843	879.9725	31.60545	893.8379	785.5742	1000.0	1000.0	1000.0	1000.0	123999	100.36234	28.271904	129.25533	-43.667187	100.36233	28.270157	129.49469	-53.534637	-1.7114222	2.6784518	29.499418	-15.413969	-101.529045	6.1197023	2629.4433450698853
32	724.74255	16.358278	742.90265	706.0884	882.2326	29.01816	896.4291	796.45636	867.8836	40.561203	895.53467	793.62714	866.11926	29.913406	890.86346	795.7482	1000.0	1000.0	1000.0	1000.0	127999	101.3371	28.31724	133.457	-30.269726	101.33718	28.318552	134.41637	-33.802048	-1.7099369	2.679616	28.896988	-14.987518	-102.49411	6.286948	2731.3979365825653
33	740.68414	3.2519715	746.2039	737.9873	892.83264	7.431075	898.7799	870.9863	873.5905	40.12827	895.65076	792.0655	867.88556	26.45889	890.7926	800.9521	1000.0	1000.0	1000.0	1000.0	131999	102.38856	28.38488	147.57019	-31.58666	102.38838	28.384613	150.00598	-38.562572	-1.7783877	2.6087666	24.63544	-13.562561	-103.53158	6.157872	2833.491103410721
34	739.1959	8.389403	751.2783	729.5071	894.9209	1.6784682	896.5467	891.576	874.67303	40.74875	898.1686	789.40564	857.7069	44.67127	894.30347	789.499	1000.0	1000.0	1000.0	1000.0	135999	103.69678	28.04261	155.29018	-33.644913	103.69665	28.042492	157.47807	-30.79332	-1.7950469	2.6360724	28.46461	-14.245921	-104.83102	5.843927	2935.235125541687
35	749.4779	14.113234	769.4449	731.9677	884.8164	30.089695	899.1671	794.8443	873.1113	37.61429	900.0773	796.0269	881.2453	30.957483	897.11993	790.37537	1000.0	1000.0	1000.0	1000.0	139999	104.96792	27.81938	150.59137	-24.742924	104.96813	27.82033	147.02693	-41.169525	-1.8430619	2.6515245	32.540344	-14.867485	-106.099	5.8006444	3038.3259954452515
36	752.8782	21.356117	788.13495	731.21497	896.26874	2.0436661	899.2615	891.1342	886.03534	29.632303	900.6726	797.7696	894.8473	2.8455622	899.9359	890.4275	1000.0	1000.0	1000.0	1000.0	143999	106.10117	27.619085	149.3439	-43.642685	106.10049	27.621727	152.19772	-51.249466	-1.8833909	2.6618478	28.127672	-13.187945	-107.21327	5.8741064	3139.7800850868225
37	762.5244	19.424297	785.4769	732.6934	885.1243	32.197445	897.44745	788.6044	896.41296	2.8909273	900.9764	892.309	844.896	48.505116	895.81647	794.6037	1000.0	1000.0	1000.0	1000.0	147999	107.18299	27.24355	159.11029	-28.267282	107.18312	27.244696	172.6686	-32.938683	-1.8499429	2.6921723	38.2505	-14.845249	-108.31948	6.081929	3242.658103942871
38	85.5485	147.55196	771.0029	1.8857496	579.6228	361.5876	899.82733	111.82555	569.334	368.27872	897.75	98.725	768.184	222.81758	890.96094	123.485085	126.064514	650.8	641.8	884.0	151999	117.62736	33.833317	194.09724	-37.30828	117.62811	33.832428	200.90604	-26.804712	0.686103	4.412468	50.768276	-12.719663	-121.20097	17.259926	3334.125199317932
39	580.82275	144.4307	699.98694	313.1134	745.9207	113.32278	887.854	626.5911	741.1113	84.86561	893.9549	654.00824	661.4448	42.637596	770.317	617.19775	860.2	1000.0	1000.0	1000.0	155999	155.88348	44.685997	195.83347	-37.96363	155.88316	44.682816	194.64525	-29.875715	0.11130525	3.0498724	34.361473	-13.989916	-157.93394	17.927956	3436.2895953655243
40	641.10626	27.762096	677.7601	606.44855	764.2249	103.065186	890.10016	600.3725	615.1081	186.50912	810.52106	97.255066	668.53577	77.25208	839.86914	573.2582	1000.0	1000.0	920.4	1000.0	159999	150.27213	41.834137	182.68724	-35.461178	150.27267	41.83032	184.15417	-42.35351	-1.3378805	2.9462652	28.276901	-15.191508	-151.674	14.411863	3537.198616504669
41	578.89856	262.50726	756.2327	125.88911	899.13635	2.2508311	902.8126	895.26575	879.0033	40.580856	902.2757	795.71954	894.3546	4.17561	898.8621	884.3474	806.0	1000.0	1000.0	1000.0	163999	143.44914	38.63754	173.86166	-44.493027	143.44794	38.63825	170.7242	-29.556189	-1.5943179	2.9631796	28.723074	-14.891522	-144.74936	11.520791	3641.2388463020325
42	760.0215	23.040855	798.2877	738.6844	849.6058	43.857018	897.0692	795.9803	845.0164	46.961483	897.5289	796.35345	875.34686	29.652306	895.03357	795.7123	1000.0	1000.0	1000.0	1000.0	167999	137.44833	36.220787	163.84074	-71.66535	137.4483	36.22123	162.7532	-38.434914	-1.7487261	2.8560452	30.322926	-14.304905	-138.68156	9.860965	3744.3130054473877
43	746.14355	9.887666	756.94934	730.1782	882.0672	32.269646	900.2933	794.49945	886.0228	29.389133	900.0957	798.30865	884.6034	32.095	898.5541	788.60596	1000.0	1000.0	1000.0	1000.0	171999	132.76929	33.65122	156.94273	-46.542816	132.7694	33.651695	156.64328	-35.78486	-1.7863673	2.8037353	32.44303	-13.604383	-133.96567	8.961156	3847.5238540172577
44	750.52344	19.325777	765.1806	717.2814	885.74756	30.676914	899.57776	793.88696	865.20654	46.809673	898.5878	790.7684	885.2069	28.974	896.3227	798.3876	1000.0	1000.0	1000.0	1000.0	175999	128.90488	31.567293	152.1977	-43.21052	128.90459	31.56933	150.26196	-41.671333	-1.8349192	2.7451794	30.301308	-15.386864	-130.0368	8.68516	3950.9582991600037
45	785.6509	29.462109	829.3633	757.9086	856.02783	44.54215	896.047	798.00964	751.5154	202.7486	896.3006	154.1493	825.3418	41.248672	892.30634	794.44354	1000.0	1000.0	922.2	1000.0	179999	125.3602	30.24393	146.48576	-34.99198	125.36052	30.24497	145.21591	-34.589695	-1.8267078	2.6973472	32.74585	-12.736637	-126.44453	7.704162	4054.019106388092
46	745.5117	47.50604	777.90436	653.3247	886.7697	29.605888	900.5715	798.3482	887.5638	30.08693	901.3009	797.4805	874.3914	39.918148	897.68	792.4628	975.0	1000.0	1000.0	1000.0	183999	122.92228	28.967821	148.50432	-88.438484	122.9218	28.968113	149.33899	-79.445724	-1.8665774	2.6553178	31.094248	-13.636896	-123.9799	7.014289	4157.201107263565
47	752.13574	23.546778	788.8939	725.2862	876.6043	38.951653	897.48016	798.716	886.8248	29.152525	898.216	799.40454	883.2874	29.60787	896.5455	794.7561	1000.0	1000.0	1000.0	1000.0	187999	120.73499	28.001348	148.54645	-37.425266	120.73479	28.002428	149.56982	-54.114082	-1.8981655	2.6004868	27.802402	-13.557476	-121.76288	6.800959	4259.735157012939
48	712.59906	37.79845	767.4007	660.6213	885.5931	31.193459	900.0607	792.88684	888.0327	30.248085	900.3211	797.36804	863.78723	44.25644	897.6635	791.14404	1000.0	1000.0	1000.0	1000.0	191999	119.06295	27.389572	143.62852	-90.73082	119.0631	27.389801	140.53912	-40.255386	-1.94903	2.5794835	33.88826	-15.961816	-120.05214	6.90869	4362.891171693802
49	773.85486	16.75376	802.553	761.42084	851.6737	35.439262	896.8348	799.6341	864.05664	37.932224	897.1403	796.2529	852.36005	37.685974	894.23083	794.6515	1000.0	1000.0	1000.0	1000.0	195999	118.02818	26.172363	137.5639	-80.235565	118.02847	26.16923	136.3446	-41.59155	-1.8761194	2.6589181	28.28106	-15.74533	-119.07277	6.4011083	4468.108006238937
50	753.2523	7.57207	764.7332	745.9049	887.93524	29.623358	900.7148	799.29114	896.8758	2.0934591	899.8855	894.13306	892.1628	5.7350297	898.65027	877.2936	1000.0	1000.0	1000.0	1000.0	199999	117.5865	25.573933	134.14546	-36.8794	117.58602	25.576609	136.52806	-54.557472	-1.9992467	2.5248194	31.906942	-13.541554	-118.555626	5.9901695	4570.853463172913
51	748.71545	5.960502	756.1883	740.3792	871.46375	38.676903	898.0023	798.9505	885.33777	28.904837	899.3755	799.87726	854.4072	48.51095	895.3666	791.3118	1000.0	1000.0	1000.0	1000.0	203999	116.68406	26.070114	133.74098	-38.16908	116.6838	26.07211	133.54718	-52.03497	-1.9593191	2.5769422	44.657467	-15.14968	-117.650635	6.120569	4674.016955137253
52	747.1322	25.549543	771.3156	704.3857	871.6998	40.18468	899.2643	800.4255	887.4126	29.300262	898.5505	799.6992	863.4214	44.920643	897.4137	791.9346	1000.0	1000.0	1000.0	1000.0	207999	116.60489	24.914719	132.87466	-54.692654	116.60479	24.916538	133.06918	-48.61282	-1.959447	2.6489246	30.009401	-13.895611	-117.60835	6.168138	4777.027460813522
53	398.18692	224.00731	744.6926	128.55931	868.4744	44.737793	901.45905	796.33325	840.85876	55.169582	899.9662	739.33136	820.8082	207.13867	898.3317	200.336	525.1667	1000.0	1000.0	929.1	211999	116.53222	23.885838	131.77406	-39.992294	116.53196	23.887392	131.77112	-38.760014	-2.0804677	2.516999	30.45434	-14.309291	-117.45887	5.5260096	4879.722989082336
54	722.6878	86.990395	787.9801	550.6204	896.4208	1.941386	899.74384	894.5746	884.0176	29.94468	898.093	796.7836	868.1808	36.018383	894.9707	797.08154	929.0	1000.0	1000.0	1000.0	215999	115.55679	24.891794	131.63527	-38.12477	115.55602	24.896845	131.9564	-71.724464	-2.1334596	2.4088826	29.736668	-15.241967	-116.47198	5.5038066	4982.848192214966
55	755.43835	40.839165	812.766	702.64874	878.9676	30.087229	898.023	799.1844	883.96515	25.092623	899.48004	814.51776	875.0231	39.315205	896.7831	796.10565	1000.0	1000.0	1000.0	1000.0	219999	115.07862	24.844347	131.37538	-64.98251	115.07901	24.845476	131.0171	-44.94421	-2.1183245	2.4255974	25.485315	-14.688882	-116.000656	5.1632833	5085.357479572296
56	699.03094	54.782394	748.2774	608.0111	877.20886	39.57038	900.1453	797.42114	859.58136	44.656635	898.55005	799.1042	893.05536	2.5334423	896.59424	888.2332	1000.0	1000.0	1000.0	1000.0	223999	114.63959	24.801321	130.62944	-61.8194	114.63966	24.800882	131.58041	-38.053333	-2.1107693	2.4564545	32.649853	-13.12298	-115.56084	5.1804523	5187.870209693909
57	750.1571	8.915769	762.39197	738.6949	868.2457	45.423187	899.591	796.52924	885.3346	30.42494	897.7378	794.26526	865.33826	45.28021	896.9054	795.66296	1000.0	1000.0	1000.0	1000.0	227999	114.68635	24.280966	129.88155	-47.793064	114.68657	24.282299	130.24884	-50.149254	-2.1119356	2.4592614	33.66263	-12.548578	-115.58292	4.9663253	5291.203632593155
58	728.1394	33.411892	760.38477	672.2461	887.2918	29.837711	899.36273	797.9013	877.89746	38.233963	899.7567	799.6476	884.5926	30.185928	898.86273	794.4945	1000.0	1000.0	1000.0	1000.0	231999	114.69366	24.167631	130.22624	-67.80584	114.69356	24.169266	130.08232	-35.74618	-2.15647	2.4015224	28.660133	-12.664923	-115.56217	4.8064795	5394.936271190643
59	739.17065	5.9868894	744.7808	730.5921	858.4076	48.295	898.9189	796.147	878.28503	38.973923	899.2764	799.8043	870.7799	39.50869	897.186	796.9561	1000.0	1000.0	1000.0	1000.0	235999	114.674	24.039148	130.1099	-37.623035	114.67364	24.040106	130.46532	-34.886814	-2.1305182	2.3894978	28.109398	-13.823197	-115.55837	4.7703004	5498.678366184235
60	742.04785	17.80369	757.8278	712.6506	885.6157	27.902958	899.55426	803.7333	867.1722	45.549854	899.9922	796.4097	868.5223	39.21922	897.936	794.51495	1000.0	1000.0	1000.0	1000.0	239999	114.5947	24.044651	131.30455	-42.6705	114.59457	24.047264	130.00484	-59.006584	-2.1424973	2.3955445	32.414227	-14.030643	-115.46203	4.711737	5602.027957677841
61	720.5305	46.58198	752.74567	640.22253	867.0423	44.731464	899.26984	797.6148	878.9342	40.08227	901.8261	798.6495	861.8045	44.681408	898.7787	796.14984	1000.0	1000.0	1000.0	1000.0	243999	114.77654	23.67249	130.03831	-41.907276	114.77682	23.6716	129.9131	-28.729557	-2.1743095	2.3766754	27.452023	-12.224989	-115.64694	4.6026783	5705.942887306213
62	713.9719	27.254675	743.97815	670.2842	864.1203	43.3836	900.1831	797.2231	884.1504	30.026888	899.6184	800.8455	868.9468	41.84414	896.72186	788.61316	1000.0	1000.0	1000.0	1000.0	247999	114.86061	23.443352	129.67155	-31.03049	114.86041	23.444286	130.39612	-29.431742	-2.164545	2.3812397	30.642376	-12.052767	-115.7305	4.3766913	5809.469800233841
63	734.2021	11.494731	752.9464	722.16797	843.3297	76.97605	901.7612	659.3666	833.4043	80.40992	899.9701	666.9264	837.4157	63.653465	897.52765	701.9011	1000.0	1000.0	1000.0	1000.0	251999	114.92087	23.438768	129.61395	-36.87966	114.9208	23.441263	129.72543	-47.220478	-2.182541	2.3718107	31.9325	-13.936995	-115.78016	4.3727813	5913.667767524719
64	730.6467	44.541824	765.8379	654.19727	877.87726	38.89815	899.2373	799.3728	897.3755	2.6933808	900.5633	892.1883	883.93884	29.41778	898.73706	797.6198	1000.0	1000.0	1000.0	1000.0	255999	115.11332	23.092184	129.8315	-38.314648	115.11297	23.095154	129.52031	-30.646608	-2.1972075	2.3500125	34.93385	-15.285156	-115.97156	4.257621	6017.9135847091675
65	730.629	43.76557	759.8404	654.943	872.11847	36.04688	898.5687	799.3493	856.08136	46.48468	898.21857	795.7615	871.78827	20.660131	896.78235	841.09863	1000.0	1000.0	1000.0	1000.0	259999	115.37499	22.742575	130.00021	-37.76659	115.37504	22.744097	130.12987	-32.15323	-2.1788273	2.352566	29.559164	-12.40469	-116.2393	4.087251	6119.662222862244
66	736.3157	20.590485	770.48267	716.5795	878.76526	31.186268	900.3004	801.5874	876.4125	39.37162	898.0587	795.10645	885.0426	16.184708	898.02527	850.2201	1000.0	1000.0	1000.0	1000.0	263999	115.60317	22.748854	129.73572	-56.244965	115.60283	22.751617	130.36894	-55.441048	-2.246498	2.3332593	29.8257	-12.704962	-116.46146	3.9444778	6222.724999904633
67	738.7807	25.532028	772.1491	712.94995	878.6659	38.753487	900.2038	800.5582	867.28876	44.61988	899.90466	798.25885	880.1869	31.953268	898.55646	793.3508	1000.0	1000.0	1000.0	1000.0	267999	115.60777	22.803377	130.1673	-37.98522	115.60769	22.804693	130.1345	-52.40293	-2.2373405	2.298398	28.28021	-12.0619135	-116.438675	4.296371	6326.740853071213
68	737.4753	12.751115	752.1521	719.47485	879.424	35.932945	899.72	799.4822	831.6883	43.613125	898.996	797.0225	846.9017	47.141174	897.00305	791.8917	1000.0	1000.0	1000.0	1000.0	271999	115.71431	22.743135	130.46198	-56.104713	115.71394	22.747442	130.30458	-49.296345	-2.2887628	2.2955985	30.095854	-14.0204525	-116.5526	3.8449354	6430.963870048523
69	735.42694	3.6647215	739.7533	730.0409	878.0786	38.402225	900.6049	799.4912	879.72235	38.547947	901.6757	802.1233	892.5951	9.063702	899.1035	866.6192	1000.0	1000.0	1000.0	1000.0	275999	115.90353	22.508635	130.40144	-37.897266	115.90385	22.509754	129.80017	-45.21368	-2.2495558	2.2939703	28.361425	-12.64324	-116.73686	4.0340657	6535.177673101425
70	713.4747	36.790337	744.32184	651.2361	877.11884	39.35526	899.2117	796.99005	876.6449	39.010365	898.6857	797.6042	894.24805	2.0017226	896.48926	891.27344	1000.0	1000.0	1000.0	1000.0	279999	116.21646	22.210073	130.44911	-35.902817	116.21682	22.209242	130.10146	-26.678024	-2.2745826	2.300059	31.922161	-13.694712	-117.053894	3.9790263	6638.657674312592
71	733.0878	12.648416	748.01575	715.38104	850.0578	48.245277	901.63104	800.00037	870.42615	44.785255	901.71796	800.01	885.11316	28.740717	898.33606	799.06696	1000.0	1000.0	1000.0	1000.0	283999	116.51207	22.072601	130.32588	-89.019135	116.51201	22.07226	130.73685	-25.12818	-2.312988	2.305001	28.651741	-14.525507	-117.35158	3.879085	6742.20304608345
72	743.2404	11.087977	759.278	729.4111	868.45105	45.360806	900.1525	797.7675	898.2495	2.064352	901.71954	895.22345	876.9326	39.72008	899.091	797.2467	1000.0	1000.0	1000.0	1000.0	287999	116.88032	21.929546	130.58339	-46.455105	116.88001	21.932383	130.8915	-54.455135	-2.3319585	2.2571654	33.6072	-12.630314	-117.7043	3.7030308	6845.750214099884
73	741.8891	5.4261456	750.0097	734.83075	887.5137	29.729036	900.2028	798.51776	867.2378	45.364307	899.4741	795.026	873.3854	38.94535	897.80225	797.16046	1000.0	1000.0	1000.0	1000.0	291999	117.00654	21.94976	130.52084	-34.933006	117.00635	21.951212	130.43314	-41.895638	-2.3482625	2.2333536	33.702015	-13.762032	-117.82376	3.8077743	6949.50913310051
74	733.56366	17.795614	754.32196	707.68964	886.09796	29.306705	899.3357	798.4135	887.08594	29.060421	899.2918	800.1594	857.9569	35.86743	898.2202	794.6681	1000.0	1000.0	1000.0	1000.0	295999	117.27528	21.83091	130.8535	-52.773808	117.27544	21.831423	131.44359	-30.025528	-2.3511813	2.2579951	33.912796	-13.190576	-118.10159	3.7425122	7056.591414451599
75	748.34064	42.986835	820.28937	706.8328	873.6323	38.424404	900.1283	796.5076	860.70667	43.09244	897.3668	796.16205	841.3988	45.36959	898.3043	797.5906	1000.0	1000.0	1000.0	1000.0	299999	117.51695	21.623857	130.99312	-55.63788	117.51663	21.62525	131.28494	-60.43964	-2.3537128	2.2669013	34.994534	-13.051481	-118.34597	3.5455685	7161.640907526016
76	721.73474	13.552583	737.13684	700.22217	868.49304	44.91807	900.2731	798.2777	863.30206	44.78482	899.64215	796.95593	873.6707	38.623074	897.51776	795.9059	1000.0	1000.0	1000.0	1000.0	303999	117.74433	21.30911	130.71523	-42.462124	117.74442	21.310009	130.98994	-32.735332	-2.3893754	2.2207737	29.519001	-13.936602	-118.55186	3.594264	7264.480706453323
77	761.1991	19.104721	793.1439	743.066	886.74744	29.582146	899.3132	798.2096	897.25244	2.0569744	900.6364	893.55536	895.3815	1.8726562	897.5831	890.3354	1000.0	1000.0	1000.0	1000.0	307999	118.13033	20.828106	130.86519	-48.97588	118.13038	20.828514	131.44467	-56.856052	-2.3793516	2.2377956	30.098076	-12.224495	-118.93358	3.6200726	7368.6587245464325
78	740.0344	10.772479	754.8416	725.3958	851.3628	47.63262	899.9845	798.81744	888.2384	30.071226	900.9507	798.2765	877.9391	31.632915	897.9206	799.0639	1000.0	1000.0	1000.0	1000.0	311999	118.33611	20.83998	130.94334	-52.04255	118.33607	20.84228	131.65562	-40.740273	-2.4172046	2.23277	32.453552	-13.510112	-119.150986	3.543427	7472.141280412674
79	795.1194	61.740486	865.112	726.6517	877.05743	40.05209	897.9753	796.34564	866.6172	43.88403	896.7351	797.9044	855.65076	60.638695	896.56104	712.0184	1000.0	1000.0	1000.0	1000.0	315999	118.5007	20.758558	131.18405	-63.47286	118.5006	20.760235	131.37245	-41.6432	-2.4053218	2.2245734	28.067232	-13.73994	-119.31217	3.6433315	7576.14995098114
80	765.7996	15.050637	786.39795	743.9814	851.6737	43.40617	898.343	796.7771	867.6499	38.43373	898.82965	799.3903	858.1996	43.200634	896.99945	792.3939	1000.0	1000.0	1000.0	1000.0	319999	118.78805	20.440813	131.34564	-44.17505	118.78808	20.441015	131.42107	-41.423687	-2.3929133	2.187866	30.116972	-13.278293	-119.5983	3.3939486	7680.173289299011
81	758.30725	12.299144	767.4653	737.36395	889.16956	28.769167	903.7077	804.0821	873.421	43.551952	904.6048	800.22217	887.2463	25.984722	899.60547	809.8541	1000.0	1000.0	1000.0	1000.0	323999	118.91802	20.517664	131.43161	-34.156296	118.91763	20.518127	131.27411	-24.719227	-2.3901782	2.2210085	29.314465	-12.07556	-119.70898	3.4519928	7785.018315553665
82	748.8427	16.991117	774.2972	726.91125	858.4217	47.432278	900.19366	794.3903	838.58417	48.25648	901.4838	796.999	836.86487	47.456226	896.33984	796.2207	1000.0	1000.0	1000.0	1000.0	327999	119.16256	20.394995	131.7106	-37.571014	119.16252	20.396214	131.91136	-41.09323	-2.3983843	2.248599	28.548292	-12.511473	-119.959366	3.4765456	7889.881736278534
83	759.0509	7.1648192	768.6044	751.43243	898.8154	2.3932142	901.99164	895.62067	870.3374	44.770145	901.7726	801.37524	875.57666	39.737263	898.4968	796.20715	1000.0	1000.0	1000.0	1000.0	331999	119.27323	20.315416	131.64844	-33.54708	119.27334	20.315264	131.7742	-46.247345	-2.3910668	2.2247727	27.760513	-14.778295	-120.06704	3.5328224	7993.891159057617
84	755.2297	4.341373	760.80774	749.1358	869.0453	45.493244	899.59937	798.01117	888.3091	29.26488	901.3743	800.7217	865.55615	45.682377	898.23517	794.0316	1000.0	1000.0	1000.0	1000.0	335999	119.44843	20.131401	131.58266	-37.886204	119.44824	20.134068	131.52513	-35.514706	-2.4072518	2.2319012	31.157696	-12.9753475	-120.24507	3.3780024	8097.610989809036
85	764.62085	39.80006	831.67834	733.0733	848.92883	49.533287	900.0262	797.96826	879.35284	38.949684	900.871	800.854	865.91846	45.1678	897.5197	796.56946	1000.0	1000.0	1000.0	1000.0	339999	119.67253	20.072203	131.2972	-32.976646	119.67257	20.073122	131.62425	-34.01919	-2.447235	2.1657698	27.278515	-12.82913	-120.45032	3.321532	8201.472683668137
86	751.407	9.869928	766.37225	739.01337	852.7467	47.339592	900.6489	800.7664	849.9166	48.697464	899.94135	799.7784	831.7877	41.27266	895.8516	794.51587	1000.0	1000.0	1000.0	1000.0	343999	119.82492	20.041124	131.7332	-36.10321	119.82505	20.042625	132.46487	-38.41276	-2.451741	2.1819634	32.49269	-12.627935	-120.60787	3.3087807	8306.777685165405
87	715.705	138.07042	829.36505	480.8677	859.5355	47.595272	901.09247	799.53143	889.4186	29.325909	901.28326	801.55493	862.19775	35.66089	899.53864	797.58307	883.25	1000.0	1000.0	1000.0	347999	119.85403	19.987425	131.82411	-37.69851	119.85402	19.98826	131.68636	-38.994812	-2.48813	2.150143	27.509356	-14.475661	-120.61799	3.368477	8410.556079387665
88	698.09436	148.24042	829.9107	408.47134	898.76404	1.245858	900.695	896.7324	888.025	29.28132	899.9202	800.2436	876.388	39.977272	899.90424	796.09033	898.4	1000.0	1000.0	1000.0	351999	119.86019	19.985193	133.23491	-44.324112	119.85971	19.98861	131.74692	-44.756523	-2.426397	2.2089326	29.222734	-14.85994	-120.65825	3.4917336	8514.286344766617
89	746.1642	8.104684	757.7891	737.9383	889.9435	29.067923	901.64465	802.8086	889.26154	29.336876	902.2268	801.351	857.5001	47.698654	898.52026	797.0527	1000.0	1000.0	1000.0	1000.0	355999	119.97069	20.05309	131.74852	-46.441036	119.97061	20.053215	132.01964	-58.34965	-2.426374	2.2108135	40.713394	-14.977557	-120.74718	3.510558	8618.098422765732
90	753.28827	7.999883	766.97876	746.7274	878.5582	38.467117	901.1124	801.10254	898.35626	1.3019278	901.8607	896.8638	865.842	44.41783	898.13196	797.83514	1000.0	1000.0	1000.0	1000.0	359999	120.29294	19.918234	132.25226	-39.904068	120.29297	19.920141	132.14964	-31.754494	-2.4359987	2.2038238	47.579292	-12.574925	-121.07733	3.1507914	8722.238216876984
91	743.1588	7.9117727	748.878	729.5768	870.7042	83.00365	900.3062	621.7307	893.56903	13.795996	901.0242	852.5764	888.0286	23.494429	899.1532	817.9366	1000.0	1000.0	1000.0	1000.0	363999	120.39198	19.84082	138.53154	-69.337654	120.39215	19.840471	137.14978	-30.102528	-2.4520953	2.156282	56.713844	-13.583311	-121.1542	3.3463817	8826.68124461174
92	69.995636	171.55249	754.89386	8.420761	51.014595	18.320604	75.70184	31.63946	53.823143	22.32871	96.15553	31.124659	45.907436	19.81539	83.61875	20.354784	91.45652	92.8	84.7	93.2	367999	122.6061	19.370039	226.09668	-116.171844	122.60601	19.36787	194.58243	-64.19501	-0.7637113	4.308988	73.734726	-14.04311	-124.610374	7.8534303	8892.892376184464
93	70.13272	26.305452	164.88297	31.403376	180.18373	235.38084	880.6311	69.32528	145.38272	87.87119	357.27277	85.79778	112.0297	55.37534	236.93073	72.97329	70.76786	198.7	174.4	129.4	371999	155.68352	27.983746	193.8575	-58.255604	155.6839	27.988977	199.3733	-56.08728	0.7467067	2.8367486	37.713734	-15.187564	-158.08357	12.829671	8963.121496677399
94	141.01474	132.29527	683.6738	81.42381	855.94464	47.28421	896.76184	767.245	858.9202	42.69461	893.1554	793.71075	772.25836	180.4464	886.97266	250.40044	134.73077	1000.0	1000.0	927.9	375999	160.67	29.87558	184.70358	-64.289246	160.66962	29.876707	185.87378	-51.22477	-1.4183897	2.6707032	31.358822	-14.977015	-161.80627	9.36732	9068.920956850052
95	719.8963	44.77965	764.945	650.44934	888.021	30.530613	900.5883	796.6434	885.51135	31.44877	898.83936	791.4303	874.6779	33.05339	894.50446	794.16766	1000.0	1000.0	1000.0	1000.0	379999	154.41006	28.833267	176.92233	-76.05822	154.40868	28.837013	176.251	-60.272614	-2.0830677	2.523195	33.468025	-14.321699	-155.29903	7.1101437	9172.209107398987
96	717.6924	47.039646	782.47125	653.90857	888.1659	29.269539	900.88806	800.479	897.9367	1.3780268	900.42145	895.9614	845.8273	64.795044	895.8867	704.41943	1000.0	1000.0	1000.0	1000.0	383999	148.24104	27.037663	167.33762	-31.449438	148.23987	27.042673	167.05722	-43.315247	-2.215356	2.4532177	35.177773	-12.593237	-149.10147	5.8046846	9275.136047124863
97	727.2978	32.58664	764.2016	680.54126	860.29706	88.451775	901.9427	610.85535	860.0625	46.60391	901.4166	793.8022	835.48584	61.2676	898.2751	711.4939	1000.0	1000.0	1000.0	1000.0	387999	142.94559	25.589134	168.44704	-47.718246	142.9452	25.593172	169.84213	-46.1368	-2.2928076	2.4027603	35.276855	-12.730436	-143.77274	5.1715007	9378.747803926468
98	721.58936	27.728699	750.0371	676.9793	864.4666	46.371223	896.5555	743.0214	802.3068	237.67487	896.3574	93.97709	852.7601	25.01312	893.92786	822.8887	1000.0	1000.0	917.3	1000.0	391999	138.39021	24.668442	174.40863	-48.040707	138.39006	24.668306	172.0925	-52.157604	-2.3256197	2.3491576	30.984402	-13.384311	-139.18736	4.7319922	9480.821472644806
99	739.0412	10.993645	749.73926	724.0892	888.0042	29.588783	900.36615	799.5347	897.2966	3.2623634	901.43677	890.117	875.31854	35.36078	898.251	792.7074	1000.0	1000.0	1000.0	1000.0	395999	134.82864	23.75318	170.81235	-52.12123	134.82814	23.75545	164.9171	-36.026222	-2.3593752	2.284835	36.032562	-12.050054	-135.62592	4.4173064	9584.908782482147
100	751.5431	20.53622	765.8111	716.11053	878.28796	40.005905	900.8547	796.1215	897.94763	2.4306498	900.4016	892.54755	864.93445	44.579563	896.3048	793.93866	1000.0	1000.0	1000.0	1000.0	399999	132.05646	23.117563	155.92117	-68.423195	132.05595	23.118835	156.32823	-63.983788	-2.3473713	2.2748082	33.134323	-13.674494	-132.83743	4.3473387	9691.653557538986
101	786.6034	25.19349	828.2107	766.0966	887.44727	28.71718	901.389	802.2033	874.33575	39.0202	900.74756	798.8897	854.1089	47.99724	897.9262	789.8692	1000.0	1000.0	1000.0	1000.0	403999	129.86758	22.858715	143.83205	-58.18545	129.86752	22.857914	143.75316	-37.084858	-2.3429663	2.2780845	34.699905	-13.278827	-130.66058	4.239864	9797.833240509033
102	784.4452	49.750084	869.9977	747.39594	888.0303	29.2573	901.65015	800.6434	878.4498	38.91187	900.6049	799.82556	875.2506	40.441685	897.38336	793.43274	1000.0	1000.0	1000.0	1000.0	407999	128.30904	22.26559	141.94057	-60.421635	128.30884	22.268982	142.20633	-43.895103	-2.41982	2.256317	34.30774	-12.434745	-129.09894	3.9067476	9902.586933374405
103	762.3364	20.387722	796.4447	744.5035	858.6376	47.974728	900.3592	796.11426	878.3418	38.989285	899.75995	799.2724	860.6825	44.747177	897.6781	793.6215	1000.0	1000.0	1000.0	1000.0	411999	126.98147	21.904947	147.60178	-58.666306	126.98105	21.905115	141.98674	-49.73124	-2.4180398	2.231394	29.017262	-17.456524	-127.77394	3.829395	10007.220327615738
104	766.9332	22.68315	805.30194	746.2299	867.57355	41.374275	899.69104	799.6318	883.1234	28.565123	896.406	798.1344	869.2085	29.427242	893.71326	794.5362	1000.0	1000.0	1000.0	1000.0	415999	125.97904	21.680502	139.46959	-66.58961	125.97933	21.679556	139.03261	-46.013783	-2.4958951	2.1994045	35.896072	-13.305988	-126.76716	3.7873662	10110.260479450226
105	751.18536	22.360945	788.4936	728.954	848.0548	48.982662	899.7256	797.44055	877.27167	38.894897	899.1365	799.02216	880.9963	28.202309	898.03687	809.0968	1000.0	1000.0	1000.0	1000.0	419999	125.03899	21.401503	137.52155	-59.990982	125.03889	21.400774	137.4958	-51.291653	-2.4573343	2.2029963	27.615875	-13.938072	-125.8072	3.8626974	10214.830411195755
106	756.0592	31.311209	805.6965	720.5905	887.4108	28.91468	900.1923	800.88104	875.5377	37.87146	900.1202	800.89636	892.7113	3.551158	896.9412	886.3063	1000.0	1000.0	1000.0	1000.0	423999	124.27527	21.249985	136.6673	-45.58453	124.27523	21.250404	137.08015	-34.9934	-2.4568832	2.1942375	26.755123	-13.793426	-125.05002	3.497106	10318.548308610916
107	763.5344	50.269432	836.72577	694.68896	868.77673	44.32422	900.09766	800.7224	881.91327	31.358038	900.313	798.5573	853.3514	46.565544	896.70447	796.5485	1000.0	1000.0	1000.0	1000.0	427999	123.77242	20.65164	135.84605	-53.520187	123.77216	20.65412	136.15639	-66.69282	-2.4642966	2.1503658	33.09826	-14.839478	-124.52852	3.8219273	10423.17808175087
108	752.25214	7.6905704	765.1893	745.5941	876.3284	37.148647	897.7699	797.0644	852.39514	43.630432	896.2526	800.26984	863.50665	39.850483	893.4007	796.31274	1000.0	1000.0	1000.0	1000.0	431999	123.33383	20.705393	135.47697	-47.46571	123.33382	20.706991	135.78214	-37.577778	-2.4819992	2.1794345	30.124578	-12.570264	-124.088394	3.4960978	10526.424293756485
109	755.3289	9.701104	771.7832	746.7742	868.42706	45.47747	899.4989	798.21747	887.4984	28.385736	898.2891	802.378	884.62274	29.373787	896.76715	796.8133	1000.0	1000.0	1000.0	1000.0	435999	123.17776	20.289429	135.41792	-39.6373	123.17728	20.291775	135.9146	-45.708916	-2.517942	2.145389	35.739758	-12.12218	-123.9363	3.332026	10630.481874704361
110	752.6085	6.471013	762.1938	745.1552	879.08966	39.503475	900.6516	797.97266	878.5785	38.41048	901.32837	796.5039	861.0078	45.425182	898.8296	793.59766	1000.0	1000.0	1000.0	1000.0	439999	122.97412	20.30097	135.81683	-53.547913	122.97427	20.30036	135.03401	-33.687244	-2.4677153	2.166818	35.659943	-12.734383	-123.73732	3.607439	10734.627224445343
111	736.08325	28.651323	761.0072	687.89136	888.3838	29.29477	899.917	800.6767	877.41925	39.790962	900.1283	796.6909	846.987	49.36615	898.8963	796.28186	1000.0	1000.0	1000.0	1000.0	443999	122.70271	20.282173	135.2216	-60.192158	122.70266	20.282686	135.21936	-56.42417	-2.4944658	2.1124616	31.58355	-13.841598	-123.44264	3.2216964	10838.951375246048
112	753.3669	12.129802	769.15906	735.14453	889.3455	29.412851	901.5026	801.28296	878.9718	38.80352	900.1086	801.06274	875.1935	39.351097	898.18695	796.403	1000.0	1000.0	1000.0	1000.0	447999	122.52066	20.188541	134.52046	-76.87337	122.52037	20.189182	135.16011	-35.044014	-2.5024786	2.137252	26.622194	-13.337965	-123.270454	3.3235292	10943.093845844269
113	749.9078	57.201214	838.1011	678.49445	867.0708	44.362972	901.1299	798.2952	869.78723	45.407536	900.7101	798.1624	892.57776	4.4576044	896.7398	880.8953	966.25	1000.0	1000.0	1000.0	451999	122.46365	19.954245	143.44005	-59.39067	122.46363	19.956268	134.44464	-34.453644	-2.5255363	2.1385198	31.658201	-15.281442	-123.2127	3.4013624	11047.42626285553
114	741.87775	40.819134	791.6944	678.841	873.5963	36.63989	899.7246	799.8345	874.65216	40.14907	899.8956	795.31006	875.4837	40.737946	897.87805	792.267	1000.0	1000.0	1000.0	1000.0	455999	122.27981	19.975573	135.66992	-49.30384	122.27968	19.974459	135.0118	-44.55799	-2.5194123	2.1166236	34.582794	-13.220628	-123.01737	3.353524	11151.813363313675
115	756.8602	41.198933	824.9419	714.6911	888.19305	30.349667	900.6463	797.28735	895.67413	2.8949625	899.9022	890.29785	895.11993	2.3252895	898.56525	889.1267	1000.0	1000.0	1000.0	1000.0	459999	122.11583	19.909513	133.92361	-32.650364	122.11568	19.911247	133.85825	-47.763134	-2.5225337	2.1128895	26.959108	-11.936611	-122.855515	3.3096528	11255.739844560623
116	765.9661	13.665036	782.0653	751.3606	887.1981	29.190788	900.5519	799.8168	887.30646	29.665783	901.0022	798.5276	872.2912	38.225574	898.202	795.48804	1000.0	1000.0	1000.0	1000.0	463999	122.1287	19.80626	134.31044	-54.056038	122.12858	19.808325	134.0329	-43.149727	-2.5383303	2.0956106	33.996487	-13.8235855	-122.85511	3.3621118	11359.425935029984
117	677.72424	143.01335	766.1275	392.4974	887.35803	29.419518	901.54193	799.4156	877.7345	37.793446	899.6272	800.10583	883.026	29.552822	895.55853	794.64996	899.4	1000.0	1000.0	1000.0	467999	122.01611	19.92974	144.2613	-59.16042	122.01587	19.930565	134.22038	-30.32893	-2.5340648	2.1022012	34.930195	-13.396302	-122.74788	3.1926298	11463.348921060562
118	751.30725	6.4413314	759.07355	741.7212	877.9479	39.474323	899.30475	798.0613	897.5581	1.6816696	899.96027	894.5838	874.07666	39.328655	895.5073	794.9822	1000.0	1000.0	1000.0	1000.0	471999	122.23007	19.543987	134.22128	-59.06935	122.23007	19.544943	134.11526	-38.05489	-2.5431523	2.0897932	30.232567	-11.356921	-122.98239	3.2977324	11567.673482894897
119	744.82007	2.1680028	747.2747	742.4149	888.6813	29.899918	900.5764	799.0645	849.466	48.05075	899.3173	799.2207	874.83887	39.53792	898.0863	795.6356	1000.0	1000.0	1000.0	1000.0	475999	122.38329	19.4573	133.89474	-39.97924	122.3826	19.466356	133.95415	-105.98753	-2.5600262	2.083315	38.433067	-13.985979	-123.12299	3.1179698	11672.865343809128
120	738.00867	17.798323	763.35254	718.9576	879.7829	38.058735	900.31915	803.68604	844.62634	56.030018	900.4899	752.12463	867.7928	42.78318	898.778	799.4784	1000.0	1000.0	1000.0	1000.0	479999	122.50928	19.43633	133.92659	-48.463352	122.5093	19.435036	134.00516	-49.805626	-2.5874996	2.053033	24.726215	-12.518182	-123.241066	3.1357758	11777.577914714813
121	782.93774	19.499159	815.7048	766.6256	888.75256	29.863642	901.93634	799.28815	849.2088	48.044674	899.2234	797.5509	856.6987	47.82302	897.32697	796.34	1000.0	1000.0	1000.0	1000.0	483999	122.69666	19.068932	133.97356	-38.24367	122.69675	19.069656	134.59068	-40.405563	-2.5580845	2.0658538	38.659527	-13.542807	-123.4367	3.1784947	11883.050604820251
122	768.462	47.2238	849.46765	735.3348	869.6846	45.396427	900.9381	798.2979	873.3524	51.347496	900.0385	745.53357	874.11145	35.580574	896.8808	795.3268	1000.0	1000.0	1000.0	1000.0	487999	122.72833	19.34929	133.98082	-62.588203	122.72819	19.350641	134.06773	-63.752235	-2.578116	2.0981634	31.813715	-12.5527725	-123.462845	3.1394584	11990.355834960938
123	752.94714	10.966602	769.7923	739.26086	889.6584	25.55653	901.28955	813.3922	873.099	39.371655	899.5232	798.6424	873.75244	39.28475	897.4339	792.6254	1000.0	1000.0	1000.0	1000.0	491999	122.97298	18.959091	133.94707	-65.37236	122.97292	18.959024	134.10641	-49.011917	-2.5798485	2.0920696	30.922401	-13.525417	-123.70023	2.9872727	12096.007686138153
124	760.04	12.516952	780.87506	748.72504	884.775	30.302002	899.3133	799.3659	898.73944	1.2915356	900.37634	895.82104	884.89374	29.195694	898.75903	797.7951	1000.0	1000.0	1000.0	1000.0	495999	123.02008	18.947489	150.6579	-30.693758	123.02008	18.949528	137.08301	-37.27962	-2.6105316	2.0528727	28.552797	-12.256916	-123.75597	3.0855224	12200.090960264206
125	771.04175	17.644121	797.7752	753.0894	873.3582	41.2944	902.97296	800.04926	879.1084	38.339123	901.3687	802.3131	874.849	38.921635	898.81537	797.0971	1000.0	1000.0	1000.0	1000.0	499999	123.02387	18.875355	136.73422	-52.60104	123.02375	18.876593	138.98541	-34.565144	-2.5684097	2.1035461	31.475561	-12.076096	-123.757484	2.973698	12301.591052770615
126	754.04156	8.584837	765.08484	742.1853	858.71716	46.876057	898.6319	797.72003	898.48083	1.0826997	899.7381	896.0419	861.60077	43.047314	895.95575	794.58435	1000.0	1000.0	1000.0	1000.0	503999	123.16399	18.772156	140.16013	-48.542294	123.16365	18.772892	139.96104	-59.848022	-2.6102498	2.0424159	30.842213	-14.140282	-123.87267	3.0145254	12406.997028112411
127	751.63654	1.4858471	752.86487	749.11084	888.67346	30.165674	901.1629	798.3109	878.17126	39.130043	900.4943	799.1002	882.3534	28.886198	896.7137	796.3286	1000.0	1000.0	1000.0	1000.0	507999	123.2659	18.655096	134.60893	-67.232994	123.26609	18.655643	134.45264	-38.46829	-2.5740006	2.1088727	34.298325	-13.828887	-123.99516	2.9675205	12512.609385490417
128	736.297	9.219071	748.6597	723.42633	899.09717	1.511872	901.8025	896.6282	888.6994	29.454433	900.55756	800.4499	875.69617	38.51617	896.5943	798.05695	1000.0	1000.0	1000.0	1000.0	511999	123.38106	18.561499	140.30293	-71.9219	123.38106	18.562817	139.92207	-58.208	-2.5715568	2.0894225	29.782269	-12.890808	-124.10796	3.0662105	12616.625368833542
129	745.92163	6.805385	755.2426	736.8393	878.62384	38.496967	899.685	800.923	868.65393	44.355755	900.68475	800.3861	864.33624	44.374176	894.98236	796.43665	1000.0	1000.0	1000.0	1000.0	515999	123.39263	18.670996	154.71959	-45.153973	123.39266	18.67155	147.46153	-46.798378	-2.5800211	2.047779	34.050896	-13.288237	-124.1116	3.0654447	12721.91297674179
130	751.46716	8.587032	761.97156	738.63403	888.5658	28.50774	900.85406	803.27203	887.61914	29.276781	899.1902	799.84955	874.7461	38.88251	897.18677	795.461	1000.0	1000.0	1000.0	1000.0	519999	123.38635	18.812452	140.09766	-37.911964	123.38656	18.81256	139.76569	-56.807365	-2.602886	2.0604575	31.963118	-14.432837	-124.12148	3.003929	12827.15114235878
131	756.6466	14.871568	782.40015	747.8195	898.151	1.983896	900.8194	894.1174	873.59875	52.54457	900.94525	742.70624	873.30066	38.322792	896.55475	796.6786	1000.0	1000.0	1000.0	1000.0	523999	123.53092	18.524475	146.19672	-73.90707	123.53037	18.526844	143.21614	-46.806477	-2.579959	2.0690258	48.38846	-13.29009	-124.23409	2.898718	12929.730344295502
132	751.06006	6.5739274	758.22815	740.33466	897.41296	2.4754288	900.9119	892.869	877.3114	39.148663	900.0749	798.5327	854.988	47.14113	894.6791	796.5049	1000.0	1000.0	1000.0	1000.0	527999	123.56892	18.52887	135.43312	-90.99853	123.56897	18.527594	136.39766	-53.18321	-2.571705	2.1017327	47.643665	-13.5074005	-124.28117	2.906115	13033.834347248077
133	742.0013	4.3905287	747.9792	736.76624	888.8081	28.998333	899.9204	801.87146	878.61896	38.21977	899.9814	801.33777	875.493	39.015812	898.65985	794.83203	1000.0	1000.0	1000.0	1000.0	531999	123.69598	18.3875	146.68141	-54.405163	123.69589	18.387854	135.05923	-52.40052	-2.6054742	2.0756843	33.069546	-12.926872	-124.419815	2.8716547	13138.668796777725
134	771.1802	30.016066	823.10724	752.2563	898.2637	1.7091534	900.5522	895.0005	878.9266	38.93374	901.04626	800.61475	874.78973	39.127125	897.6879	794.4562	1000.0	1000.0	1000.0	1000.0	535999	123.68639	18.470968	134.97	-49.76341	123.6859	18.474323	134.81718	-52.848312	-2.6049929	2.0791733	31.435131	-14.69895	-124.41995	2.8657475	13243.036621809006
135	774.42346	54.37587	867.92926	732.7594	879.2202	37.89108	900.5857	803.0623	879.2659	39.45966	900.61786	799.3235	885.1168	28.328512	898.6995	800.4311	1000.0	1000.0	1000.0	1000.0	539999	123.86862	18.45787	139.61949	-35.264668	123.86853	18.457195	139.50026	-25.643797	-2.5927103	2.0693054	32.68469	-14.074148	-124.59263	2.8334525	13348.41373181343
136	785.30664	73.07265	911.7201	739.50684	887.5076	29.205276	900.3735	800.047	879.1385	39.923607	901.022	799.09906	867.61115	42.063217	896.8967	796.5844	1000.0	1000.0	1000.0	1000.0	543999	123.89728	18.207989	135.13031	-112.95897	123.89726	18.208836	135.42021	-59.558876	-2.6254103	2.0653188	28.770102	-13.9992485	-124.61237	2.8627791	13452.652774095535
137	736.4871	6.8213716	743.508	726.2961	889.9606	29.966108	902.4071	800.1396	898.3047	2.120549	900.9884	893.6029	876.51337	38.2549	899.24524	797.4311	1000.0	1000.0	1000.0	1000.0	547999	124.04726	18.072525	137.7765	-49.272263	124.04709	18.073278	141.90605	-50.078037	-2.6006892	2.0421085	34.896614	-12.761914	-124.76717	2.7754438	13563.229741811752
138	754.7388	11.24856	766.08765	738.213	880.2253	39.14536	900.6806	801.58496	888.8075	29.411865	901.16675	800.6303	856.1882	47.76052	897.0208	794.60175	935.25	1000.0	1000.0	1000.0	551999	124.20102	18.138105	165.47629	-44.123714	124.20114	18.13867	169.25192	-51.36234	-2.5961711	2.0639637	32.112717	-14.869059	-124.93453	2.8038447	13665.37057876587
139	594.1975	282.2265	745.51825	29.900345	879.2545	38.88761	900.45575	800.1211	889.57733	29.314945	901.5211	801.716	893.7999	3.5932076	899.0252	885.4996	807.0	1000.0	1000.0	1000.0	555999	124.32671	18.120714	172.28044	-52.16835	124.32683	18.12046	176.5647	-33.780014	-2.6591918	2.0191998	34.717594	-13.254983	-125.0425	2.741456	13768.47822856903
140	791.47687	102.28994	968.53754	727.4016	871.67737	42.049446	902.04034	801.4261	889.7033	29.126831	901.39514	802.36505	885.63196	26.931925	898.6709	805.19147	1000.0	1000.0	1000.0	1000.0	559999	124.35619	18.00429	148.17128	-58.032818	124.3561	18.007362	170.17848	-56.64249	-2.63608	2.0393217	29.461468	-13.370523	-125.06508	2.840996	13874.12406873703
141	753.71	18.405167	785.54333	742.0019	868.9249	44.182137	900.39185	800.91327	876.11816	38.542885	899.158	799.38135	891.19305	2.7099824	894.202	886.1763	1000.0	1000.0	1000.0	1000.0	563999	124.38613	18.041834	134.97766	-55.809772	124.38604	18.042543	135.75468	-60.78028	-2.6579843	2.0578542	34.356167	-13.033805	-125.11644	2.8884478	13978.655135631561
142	781.3937	50.172512	852.7621	729.84235	877.73376	38.8437	900.31146	798.5623	868.41846	43.868744	899.22614	801.1127	892.9868	1.992841	896.6868	889.4288	1000.0	1000.0	1000.0	1000.0	567999	124.54949	17.806053	139.97855	-45.045532	124.54926	17.80859	139.0511	-107.33264	-2.6495295	2.0327337	32.439034	-12.902344	-125.25683	2.7603264	14083.29169011116
143	862.8965	129.62415	1081.7825	744.2112	870.22815	45.68713	901.06195	798.1831	898.70447	1.8760074	901.34845	895.0136	876.6574	39.058342	899.4127	798.48535	1000.0	1000.0	1000.0	1000.0	571999	124.55673	17.645437	140.45294	-43.159218	124.55634	17.646383	134.96951	-48.163845	-2.649722	2.0198698	34.75002	-13.087003	-125.26841	2.6075344	14187.960339307785
144	775.82605	42.949677	850.0034	745.78894	900.22394	1.8836467	905.2514	898.2755	860.5256	48.383812	901.42346	799.80005	897.27246	1.5676801	898.84155	893.88586	1000.0	1000.0	1000.0	1000.0	575999	124.51673	17.802227	137.64287	-28.901844	124.51648	17.805197	135.3859	-22.596333	-2.664631	2.0018198	29.555458	-12.71769	-125.224014	2.7494452	14292.23221540451
145	740.9256	3.942992	746.398	735.63885	860.4958	47.84141	900.6935	799.8884	879.6743	39.83866	900.72345	799.06525	886.84705	26.035242	897.63513	809.05725	1000.0	1000.0	1000.0	1000.0	579999	124.66313	17.66837	135.77197	-37.70567	124.66313	17.670431	135.01143	-54.020424	-2.609134	2.0133364	31.785812	-14.16144	-125.37697	2.5102785	14396.183494567871
146	751.7889	19.626879	784.3191	732.6507	878.53174	38.414566	899.8406	801.3968	858.04553	47.372437	898.805	799.0234	872.88477	37.723305	895.2591	797.5615	1000.0	1000.0	1000.0	1000.0	583999	124.76857	17.705256	135.11864	-53.04705	124.76883	17.704576	135.61697	-62.952152	-2.6867318	2.0031602	31.334682	-15.075916	-125.48755	2.7505674	14500.652309656143
147	814.90314	78.48937	898.44666	709.7763	899.1373	1.3739088	900.87476	896.9164	888.7961	30.042593	902.1294	798.8278	875.75574	40.16406	898.4113	794.3044	1000.0	1000.0	1000.0	1000.0	587999	125.06713	17.406933	134.99686	-54.387615	125.06686	17.407566	135.52167	-41.87417	-2.6909697	1.9861658	30.251972	-12.574224	-125.769905	2.6507373	14606.390860319138
148	757.9335	37.59517	807.21747	710.3888	889.1535	28.886372	901.3818	802.6144	897.7248	1.9745553	901.14044	894.53314	877.6841	39.591335	899.8142	797.8171	1000.0	1000.0	1000.0	1000.0	591999	125.08923	17.635538	135.21278	-42.47305	125.08934	17.636364	135.43355	-38.758125	-2.6629643	2.0239356	32.399143	-12.456534	-125.79759	2.636065	14711.87256026268
149	826.2671	127.44183	1046.444	739.6917	859.0536	47.4707	899.5369	799.1	898.0436	1.3393486	900.5904	895.81305	865.27576	45.13447	897.8394	795.54376	1000.0	1000.0	1000.0	1000.0	595999	125.27644	17.275064	135.24347	-54.285053	125.27623	17.27754	135.26607	-66.62745	-2.75079	1.9700217	32.408047	-12.362013	-125.977	2.5368433	14817.506863832474
150	647.5331	124.72862	789.9419	497.47107	868.6722	44.628315	901.4277	799.7265	878.8883	39.41831	901.6451	799.6156	869.08984	39.410313	896.8585	795.032	809.8	1000.0	1000.0	1000.0	599999	125.25734	17.338884	142.8341	-52.132595	125.25742	17.339277	135.91527	-52.39563	-2.7044284	2.0121672	33.2433	-14.5476265	-125.96079	2.6266954	14922.912184000015
151	762.29987	28.810732	810.18024	733.7054	889.3932	28.711014	900.9033	803.3624	878.17053	39.354313	901.2137	799.2654	833.99915	50.81248	897.1497	755.80664	1000.0	1000.0	1000.0	1000.0	603999	125.21272	17.34751	138.40945	-60.905014	125.2126	17.346083	135.68576	-50.2411	-2.71167	1.9975486	37.945976	-11.613362	-125.92237	2.579977	15028.095854520798
152	831.82294	47.98386	876.48315	756.5241	858.2378	47.204338	899.32983	798.8514	897.1709	1.7724123	899.5911	893.70636	874.8978	38.719944	896.40155	795.99915	1000.0	1000.0	1000.0	1000.0	607999	125.31648	17.213434	135.3981	-56.868336	125.31638	17.213224	135.37082	-46.9537	-2.7282414	1.9900635	40.71045	-13.63796	-126.02276	2.6237261	15131.248773813248
153	809.09753	80.77458	941.40436	739.33264	867.715	44.79048	899.40454	797.2661	877.51953	39.297707	899.4411	798.8065	882.71564	29.568876	897.525	796.69574	1000.0	1000.0	1000.0	1000.0	611999	125.3475	17.210054	135.83005	-37.09031	125.34749	17.210222	136.2184	-32.12403	-2.7139423	1.9886826	40.4279	-13.017081	-126.04257	2.5038283	15236.53546333313
154	755.07086	33.903194	801.9214	715.63776	888.8625	29.095268	900.3413	801.7413	887.48474	28.818747	900.8531	801.338	857.0036	47.44223	896.6822	797.04724	1000.0	1000.0	1000.0	1000.0	615999	125.30857	17.268702	135.39037	-56.214607	125.30854	17.27122	135.35744	-47.626762	-2.7180793	1.9747741	28.761305	-15.50551	-125.99809	2.702817	15341.829181909561
155	708.4976	196.9835	949.4631	372.96063	879.86835	32.354042	900.4496	801.82477	874.5978	47.099762	899.74567	764.6053	862.2433	48.291378	896.31506	753.2044	863.4	1000.0	1000.0	1000.0	619999	125.22128	17.22217	135.3682	-84.47038	125.22126	17.221498	135.3752	-79.01116	-2.71164	1.9802053	33.869236	-13.735321	-125.90495	2.5932794	15444.992302656174
156	740.70636	4.7296515	746.83734	733.6044	879.2443	38.89537	900.18036	799.56616	889.56213	29.38727	901.0516	801.51587	882.4432	23.144552	897.7552	825.2248	1000.0	1000.0	1000.0	1000.0	623999	125.14544	17.316923	135.09311	-52.72703	125.145	17.320997	135.41557	-83.88501	-2.7056363	1.9721086	30.26679	-12.323958	-125.837425	2.5958614	15549.44100856781
157	801.8586	54.980618	889.35486	738.4824	888.83514	29.119673	900.80396	801.5455	868.13684	43.917267	899.534	799.7305	873.00244	39.16487	896.1917	794.02783	1000.0	1000.0	1000.0	1000.0	627999	125.22263	17.132595	147.5193	-44.42538	125.22276	17.132942	137.2631	-86.86522	-2.7325587	1.9818238	35.219654	-11.784037	-125.93039	2.5068152	15653.53684926033
158	841.54956	102.3055	983.862	738.9913	877.01953	38.69825	899.5595	798.5109	867.17365	42.6221	899.07104	800.34454	852.1829	45.32858	896.3947	796.59766	1000.0	1000.0	1000.0	1000.0	631999	125.39576	17.014246	135.4526	-87.93499	125.39545	17.01656	137.93248	-73.70774	-2.7578537	1.9550514	31.61747	-12.144625	-126.09758	2.625624	15759.217504262924
159	805.25977	18.410238	822.6795	776.9463	884.3959	30.002645	899.607	799.6073	879.80536	38.914097	902.07574	801.9142	876.0275	39.476566	897.74335	796.52997	1000.0	1000.0	1000.0	1000.0	635999	125.53712	16.773619	135.39378	-39.839184	125.53718	16.771484	135.36597	-20.968025	-2.756326	1.9342928	31.045979	-11.752474	-126.23027	2.5709286	15864.69225358963
160	822.44653	63.63738	891.0535	753.9156	858.4852	47.33973	898.6006	799.4034	868.6032	44.844017	899.9295	799.1983	865.5707	45.40558	898.0494	793.58276	1000.0	1000.0	1000.0	1000.0	639999	125.54234	16.575565	135.52245	-72.033035	125.54226	16.578146	135.73187	-81.21703	-2.7684135	1.9134372	34.59441	-12.086338	-126.21716	2.8172586	15969.991565227509
161	851.4153	98.25041	1005.9674	743.33154	878.2042	39.75105	900.444	797.01483	929.90314	92.18617	1206.4459	897.29755	888.42365	18.340086	896.0505	833.5081	1000.0	1000.0	1000.0	1000.0	643999	125.54504	16.743505	135.74103	-44.88565	125.5452	16.740763	135.34698	-42.80387	-2.736547	1.9170367	26.641624	-12.806098	-126.241165	2.4911394	16075.427474498749
162	932.52783	117.890625	1060.5708	739.9179	849.45935	54.91014	900.3694	745.24976	882.6748	32.357227	900.9569	799.94086	886.049	29.276735	898.2254	798.3401	1000.0	1000.0	1000.0	1000.0	647999	125.71173	16.58825	135.7801	-48.463062	125.71148	16.591959	135.78506	-57.28456	-2.7086124	1.9556664	27.194126	-11.962045	-126.39137	2.8420856	16180.051125526428
163	938.53546	119.25853	1053.0508	758.3762	867.96423	45.353996	899.92694	798.22906	878.68896	38.73229	900.34467	800.2203	849.9924	44.853073	897.7336	797.6678	1000.0	1000.0	1000.0	1000.0	651999	125.72905	16.622091	141.53151	-43.797173	125.72887	16.62329	136.65457	-25.586893	-2.7404215	1.9734092	33.88865	-13.330436	-126.41281	2.7493186	16283.06074500084
164	905.9555	90.45591	993.7418	754.3469	888.9793	29.8457	901.13965	799.58923	869.5701	45.176643	900.82477	799.4176	907.9548	109.86036	1215.8776	796.44617	1000.0	1000.0	1000.0	1000.0	655999	125.82952	16.33443	144.1224	-44.156563	125.82966	16.334631	141.80951	-43.706524	-2.7665288	1.9389774	35.403152	-13.216034	-126.515656	2.658055	16389.30709719658
165	766.3711	32.985867	823.33905	743.89856	932.85956	99.87746	1124.9304	801.03577	878.4118	37.250107	900.5076	799.4468	937.6209	113.7947	1170.044	798.8061	1000.0	1000.0	1000.0	1000.0	659999	125.85636	16.370985	152.22911	-40.36014	125.85635	16.371353	136.34608	-58.225807	-2.7739794	1.9346019	31.759789	-12.170331	-126.53979	2.5002577	16492.476266860962
166	1024.8219	36.477142	1057.8716	966.0837	888.9542	29.077404	900.1056	801.78534	896.2458	2.9624507	900.0277	888.6923	873.97656	39.400368	896.6	793.4282	1000.0	1000.0	1000.0	1000.0	663999	125.93255	16.33233	135.45332	-78.940056	125.93271	16.329096	135.40341	-67.466545	-2.7379668	1.9712589	29.293467	-14.85657	-126.62596	2.5736856	16597.666924715042
167	894.4611	85.99282	989.62555	754.77026	860.166	48.293633	901.5358	800.08795	835.5452	52.88056	899.58136	757.58844	897.13214	1.6018398	898.8715	893.8126	1000.0	1000.0	1000.0	1000.0	667999	126.04641	16.196905	138.61296	-58.40943	126.04632	16.197475	135.25406	-57.41653	-2.7933762	1.9468322	31.884253	-13.198972	-126.74516	2.4520273	16702.250990629196
168	990.0672	22.275888	1021.7833	965.91895	857.4077	47.580917	898.1345	798.0488	866.26355	43.8208	896.93646	796.87573	848.0054	38.23087	894.0311	790.50507	1000.0	1000.0	1000.0	1000.0	671999	126.09849	16.10748	135.74544	-43.585842	126.09849	16.105057	135.48459	-34.292927	-2.821943	1.9097546	31.65653	-12.409513	-126.78528	2.4992878	16807.636100530624
169	1051.287	20.671387	1071.745	1026.6128	923.0487	57.44302	1090.9701	898.0142	873.88556	51.10567	900.6217	764.1893	872.92365	57.625977	970.2423	774.84656	1000.0	1000.0	1000.0	1000.0	675999	126.33483	15.939494	135.30396	-49.989407	126.3349	15.939881	135.64716	-33.650517	-2.851285	1.8918761	26.06742	-12.516155	-127.02425	2.5739775	16929.23427605629
170	1054.092	32.842625	1104.2441	1015.8839	904.28284	82.86902	1121.252	801.3443	889.2456	29.762129	900.7174	800.0015	857.70886	47.525963	898.82275	798.8984	1000.0	1000.0	1000.0	1000.0	679999	126.60212	15.90287	135.67068	-59.80325	126.6022	15.903216	135.71155	-35.334328	-2.8828647	1.9105829	31.641426	-12.148594	-127.29361	2.5081623	17033.764764785767
171	940.98395	81.949234	1046.8401	834.94086	887.56287	29.115679	898.5883	800.28094	883.721	29.6158	899.4531	800.1014	857.6627	43.497166	896.88544	796.15173	1000.0	1000.0	1000.0	1000.0	683999	126.67311	15.8446245	135.46558	-49.29526	126.673	15.847655	135.74055	-38.18906	-2.8414762	1.934266	27.970144	-14.77413	-127.35289	2.4584897	17139.81215929985
172	984.0117	72.98921	1076.6685	887.0137	886.00085	33.394436	925.7699	801.6882	871.1505	37.14637	901.77374	800.39703	898.9906	17.560663	945.0889	869.06903	977.25	1000.0	1000.0	1000.0	687999	126.72012	15.998448	136.2809	-46.732056	126.72024	15.998841	135.85654	-34.733574	-2.889937	1.895659	31.246763	-12.715565	-127.40268	2.6143234	17244.54367542267
173	1085.486	50.300854	1143.4114	1009.4993	993.70105	146.67383	1168.0668	768.3857	925.876	86.122536	1178.014	852.1074	911.1782	80.86774	1122.3989	847.2003	1000.0	1000.0	1000.0	1000.0	691999	126.89159	15.6987505	135.89558	-33.341824	126.89145	15.70335	136.0047	-33.137707	-2.8724635	1.888824	25.646917	-15.507912	-127.57161	2.541994	17348.37026810646
174	1008.0025	25.602749	1027.9329	965.22253	943.9595	125.21626	1116.6244	799.21204	907.09393	87.970375	1137.5597	799.1338	992.99915	91.46885	1110.8188	894.6706	1000.0	1000.0	1000.0	1000.0	695999	126.90314	15.873823	135.9973	-39.125683	126.9033	15.875602	136.19579	-84.434715	-2.8386197	1.9379501	28.980085	-11.994257	-127.57416	2.6302865	17452.053626060486
175	1090.3866	21.348745	1109.1206	1055.1509	922.917	75.0004	1147.89	895.7296	915.1257	89.95226	1169.6228	798.0254	933.64484	96.90015	1124.6714	831.9181	1000.0	1000.0	1000.0	1000.0	699999	127.05805	15.820143	136.52989	-69.647354	127.05818	15.816722	144.34981	-26.33197	-2.819346	1.9563168	35.076935	-13.364019	-127.73922	2.5199692	17556.815988779068
176	1043.3123	44.725903	1084.0706	970.9872	884.23505	32.63827	901.3255	800.1861	855.68115	108.342834	1102.9861	660.1406	901.4282	77.46241	1119.9402	839.3792	1000.0	1000.0	1000.0	1000.0	703999	127.2014	15.730188	136.44267	-51.834625	127.20128	15.729484	139.23683	-52.396088	-2.8145225	1.9613352	34.28787	-14.794746	-127.88077	2.5910082	17665.83841919899
177	1058.7554	31.402515	1112.8347	1036.3912	905.6791	18.796791	962.0161	898.6224	895.91486	89.850685	1136.4001	800.3854	900.5172	8.354208	918.9988	892.6854	1000.0	1000.0	1000.0	1000.0	707999	127.31693	15.805582	138.0527	-55.213215	127.31691	15.808917	136.90279	-58.260605	-2.8971815	1.9174876	30.45316	-13.280436	-127.99422	2.7173767	17771.58935070038
178	1087.1449	7.114828	1095.4038	1075.9933	889.38495	28.592833	901.13556	803.6893	858.47375	43.382893	900.83105	800.3925	881.6299	29.951433	897.48096	799.9944	1000.0	1000.0	1000.0	1000.0	711999	127.44272	15.7030735	136.93442	-51.224266	127.44268	15.703238	136.74559	-44.38541	-2.8368075	1.9282821	26.116917	-13.7527895	-128.12286	2.4868336	17877.48204612732
179	949.85596	266.73135	1139.2762	489.53903	1115.4889	121.577126	1169.4211	751.80646	984.68787	141.28596	1149.9695	803.1768	1074.9739	136.63043	1153.3433	801.08844	860.0	1000.0	1000.0	1000.0	715999	127.62346	15.531915	137.18272	-65.336945	127.62348	15.529829	137.2871	-39.81334	-2.9130619	1.9183093	36.923706	-13.001092	-128.29663	2.5467455	17981.54222893715
180	1072.0005	25.985704	1112.1735	1041.2687	890.75214	29.027708	902.5829	803.7256	943.37714	104.63606	1183.9525	841.42096	1009.7051	99.798615	1134.2808	896.2769	1000.0	1000.0	1000.0	1000.0	719999	127.84338	15.714153	149.175	-55.742004	127.843	15.716838	147.76729	-52.64931	-2.8512468	1.9683967	33.720825	-12.68491	-128.51904	2.524415	18086.76147890091
181	1117.7991	37.44566	1177.5048	1075.792	906.12854	93.9729	1166.9181	800.67224	947.6317	135.71361	1253.801	775.50867	975.8037	123.426926	1188.1676	885.36206	1000.0	1000.0	1000.0	1000.0	723999	127.99612	15.528116	150.8368	-73.47377	127.99625	15.528509	159.94447	-62.223026	-2.8814232	1.9257907	32.97705	-12.538236	-128.66878	2.5916705	18190.389342069626
182	1151.8718	31.163746	1187.7097	1103.0636	956.4066	87.73924	1104.769	896.6835	961.0339	123.633095	1221.2562	802.00507	937.20764	89.8332	1093.6987	800.1101	1000.0	1000.0	1000.0	1000.0	727999	128.16483	15.479857	157.30582	-49.897892	128.16504	15.478716	141.17307	-48.132442	-2.804076	1.9584546	29.881556	-12.880583	-128.82927	2.9754312	18295.408771038055
183	1091.5386	11.646111	1110.8867	1079.9543	1129.2314	187.0525	1296.8821	899.9256	1042.8899	190.66034	1320.67	802.2905	1204.4872	155.9097	1299.892	893.3396	1000.0	1000.0	1000.0	1000.0	731999	128.3674	15.5927305	139.20367	-69.91846	128.36748	15.592563	140.04272	-52.89228	-2.8475313	1.9770883	30.399315	-13.905275	-129.0468	2.769882	18400.72920179367
184	1103.1964	31.032228	1136.8624	1053.9331	1097.3359	183.61111	1270.6953	804.16534	1037.6234	170.10321	1261.4166	896.7952	1106.7544	173.501	1258.6713	891.3898	1000.0	1000.0	1000.0	1000.0	735999	128.59386	15.662449	140.70296	-59.874245	128.59422	15.659451	142.38387	-50.958397	-2.8571165	1.9654975	34.59082	-12.396379	-129.26591	2.8174915	18504.058787345886
185	1132.0082	31.71074	1176.344	1096.3258	1120.8215	179.81418	1277.0845	900.1658	1117.3796	180.31598	1320.4615	898.74115	1222.9515	143.12183	1285.1803	795.1152	1000.0	1000.0	1000.0	1000.0	739999	128.72931	15.656483	140.76811	-56.848526	128.72934	15.65702	142.31871	-54.91753	-2.8073165	2.0173132	37.924706	-12.838973	-129.40913	3.0668235	18607.9911673069
186	1132.7485	35.275135	1164.6991	1073.1707	1256.2781	115.28753	1324.3655	923.99414	1151.8002	222.70413	1388.2355	796.1099	1196.471	203.26239	1333.0226	775.7235	1000.0	1000.0	1000.0	1000.0	743999	128.98222	15.339014	139.77304	-46.017033	128.98193	15.339649	141.64368	-56.92389	-2.8436856	1.9919424	33.72074	-13.242809	-129.65317	2.691273	18713.08546113968
187	1167.6857	23.099575	1198.4447	1143.9291	846.6232	89.47321	945.182	752.20776	846.98096	64.48468	943.4239	749.3394	852.5203	92.45875	956.06647	749.4096	1000.0	1000.0	1000.0	1000.0	747999	129.4146	15.332111	143.02261	-68.729965	129.41481	15.332981	143.13048	-31.62295	-2.8522255	1.9863734	37.238537	-16.052437	-130.11237	2.7977564	18817.59353160858
188	1145.576	25.819086	1174.0155	1118.2836	1231.8544	9.540185	1242.9537	1213.5254	1243.4347	43.459236	1333.7953	1179.6453	1233.0486	12.0453415	1251.7904	1206.527	1000.0	1000.0	1000.0	1000.0	751999	129.91092	15.345188	142.4608	-52.403164	129.91039	15.345898	148.3201	-36.865276	-2.8883288	1.9419423	44.513405	-14.084854	-130.58554	2.8284616	18923.296739578247
189	1170.3872	39.18071	1223.0337	1127.9928	1008.89905	132.5773	1165.5391	826.1686	1127.5748	84.09396	1186.811	881.09283	1098.8701	106.35176	1182.3776	817.318	1000.0	1000.0	1000.0	1000.0	755999	130.23515	15.292594	142.5718	-75.756516	130.23502	15.292021	143.47353	-78.64689	-2.896591	1.9553971	32.84323	-13.163012	-130.92043	2.5961013	19028.82362985611
190	1147.267	26.149984	1184.316	1122.3802	1083.3915	183.18698	1269.9039	898.9642	1083.0203	185.19612	1315.8387	895.725	1218.8827	109.75807	1285.6348	898.7841	1000.0	1000.0	1000.0	1000.0	759999	130.51642	15.300439	141.89488	-48.663677	130.5164	15.300746	146.66577	-49.754917	-2.843569	1.9741311	30.609621	-12.37375	-131.20047	2.7681808	19134.05797767639
191	1143.9541	34.481438	1198.4303	1112.6327	920.57117	131.1245	1123.1785	795.1966	1005.9295	181.77298	1285.331	767.8349	1038.6826	89.091545	1150.6216	865.6162	1000.0	1000.0	1000.0	1000.0	763999	130.86984	15.269996	143.23395	-59.88662	130.86986	15.271988	145.4437	-44.158478	-2.8651435	1.9812465	34.36908	-14.79233	-131.56116	2.720271	19237.8925409317
192	1194.3093	12.150692	1214.8033	1184.1844	1283.6066	6.8561716	1290.5726	1268.0555	1243.9315	121.78433	1343.3436	901.2819	1271.2196	18.359426	1285.6724	1235.5988	1000.0	1000.0	1000.0	1000.0	767999	131.20105	15.495099	143.69656	-44.713543	131.20113	15.495277	144.56929	-42.555176	-2.8749273	1.9690008	26.277506	-13.80867	-131.89519	2.7667513	19342.51504921913
193	1163.2428	37.80946	1207.1707	1107.5837	791.23773	48.573784	894.6586	756.8956	761.1932	7.9796352	775.1248	743.4206	769.4816	22.702839	823.86365	750.2269	1000.0	1000.0	1000.0	1000.0	771999	131.6805	15.529989	144.86298	-72.86614	131.68044	15.527978	146.12778	-43.863636	-2.9088037	1.9356904	26.560173	-13.837591	-132.38081	2.8375747	19448.16182398796
194	1185.8467	50.69575	1239.0605	1102.2675	1214.556	88.20834	1283.1506	961.55695	1209.259	222.73079	1412.1411	795.19055	1223.2925	99.44887	1298.4436	950.6202	1000.0	1000.0	1000.0	1000.0	775999	132.28987	15.3238325	156.47917	-35.378975	132.28935	15.329696	156.65	-57.04556	-2.8568776	1.9660454	29.943832	-12.317233	-133.00475	2.7671287	19549.118336439133
195	1164.8966	29.235636	1205.7742	1124.0035	1086.2347	322.44815	1220.9445	120.236435	1102.8262	321.90652	1289.5813	150.22179	1209.1947	17.74614	1242.3608	1175.1663	1000.0	910.6	912.0	1000.0	779999	132.83179	15.650561	146.38593	-49.561344	132.83218	15.647842	147.90695	-35.43544	-2.8590293	1.9618373	28.649519	-14.873477	-133.53693	3.0495005	19651.859141349792
196	1180.8069	19.114676	1198.6101	1148.7347	747.6837	5.365016	756.3758	739.3102	753.09	17.883389	793.7927	735.4477	753.8946	20.11485	812.27875	734.91296	1000.0	1000.0	1000.0	1000.0	783999	133.46733	15.44558	146.60779	-45.405552	133.46736	15.44489	147.01088	-45.0638	-2.857105	1.9648678	33.254555	-12.992245	-134.18187	2.6275811	19757.25434923172
197	1182.9735	54.995342	1265.6389	1110.966	853.20526	61.215	937.8629	765.0934	875.39197	90.29858	1083.5232	759.69824	915.4746	124.47472	1156.6387	761.3412	1000.0	1000.0	1000.0	1000.0	787999	133.96924	15.687676	146.25089	-52.06579	133.96912	15.68546	146.92636	-33.596085	-2.8237612	1.9685942	79.902176	-12.769819	-134.68153	2.6429965	19857.696462869644
198	1169.9791	43.69591	1227.2422	1110.109	825.49817	80.7514	1008.8167	750.01587	836.1373	86.12108	970.44336	750.22003	881.18835	111.41993	1040.6252	735.96466	1000.0	1000.0	1000.0	1000.0	791999	134.15704	15.606836	147.93217	-52.045486	134.15694	15.60608	148.76877	-55.331196	-2.7938278	1.9551822	104.890274	-13.203324	-134.83563	2.762611	19961.98560643196
199	914.1312	388.18777	1152.8335	144.2772	1160.763	196.73465	1341.6038	896.49475	1127.2885	211.5816	1376.3658	853.05457	1275.5125	79.0105	1328.5079	1060.6838	823.4	1000.0	1000.0	1000.0	795999	134.04143	15.696621	148.27258	-72.149124	134.0412	15.698298	149.24756	-48.598686	-2.7781084	1.9714534	33.83158	-13.886882	-134.72675	2.86715	20067.69757246971
200	1215.3671	20.706213	1251.1459	1201.1263	1187.9597	59.923676	1335.0109	1084.8475	1032.9617	217.16223	1392.2482	806.2255	1105.2869	133.97723	1282.8948	864.4255	1000.0	1000.0	1000.0	1000.0	799999	134.12907	15.350666	148.49873	-54.527657	134.12894	15.348462	149.57933	-38.939373	-2.833264	1.9659698	58.82137	-13.732525	-134.81139	2.7056763	20170.79829621315
201	1205.3467	46.35677	1263.6362	1134.5416	1125.4424	224.09782	1297.1462	780.7197	1135.2404	197.22372	1331.8483	863.88086	1182.3652	192.12091	1293.292	772.0769	1000.0	1000.0	1000.0	1000.0	803999	134.28671	15.583379	149.20357	-69.687325	134.28677	15.5801525	149.66388	-34.836594	-2.8080266	1.9810159	61.345688	-13.942707	-134.9836	2.738218	20274.927513360977
202	1214.0271	20.754608	1238.018	1181.6322	1309.7013	1.6352587	1312.5157	1306.4746	1289.6082	69.04979	1392.8489	1187.6255	1303.7218	4.5593476	1309.3866	1295.5836	1000.0	1000.0	1000.0	1000.0	807999	134.62714	15.889307	149.49565	-55.180763	134.62685	15.889488	149.29745	-33.85993	-2.7960818	1.9565438	36.07287	-12.654653	-135.32732	2.9490817	20379.333133220673
203	1184.654	27.992582	1213.1962	1153.7979	1293.8799	8.425034	1304.1578	1274.8109	1227.032	115.30294	1388.5929	984.2206	1295.122	10.402713	1305.6935	1266.1833	1000.0	1000.0	1000.0	1000.0	811999	135.17912	15.711345	149.68639	-87.02663	135.17924	15.706879	150.94867	-42.12065	-2.7804859	1.9872545	32.585575	-12.763866	-135.89116	2.8289335	20483.53468632698
204	1217.4331	17.772087	1238.4246	1193.8678	1165.8564	134.71533	1279.4501	902.5255	1070.4558	213.17029	1316.2555	772.96466	1123.4749	180.10591	1277.4746	832.78546	1000.0	1000.0	1000.0	1000.0	815999	135.51134	15.730189	150.37862	-45.03075	135.51077	15.7296715	151.79506	-39.113926	-2.7646692	1.9692503	88.75622	-13.195337	-136.20784	3.0074663	20592.06473684311
205	1213.0723	22.10202	1235.7131	1180.0359	1301.346	3.3658967	1304.6486	1295.5465	1297.6152	38.467148	1374.2747	1234.0333	1299.0999	3.406057	1304.5974	1293.6619	1000.0	1000.0	1000.0	1000.0	819999	135.76079	15.930861	150.40456	-69.61169	135.76056	15.931094	152.50897	-52.50234	-2.7704566	1.9666578	30.649923	-12.228649	-136.45186	2.928814	20696.937598228455
206	1200.6005	29.203781	1239.0256	1163.2291	1284.1036	3.3874946	1288.3282	1277.3712	1276.0354	49.327347	1372.1366	1209.1866	1287.2412	5.0356097	1293.8528	1274.7233	1000.0	1000.0	1000.0	1000.0	823999	135.96748	15.711136	152.01274	-64.47322	135.96732	15.710113	152.6752	-75.9937	-2.7592032	1.9885277	67.28664	-13.147968	-136.6578	3.2079244	20800.96582698822
207	1224.5203	9.68967	1238.5453	1211.7759	1369.1868	5.578712	1378.3927	1359.1752	1353.0308	36.588978	1420.0404	1291.1107	1368.9285	5.1261272	1375.4479	1356.7347	1000.0	1000.0	1000.0	1000.0	827999	136.19148	15.657568	152.58006	-29.529636	136.19145	15.657683	153.0993	-43.392517	-2.7525287	1.9951106	73.53999	-12.548168	-136.89716	2.9228148	20906.6904900074
208	1220.3678	17.44448	1241.0216	1196.081	1370.528	2.1112053	1374.8037	1367.3597	1366.4792	51.866833	1448.517	1300.0416	1367.9681	5.45765	1379.0219	1359.1365	1000.0	1000.0	1000.0	1000.0	831999	136.33878	15.574369	152.1029	-42.259056	136.33862	15.573873	153.90526	-40.563873	-2.80762	1.9325725	33.66924	-12.678503	-137.0275	3.1051152	21012.33757662773
209	1215.6234	19.357487	1232.1117	1183.6405	1318.8378	3.9331028	1323.8516	1310.9731	1147.2003	179.05757	1341.2919	850.55194	1315.0857	6.294812	1325.992	1306.5658	1000.0	1000.0	1000.0	1000.0	835999	136.53857	15.62477	151.56584	-36.87062	136.5387	15.622478	152.79256	-38.65577	-2.7278016	2.033893	31.496298	-13.244457	-137.2445	3.0826426	21116.656997919083
210	1243.1418	21.945934	1272.2424	1217.1259	1390.4685	5.0202327	1401.4332	1385.9017	1382.4342	31.180449	1435.5541	1331.1143	1386.2808	4.618407	1396.1694	1376.4956	1000.0	1000.0	1000.0	1000.0	839999	137.22827	15.6845455	152.4104	-33.894913	137.22762	15.684659	152.1217	-39.488144	-2.6851568	2.0386224	34.025433	-14.514641	-137.94943	2.9230971	21222.931901693344
211	1229.7443	24.816185	1263.2443	1199.4435	1213.3181	9.158275	1229.7354	1196.9132	1111.3856	164.27234	1274.9764	762.5902	1227.0627	15.732609	1263.4122	1210.8273	1000.0	1000.0	1000.0	1000.0	843999	137.85757	15.525976	155.86354	-38.89722	137.8578	15.523755	153.62422	-35.532383	-2.7077866	2.006798	31.753075	-12.022608	-138.56418	2.7957578	21324.206435203552
212	1267.9246	19.179787	1292.8656	1247.5515	1142.6545	154.4152	1226.0118	829.7011	1158.6033	165.98404	1275.2539	779.6302	1174.4905	92.43262	1229.5503	905.29694	1000.0	1000.0	1000.0	1000.0	847999	138.285	15.778521	154.6744	-45.477047	138.28474	15.77601	153.9888	-37.31344	-2.6596842	2.0573452	39.440483	-13.0942	-139.01288	3.0405548	21431.719695806503
213	1267.7238	13.955567	1284.2322	1251.2651	1297.428	2.9578223	1302.0781	1290.6908	1308.7269	52.516464	1375.4213	1221.4088	1302.9951	7.074276	1311.4021	1285.6586	1000.0	1000.0	1000.0	1000.0	851999	138.8178	15.535883	154.02603	-40.969006	138.81775	15.534044	154.15457	-55.14179	-2.7323413	2.0010514	42.657646	-14.523074	-139.52528	3.006246	21538.165983200073
214	1251.8135	22.503757	1281.3666	1224.3585	1047.2004	24.184994	1082.7144	1020.7598	991.9442	113.65395	1164.2413	835.56354	1089.7131	25.674385	1138.1116	1053.8805	1000.0	1000.0	1000.0	1000.0	855999	139.08963	15.460774	157.74596	-43.1961	139.08931	15.46142	166.55672	-38.79549	-2.7018728	1.9925841	32.66504	-12.654208	-139.80194	2.9875965	21642.580580472946
215	1218.1381	19.601452	1245.2809	1191.0402	1276.6992	19.662857	1323.7957	1248.4402	1342.5048	38.290077	1408.1335	1282.2928	1292.7422	19.431204	1337.8024	1262.9569	1000.0	1000.0	1000.0	1000.0	859999	139.5122	15.702906	156.33788	-46.91916	139.51224	15.701709	156.86185	-49.226555	-2.6617627	2.0252547	29.820961	-13.725342	-140.23413	3.0569563	21743.867683172226
216	1287.9086	17.199392	1305.0505	1259.9856	1457.7886	3.3655224	1461.0558	1450.1866	1476.1757	38.209076	1520.0072	1406.5109	1456.2078	3.137004	1464.3641	1453.163	1000.0	1000.0	1000.0	1000.0	863999	139.81145	15.804696	155.31497	-47.51527	139.81143	15.805152	155.74109	-50.099365	-2.6738355	2.0131054	41.173874	-13.369298	-140.50806	3.0431464	21846.39376449585
217	1297.5051	22.919142	1326.6807	1274.5112	1359.6145	5.558601	1369.0538	1353.0776	1366.0762	52.802113	1417.6547	1233.2689	1363.0862	3.2108037	1370.0237	1358.7549	1000.0	1000.0	1000.0	1000.0	867999	140.34671	15.6611395	156.73009	-30.20877	140.34644	15.660858	158.11218	-31.245651	-2.724655	2.002528	32.860043	-14.274802	-141.07985	2.884736	21951.889725208282
218	1295.6516	12.512985	1304.158	1274.1222	1387.6956	3.6224675	1393.105	1382.2751	1381.888	34.649242	1456.9487	1338.7234	1384.4604	2.4444194	1387.139	1378.8024	1000.0	1000.0	1000.0	1000.0	871999	141.05685	15.860767	156.9925	-66.55105	141.05624	15.863333	157.09737	-50.613174	-2.653851	2.032958	30.912521	-12.250007	-141.8111	2.9393716	22057.770753622055
219	1282.7612	7.51427	1293.3488	1272.4917	1412.0798	4.8199844	1417.212	1401.1698	1401.9692	22.09954	1432.3707	1365.5929	1408.0809	4.4436913	1414.3682	1400.5891	1000.0	1000.0	1000.0	1000.0	875999	141.8581	15.64016	157.10786	-47.555656	141.85823	15.636575	157.28831	-37.66328	-2.6804147	2.0156257	31.831932	-13.042818	-142.58641	2.913614	22163.325492620468
220	1265.3788	10.490011	1280.3878	1251.2114	1406.1428	4.567791	1411.771	1395.5371	1405.2263	29.954178	1445.1404	1350.3923	1401.6892	5.9010496	1410.0524	1391.982	1000.0	1000.0	1000.0	1000.0	879999	141.8581	15.658502	157.36876	-68.82723	141.85796	15.654894	157.50314	-40.940926	-2.7066584	1.989801	41.67834	-11.78739	-142.55734	2.9221816	22267.463003396988
221	1279.9485	26.845144	1315.1829	1248.2786	1299.6086	4.0840797	1308.0703	1293.6273	1232.3202	162.14198	1366.9277	784.62067	1302.9795	6.1564565	1312.4574	1294.425	1000.0	1000.0	1000.0	1000.0	883999	141.7962	15.5402	157.54993	-50.132187	141.79608	15.541168	158.9125	-44.588764	-2.7040896	1.9880745	29.610596	-14.27848	-142.50903	2.8049335	22370.7677257061
222	1258.6672	19.97822	1290.5295	1238.5852	1378.5623	4.9550343	1385.9131	1372.8624	1377.5496	27.375387	1422.0333	1321.068	1380.5532	4.4235253	1385.1818	1368.8815	1000.0	1000.0	1000.0	1000.0	887999	141.77722	15.949183	158.36987	-42.338913	141.77687	15.950619	158.29355	-78.05187	-2.6788056	2.0223005	46.363388	-13.379123	-142.48975	3.1583185	22490.347537755966
223	1271.1375	31.083666	1310.7191	1233.7601	1373.7805	5.9664764	1381.8539	1360.4142	1368.5701	22.637506	1396.2665	1316.8889	1379.444	5.783505	1390.4304	1370.4225	1000.0	1000.0	1000.0	1000.0	891999	141.9893	15.860437	158.82072	-29.363659	141.98923	15.861717	158.22964	-26.372702	-2.7174807	2.0119073	28.568153	-13.2091465	-142.70569	3.1215675	22594.306451559067
224	1268.6307	8.489888	1278.2616	1255.7478	1402.7367	2.9535193	1406.2003	1396.3241	1378.331	41.4859	1455.1327	1302.2042	1402.3411	3.8421252	1408.528	1395.6	1000.0	1000.0	1000.0	1000.0	895999	142.31496	15.796859	158.81223	-36.731438	142.3148	15.798362	159.37424	-45.787487	-2.6441956	2.0073278	46.65045	-15.499285	-143.0495	2.929704	22697.63540673256
225	1268.9072	8.013092	1282.7852	1264.1173	1308.1353	6.2548213	1314.7268	1294.9587	1313.1726	40.47393	1384.5876	1249.5271	1313.735	2.1288388	1316.0573	1309.5957	1000.0	1000.0	1000.0	1000.0	899999	142.7597	16.02654	159.86966	-43.439816	142.75977	16.027674	159.2158	-45.25248	-2.5718243	2.0511055	38.95693	-12.570312	-143.49168	3.0111713	22804.20244383812
226	1028.2693	494.8727	1287.945	38.640747	1358.5544	4.0900764	1367.0281	1351.9487	1346.9896	23.297766	1410.6255	1325.2029	1357.0774	3.4586062	1364.675	1352.323	807.2	1000.0	1000.0	1000.0	903999	143.00763	16.02394	160.58154	-49.003487	143.0079	16.019787	159.39757	-51.936714	-2.651378	2.0646162	42.55295	-13.075405	-143.72815	2.8087935	22906.422387838364
227	1299.55	2.4086347	1301.1527	1295.3867	1375.8485	4.133855	1386.3973	1371.789	1390.8145	36.73052	1429.5702	1295.8245	1373.8209	3.928971	1381.9203	1367.9298	1000.0	1000.0	1000.0	1000.0	907999	143.06259	15.692833	160.19113	-80.84599	143.06235	15.693284	160.62643	-57.81169	-2.6862543	1.9894532	28.445076	-13.524562	-143.7756	3.0327382	23023.079609632492
228	1284.3699	19.364908	1310.5724	1260.4269	1420.565	3.5683415	1425.8281	1413.2266	1409.0043	29.762486	1458.336	1362.8446	1413.45	4.5674644	1422.9784	1405.6965	1000.0	1000.0	1000.0	1000.0	911999	143.35757	15.557461	161.40599	-23.991735	143.35794	15.556178	161.34317	-35.48688	-2.6625357	2.0181937	45.331455	-12.838329	-144.07208	2.807857	23127.809101343155
229	1293.4392	13.404253	1310.9204	1273.697	1457.778	3.6184237	1461.8473	1449.4371	1446.1403	35.83812	1507.8615	1405.2828	1452.6179	2.4193642	1457.0038	1447.8231	1000.0	1000.0	1000.0	1000.0	915999	143.71129	15.592533	161.26454	-36.667377	143.7112	15.591109	162.59361	-25.144424	-2.5795035	2.0324578	33.437492	-13.893309	-144.44078	2.822828	23234.183720827103
230	1284.1536	11.511956	1302.4177	1272.287	1344.9712	2.9669485	1349.8734	1340.3586	1345.9631	37.038536	1435.962	1299.1609	1349.2728	3.7149434	1356.1128	1343.9426	1000.0	1000.0	1000.0	1000.0	919999	144.04495	15.655666	160.42792	-59.965183	144.04465	15.656249	160.52275	-40.136497	-2.5545735	2.0146196	35.639954	-13.127617	-144.75096	3.1683767	23341.736191272736
231	1298.8909	16.99016	1315.345	1274.7394	1433.6443	2.0866413	1437.5515	1431.0259	1438.0192	26.70718	1466.14	1383.4194	1431.5359	4.782258	1440.6862	1425.0613	1000.0	1000.0	1000.0	1000.0	923999	144.09106	16.050049	161.28499	-25.494091	144.09067	16.052288	160.26549	-32.21044	-2.5726755	2.028248	36.51304	-12.637389	-144.80621	2.9298267	23446.97517633438
232	1295.018	15.204575	1310.4803	1273.267	1485.6282	3.4790587	1493.9058	1481.3903	1487.0061	34.65677	1533.6288	1420.668	1486.9739	5.0926766	1497.5865	1478.6067	1000.0	1000.0	1000.0	1000.0	927999	144.07361	16.13153	161.21092	-28.899952	144.07364	16.129679	162.8846	-54.13869	-2.6350691	2.0161743	44.186752	-13.220723	-144.77687	3.4602084	23551.7309820652
233	1329.0299	9.66396	1340.56	1313.7545	1380.2874	4.181048	1384.5759	1370.3699	1387.8611	26.873247	1415.1965	1338.057	1379.3859	2.2903676	1383.6473	1375.782	1000.0	1000.0	1000.0	1000.0	931999	144.22887	16.127989	162.3213	-61.8757	144.22856	16.128393	162.68047	-59.76471	-2.5631108	2.041714	31.475655	-12.52067	-144.94089	3.314895	23664.83033299446
234	1277.2988	18.12517	1300.6913	1252.2803	1413.9335	2.5568821	1418.9841	1410.2269	1409.8958	26.001347	1441.2766	1369.0427	1412.8527	2.1130018	1416.2931	1410.2529	1000.0	1000.0	1000.0	1000.0	935999	144.45042	16.02484	161.72011	-57.521442	144.45041	16.022839	161.89644	-45.417442	-2.5862772	2.017834	29.650253	-12.535961	-145.15765	2.9647725	23777.31264400482
235	1295.9451	0.45958573	1296.5789	1295.3512	1502.2924	2.8063574	1508.1553	1498.7426	1510.1416	26.840084	1543.8491	1458.6091	1497.2659	3.73528	1502.5511	1490.1296	1000.0	1000.0	1000.0	1000.0	939999	144.59183	15.937191	161.34726	-56.428516	144.59212	15.934082	162.067	-37.40181	-2.579859	2.0296292	31.006073	-13.487505	-145.31215	2.9838657	23880.50699877739
236	1321.7522	24.582739	1358.7354	1294.252	1442.8748	3.9615467	1452.7603	1436.9226	1454.1838	24.182491	1487.8331	1398.5063	1441.2676	5.0345044	1450.4971	1432.7975	1000.0	1000.0	1000.0	1000.0	943999	144.94786	15.765626	162.7838	-55.422848	144.94792	15.762676	162.47673	-60.768555	-2.5770783	2.0495367	35.649605	-11.830706	-145.66866	3.10092	23985.499247074127
237	1314.6934	7.231006	1326.6787	1307.7832	1471.3772	3.8165495	1475.0975	1464.2869	1470.0924	37.095055	1540.3171	1415.2789	1462.8094	6.117662	1471.8486	1454.2076	1000.0	1000.0	1000.0	1000.0	947999	145.41348	15.723134	163.75732	-47.59073	145.41328	15.721474	163.50221	-26.77372	-2.5715437	2.0435033	26.22154	-13.7539425	-146.14603	3.3272352	24088.112766504288
238	1317.1698	12.342698	1330.1515	1300.6404	1431.633	4.6650357	1440.1318	1421.205	1449.8474	20.889128	1485.7435	1424.0791	1430.1842	7.803158	1442.6084	1418.9011	1000.0	1000.0	1000.0	1000.0	951999	146.07492	15.767049	164.19156	-27.76544	146.07458	15.7682295	163.22482	-32.145374	-2.4650276	2.0588698	28.320957	-12.312119	-146.83983	2.8608203	24200.81974506378
239	1311.0155	34.26067	1355.7769	1260.1958	1435.1311	3.0838687	1442.0986	1431.0055	1418.8938	35.250156	1467.9476	1353.3529	1432.1705	5.151723	1440.2072	1421.3865	1000.0	1000.0	1000.0	1000.0	955999	146.9032	15.870361	164.12877	-50.163902	146.9032	15.87124	164.35434	-86.48561	-2.5039499	2.0422647	26.468763	-13.981755	-147.63959	3.077215	24398.74179959297
240	1321.3992	17.518078	1339.6256	1292.4719	1442.4065	5.361534	1450.4115	1432.5825	1446.425	32.275703	1508.1664	1395.7131	1441.0643	4.2937884	1449.718	1434.1046	1000.0	1000.0	1000.0	1000.0	959999	147.08295	15.8050165	164.3448	-90.61347	147.08272	15.802014	164.30435	-52.48063	-2.5498245	2.0657816	31.756128	-12.520283	-147.7985	3.0860693	24502.026027679443
241	1335.1378	22.711966	1363.7748	1309.2568	1511.0847	5.0586796	1519.9576	1501.0216	1510.252	30.33639	1564.5004	1473.2407	1509.0511	5.3772883	1522.5739	1502.0597	1000.0	1000.0	1000.0	1000.0	963999	147.11049	15.967312	165.51694	-39.82252	147.11008	15.968166	165.15001	-35.781803	-2.5274043	2.057286	55.21341	-13.13204	-147.83315	3.1530054	24608.707173109055
242	1335.66	6.569371	1342.0267	1324.8156	1519.5538	1.9851153	1523.692	1516.6265	1520.0251	22.413334	1550.3317	1474.8177	1517.4368	4.3870134	1524.5641	1509.0817	1000.0	1000.0	1000.0	1000.0	967999	147.36917	16.19927	164.5093	-33.80648	147.36903	16.200768	165.94157	-41.80372	-2.5694284	2.0256453	28.151157	-12.930046	-148.09273	2.811455	24713.894199848175
243	1336.8862	12.638043	1358.4786	1326.3197	1437.5133	5.1531587	1446.4011	1431.3628	1449.1027	46.72433	1531.1069	1389.4929	1434.6669	4.7775235	1445.5145	1427.6332	1000.0	1000.0	1000.0	1000.0	971999	147.5216	16.203157	164.94539	-59.487007	147.52126	16.20461	164.57024	-42.948185	-2.5705628	2.0447013	32.975628	-13.271964	-148.25262	3.1316326	24820.254973888397
244	1329.3303	19.770567	1355.0721	1299.9025	1484.1711	3.120463	1489.2618	1478.792	1464.7034	45.53309	1541.6072	1395.0724	1482.0582	3.0710697	1486.1196	1476.8047	1000.0	1000.0	1000.0	1000.0	975999	147.94743	16.123528	165.18782	-52.532036	147.947	16.129156	165.61697	-70.50045	-2.5392952	2.0647938	42.452915	-14.232002	-148.691	3.017858	24930.56092953682
245	1346.419	11.885639	1365.7793	1334.2579	1407.5134	6.028033	1419.4891	1399.0377	1401.3977	44.992233	1463.3102	1310.7218	1410.2971	10.453397	1428.4321	1391.1401	1000.0	1000.0	1000.0	1000.0	979999	148.32152	16.385675	165.80067	-45.747448	148.32137	16.387192	166.34879	-48.31935	-2.5073688	2.0535054	43.524303	-13.766317	-149.05836	3.1828024	25034.302481412888
246	1356.4862	6.732219	1365.4077	1347.7865	1482.4816	2.147928	1485.5498	1479.3507	1448.6128	27.924063	1478.5465	1385.4309	1477.0085	1.8128899	1479.2181	1473.9008	1000.0	1000.0	1000.0	1000.0	983999	148.68347	16.115477	166.538	-34.8018	148.68356	16.112562	166.26656	-56.248432	-2.565966	2.0308676	35.67086	-12.599868	-149.41144	3.2501664	25138.912308454514
