Epoch	AverageEpRet	StdEpRet	MaxEpRet	MinEpRet	AverageTestEpRet	StdTestEpRet	MaxTestEpRet	MinTestEpRet	AverageTransferEpRet	StdTransferEpRet	MaxTransferEpRet	MinTransferEpRet	AverageRandomEpRet	StdRandomEpRet	MaxRandomEpRet	MinRandomEpRet	EpLen	TestEpLen	TransferEpLen	RandomEpLen	TotalEnvInteracts	AverageQ1Vals	StdQ1Vals	MaxQ1Vals	MinQ1Vals	AverageQ2Vals	StdQ2Vals	MaxQ2Vals	MinQ2Vals	AverageLogPi	StdLogPi	MaxLogPi	MinLogPi	LossPi	LossQ	Time
1	16.965094	3.6565104	32.65156	9.868053	69.12633	28.774132	124.09312	28.572699	82.39686	14.273275	107.995186	57.1372	74.16539	25.890318	117.98458	30.774769	14.594891	69.4	74.6	74.7	3999	11.311335	7.0964713	26.54668	-2.154371	11.311193	7.0966144	26.795555	-2.6030178	-2.7350104	1.7744429	12.620384	-12.52743	-12.583029	0.46104473	54.208335876464844
2	16.84929	3.0207272	26.674828	10.981549	247.43863	236.75774	698.25305	23.574291	114.64172	163.3383	600.6679	27.240337	133.7451	165.776	626.6634	33.17302	14.541819	357.0	179.1	187.9	7999	26.555475	12.381339	47.320625	-5.974446	26.555784	12.379889	47.168262	-4.7115636	-1.7091577	2.9661064	18.64769	-12.0616665	-28.879835	0.8677062	129.84189534187317
3	24.360132	18.64531	90.616844	10.247511	72.88402	18.531761	109.70729	52.761494	67.38961	15.142398	95.56854	46.353016	67.89897	22.937338	107.80474	25.691591	23.627218	78.7	66.3	66.2	11999	40.17495	17.84011	63.874565	-6.4022784	40.17509	17.836721	63.986385	-7.9402666	-1.0517751	3.5528176	22.260338	-12.768504	-43.56196	3.2407968	198.39282941818237
4	70.41694	19.422916	133.66417	18.898207	105.3904	14.769203	132.06602	78.00926	156.45139	196.42502	741.77856	49.61128	125.826805	24.692307	166.68129	95.21498	72.56364	92.9	184.2	113.2	15999	52.111916	21.048094	74.648865	-13.333349	52.11288	21.042532	74.818825	-16.826868	-1.1153011	3.7132926	26.373661	-12.889702	-55.468884	3.9925654	270.383549451828
5	68.53421	23.242556	155.31018	17.831224	289.66608	276.7156	725.2644	18.223505	145.5159	183.48584	692.49536	33.764187	273.30975	275.251	694.9927	78.228676	79.38776	394.4	167.7	352.9	19999	57.08669	24.17337	83.453186	-21.999592	57.088184	24.168314	82.47667	-20.016537	-1.1736091	3.4148548	27.072268	-12.178833	-60.034492	4.0988617	348.05664587020874
6	75.23968	25.869938	150.5622	27.393261	208.35165	186.55432	728.5502	48.62701	143.54053	110.15192	381.19037	37.361954	124.4572	18.152843	154.54482	93.33288	97.64286	242.0	167.7	112.6	23999	58.15573	27.68735	88.507904	-14.93171	58.15454	27.689653	88.3358	-13.032722	-1.3884416	3.2822025	28.235722	-17.466637	-60.822083	5.011288	421.1911497116089
7	94.755775	38.418285	208.248	37.373505	447.08325	238.20312	689.50555	127.87372	211.08757	238.13672	686.968	26.556376	202.89552	195.02101	687.58777	28.174212	119.878784	617.9	299.8	281.3	27999	58.138836	28.939486	93.99713	-14.330306	58.137405	28.94182	93.68107	-19.618147	-1.3927819	3.157771	25.597876	-12.644625	-60.567722	7.0858927	503.45879578590393
8	103.12161	38.510727	227.13846	32.272278	99.10582	57.723362	203.72565	34.096428	286.46945	260.5694	854.8511	38.25509	149.32498	219.3715	797.5368	24.982365	139.55173	135.8	338.6	205.2	31999	58.244595	29.06025	94.63779	-15.052808	58.24349	29.060925	94.48096	-26.619282	-1.4217079	3.0362709	27.118921	-13.539116	-60.380135	8.725387	579.8475937843323
9	135.72334	63.450127	369.4976	50.209404	221.63069	220.3685	803.1897	35.18295	321.65387	337.28943	897.61957	23.968046	205.1619	86.38137	352.26523	84.83766	180.90909	244.5	370.3	210.1	35999	58.738445	29.020788	97.51832	-10.313963	58.737144	29.017923	97.13186	-11.225288	-1.4742953	2.9744515	28.547115	-13.903276	-60.72039	10.327566	665.5887553691864
10	109.07629	54.930237	200.01968	4.1182747	267.09576	175.6537	621.0449	116.3546	236.7865	240.79517	800.2422	34.723766	372.73972	237.61488	622.21844	30.116106	149.37038	345.7	305.0	570.8	39999	59.40219	28.646887	101.552956	-11.880289	59.40048	28.64568	95.93195	-12.0010805	-1.4158723	3.0011883	27.090618	-12.767879	-61.203594	11.349076	748.3465135097504
11	121.445305	55.793694	216.88448	25.83849	379.61316	262.5634	702.47015	100.65418	343.36392	291.64044	705.5115	43.00873	254.79141	166.39648	692.37695	103.56926	176.13637	505.8	482.1	309.1	43999	60.177074	28.496878	99.91877	-16.019962	60.17726	28.491837	99.76489	-14.802132	-1.4622331	2.9726532	26.809593	-15.283474	-61.88211	12.069371	842.4205279350281
12	171.4376	163.05537	681.052	36.30999	352.80292	239.53731	741.8813	130.89653	179.67647	211.87817	775.45593	25.204254	353.352	256.6654	773.1376	103.56945	251.53334	471.0	228.7	431.2	47999	61.61912	28.523565	102.434265	-17.756475	61.61958	28.52082	99.14218	-13.048887	-1.4892377	2.8826253	22.39856	-13.883547	-63.221	11.996174	925.2943780422211
13	343.4308	198.59163	619.9688	78.73142	424.24493	205.19267	694.48566	187.88635	267.24283	173.06487	693.2562	57.805634	394.809	193.60101	690.9314	200.32022	539.625	579.5	363.5	564.6	51999	63.481064	28.454807	106.50338	-13.74711	63.480083	28.453642	106.32703	-10.315001	-1.4371718	2.934244	26.425652	-14.865057	-65.04903	11.16328	1012.6091513633728
14	193.14601	168.54839	640.2003	27.791866	323.1353	198.62207	750.1161	180.18121	373.6444	272.01987	963.66113	117.00917	398.68402	206.24391	660.9272	145.77718	269.4	382.5	453.0	540.7	55999	65.49209	28.01504	105.234276	-14.603109	65.49178	28.012098	107.620834	-11.45358	-1.5424824	2.9241488	32.835083	-12.468662	-66.94836	9.938406	1097.2856352329254
15	270.21243	159.00381	639.1173	94.18524	303.24896	195.6676	603.2326	57.644978	143.8227	79.34041	232.75018	24.500254	202.93163	148.03307	613.2874	46.176556	359.45456	438.3	182.8	263.7	59999	66.83754	27.970577	98.99068	-13.132165	66.83672	27.966799	98.81184	-20.808159	-1.5623997	2.8998663	26.582989	-13.3570595	-68.25902	8.750119	1177.0586795806885
16	353.4079	216.45964	685.4264	150.76534	722.8535	40.02844	808.381	692.33954	516.1698	299.11407	807.0295	54.001434	712.74884	24.408024	776.08484	690.6565	502.0	1000.0	719.8	1000.0	63999	68.69365	28.01677	101.393265	-13.971457	68.69264	28.014095	102.464165	-12.635077	-1.6685469	2.8096454	27.837662	-14.012459	-70.04429	7.7773533	1279.4705896377563
17	581.67615	162.38518	690.91095	300.9227	364.12762	188.23218	699.4975	200.00705	252.50847	232.50664	698.05646	31.39458	346.32428	148.1799	608.7415	187.73006	846.0	483.8	327.8	447.2	67999	70.87102	27.873436	101.23493	-15.565901	70.87051	27.87066	101.13438	-14.885106	-1.6942002	2.817949	30.59429	-13.132089	-72.223076	7.013361	1362.8174068927765
18	525.7529	188.93571	689.5517	187.48901	651.1844	223.41101	787.3888	20.552172	579.6793	242.32971	789.99023	86.23598	669.0209	60.55532	776.13666	597.1329	775.0	905.6	791.7	979.4	71999	73.13564	28.058065	100.70776	-19.31536	73.13493	28.05668	101.27713	-13.157286	-1.7425811	2.7935658	28.62093	-13.362624	-74.45885	6.535898	1471.4692373275757
19	460.90118	191.66206	690.95135	249.8648	471.7509	311.44797	793.76495	65.60369	521.2604	275.38416	789.6498	60.580605	426.19205	275.6625	695.823	46.39661	636.0	679.7	773.0	671.1	75999	75.36308	28.43199	103.342316	-17.38873	75.36264	28.43024	105.077194	-13.696356	-1.7682666	2.767363	28.687777	-13.902	-76.64719	6.3999915	1567.9719109535217
20	587.3169	192.12712	715.1024	207.91304	883.0526	90.61687	984.4461	711.82965	840.91425	42.943993	894.5334	794.2675	840.6657	84.56782	928.45447	706.41705	861.4	1000.0	1000.0	1000.0	79999	77.322334	28.815	109.13616	-14.43868	77.3223	28.812408	111.73308	-10.4368	-1.7402581	2.836142	29.507032	-14.480118	-78.5864	6.4585714	1676.027072429657
21	638.2634	121.89959	715.747	427.32996	757.48785	123.36302	972.00604	597.08356	700.9646	208.66917	895.70807	226.35796	727.6366	182.60994	967.1002	256.44604	892.25	1000.0	884.7	925.1	83999	79.421234	29.137007	105.88898	-15.906694	79.420906	29.134224	107.550156	-17.29879	-1.8054047	2.748821	31.312048	-12.770815	-80.67456	6.507082	1780.8950862884521
22	699.927	5.3120093	705.7284	693.32007	727.63385	44.230095	810.26166	685.7766	696.15326	223.30463	876.02856	57.33625	721.3841	61.948795	812.43536	595.61017	1000.0	1000.0	909.8	1000.0	87999	81.93866	29.3869	108.311516	-16.431353	81.93828	29.385723	109.77712	-14.645343	-1.8000666	2.7942595	28.803556	-13.613867	-83.19457	6.0973024	1890.3769400119781
23	710.7268	11.839439	730.9928	702.0039	815.6584	38.932034	891.0666	776.4768	824.2765	59.24574	889.28156	699.0487	812.6819	37.681293	857.1873	709.7132	1000.0	1000.0	1000.0	1000.0	91999	84.28205	29.69639	109.03226	-12.311018	84.28186	29.694265	110.13498	-13.414694	-1.8429914	2.7756262	28.380817	-13.0550995	-85.52454	5.869325	2001.2636206150055
24	723.07446	16.312191	748.721	705.70154	815.92596	36.255066	895.19006	759.7161	855.9518	60.90816	987.3988	799.2907	858.42786	25.544258	890.1896	825.4685	1000.0	1000.0	1000.0	1000.0	95999	86.80117	29.786024	111.10028	-15.798849	86.80094	29.7837	111.99855	-12.344651	-1.8754152	2.8167598	32.029037	-13.0397835	-88.0351	5.7441883	2108.504382133484
25	492.53067	320.67053	722.5354	12.754412	793.6051	215.31316	903.1002	164.77621	703.3908	297.7669	899.00525	38.369087	889.0553	16.9522	925.3827	855.2798	718.0	923.0	840.4	1000.0	99999	89.0362	30.011648	114.491776	-15.397203	89.03621	30.009218	114.58912	-23.481333	-1.9509858	2.7933896	28.05388	-13.230349	-90.27733	5.5967927	2213.357347726822
26	602.80457	259.5544	750.3278	84.68953	764.21716	76.91024	895.7279	621.7965	841.27576	36.945473	893.27405	805.7776	799.9476	83.78786	877.30994	599.47424	816.2	1000.0	1000.0	1000.0	103999	90.86889	30.493296	114.65122	-14.984171	90.86875	30.490355	116.266014	-14.578085	-1.951226	2.7746022	28.87122	-12.978716	-92.04872	6.1551914	2323.1522088050842
27	742.7081	11.046514	753.34607	724.6613	837.2833	42.54206	891.4134	791.9222	795.2185	177.83391	978.9332	289.92563	827.0295	20.34847	872.44073	808.8384	1000.0	1000.0	930.0	1000.0	107999	92.57423	30.845354	118.356224	-28.91853	92.57384	30.843277	117.55023	-17.560995	-1.9393706	2.8544698	27.821218	-13.408278	-93.76194	6.3409343	2430.2778725624084
28	737.6598	5.536619	743.7582	728.76416	889.79425	8.691745	898.6114	874.1489	725.03937	299.37512	912.5384	35.27915	850.0793	36.77737	890.63934	790.8044	1000.0	1000.0	845.1	1000.0	111999	94.26588	30.742636	117.37366	-18.62419	94.26558	30.739527	119.76984	-15.727076	-1.9827769	2.79085	32.43335	-15.369547	-95.42542	6.4003997	2535.2893409729004
29	530.97577	274.8816	758.61066	110.54083	860.263	57.494133	899.47217	726.5917	853.897	47.708076	899.85095	794.11774	897.72473	27.828718	955.685	838.8737	715.2	1000.0	1000.0	1000.0	115999	96.00808	30.747875	120.52682	-23.807299	96.00754	30.745619	120.466194	-14.840353	-2.0172474	2.7547796	30.759714	-15.219044	-97.16359	6.271745	2643.392864704132
30	739.08105	6.392092	744.68585	728.68176	818.162	34.962265	888.40125	798.1474	854.8034	43.556797	898.84894	800.70325	845.9535	34.019695	883.27936	809.58624	1000.0	1000.0	1000.0	1000.0	119999	97.51038	30.81659	123.48971	-15.649571	97.51021	30.81427	122.729836	-16.03289	-1.9799738	2.8010342	30.690027	-13.670926	-98.64356	6.285998	2750.1936333179474
31	748.52856	9.532428	757.34485	732.6081	826.2137	40.150593	889.42834	791.581	840.63477	63.810867	977.239	744.765	864.67334	21.03347	887.67896	817.17365	995.5	1000.0	1000.0	1000.0	123999	98.76227	30.950144	120.41741	-16.713285	98.76225	30.946682	121.90704	-20.442247	-1.9614526	2.806458	27.061527	-13.28752	-99.87548	6.4171405	2855.5262353420258
32	746.8419	10.3251915	756.53564	731.69055	863.1196	43.932323	900.3361	793.2437	793.9131	208.92726	901.5799	177.85402	876.0754	24.206703	899.30804	833.00165	1000.0	1000.0	916.9	1000.0	127999	100.03337	31.054245	121.79664	-12.810799	100.03302	31.052448	124.011955	-15.215223	-1.9353868	2.8621264	37.411366	-12.993216	-101.1421	6.1987247	2963.847123861313
33	600.5205	251.63226	749.50366	55.93091	812.3177	68.79211	889.43475	696.99567	833.2191	58.505554	904.0625	713.8546	847.5687	45.97374	901.2899	790.3545	810.3333	1000.0	1000.0	1000.0	131999	101.61989	30.859766	123.85734	-18.892456	101.61914	30.85591	124.762825	-18.504812	-2.0425406	2.8054252	30.551313	-12.50088	-102.720566	5.9186063	3074.440423488617
34	668.84625	132.90813	761.2993	439.46332	859.13556	78.64631	927.5535	686.114	817.98413	44.81939	938.1335	776.3085	855.2663	96.3821	961.0184	623.47565	889.5	1000.0	1000.0	1000.0	135999	102.7074	30.632746	122.80724	-19.235271	102.70717	30.6301	125.31568	-17.566097	-2.0975935	2.776197	30.46381	-12.942564	-103.78706	5.8291173	3185.6484570503235
35	754.12476	12.250512	768.8958	734.8412	867.8659	36.960342	899.848	799.8046	814.6305	219.05096	898.7771	157.97424	874.85266	25.817278	906.42053	802.9431	1000.0	1000.0	914.8	1000.0	139999	103.49349	30.504765	123.73895	-22.220505	103.4937	30.50009	125.41124	-15.192806	-2.0455506	2.7751598	30.347044	-14.765742	-104.531334	5.8058705	3295.540406227112
36	428.05984	240.58018	777.8273	89.097115	825.6385	79.625916	895.99493	685.8547	784.56995	49.8916	878.4523	698.03143	804.4305	33.381958	863.7136	753.4722	546.7143	1000.0	1000.0	1000.0	143999	104.29961	30.343561	124.53056	-17.737055	104.29957	30.33945	126.218185	-22.179033	-2.022455	2.805666	35.00067	-14.990793	-105.323044	5.769463	3401.1457364559174
37	600.59534	215.31392	759.8974	203.98265	801.52185	104.19356	899.2517	595.19434	787.8224	225.46097	893.3878	136.27505	800.05817	95.39264	895.08936	596.9171	781.2	1000.0	913.4	1000.0	147999	105.01843	30.033428	125.21622	-18.717194	105.01825	30.029228	131.54382	-14.867981	-1.9995058	2.785208	33.101345	-12.480418	-106.033676	5.762662	3509.4009523391724
38	764.2333	10.017788	779.3931	754.2544	822.0872	43.828407	903.65753	779.0052	590.96344	282.81598	881.4082	130.5959	873.7223	18.695244	900.38306	843.46136	991.5	1000.0	708.8	995.5	151999	105.3896	29.935122	126.916176	-14.865101	105.39004	29.928343	128.72762	-19.559738	-1.9402106	2.82568	38.833176	-11.935051	-106.36195	5.556178	3612.364156484604
39	641.0635	206.50876	766.7587	230.99487	852.0931	79.11152	955.2934	700.0569	856.4938	55.248775	943.477	751.7437	810.97797	84.41841	897.92316	595.01886	831.4	1000.0	1000.0	1000.0	155999	105.95176	29.818258	127.13569	-16.114485	105.95179	29.814419	129.21843	-16.786577	-1.9539773	2.7842228	41.697853	-11.454405	-106.89069	5.597492	3718.299971342087
40	655.9236	194.2336	764.97485	267.9626	835.7669	51.33818	900.58276	780.40717	790.44763	49.99056	900.0661	708.231	837.0675	52.87881	900.7542	777.21936	863.6	1000.0	1000.0	1000.0	159999	106.54264	29.435541	126.28858	-15.772092	106.54256	29.431067	129.86412	-19.019974	-1.9029881	2.854391	51.42553	-14.035183	-107.47406	5.550635	3825.940006017685
41	722.1433	40.80038	752.2452	651.98	832.0078	51.14312	897.69556	778.90045	777.99506	165.19315	897.6723	299.82077	862.6247	40.439907	897.20087	792.96924	957.25	1000.0	935.6	1000.0	163999	106.84077	29.189308	127.46198	-16.64193	106.84099	29.18463	127.07171	-13.413935	-1.8354582	2.8301077	35.45545	-13.361178	-107.75005	5.542639	3933.8782868385315
42	619.6916	222.27524	759.0856	180.14075	834.8828	76.35616	902.103	699.72516	805.0499	47.7805	894.5269	709.03217	870.02673	32.300888	893.68695	795.8697	822.2	1000.0	1000.0	1000.0	167999	107.14544	28.782892	128.65105	-18.917992	107.14568	28.777775	131.84813	-18.974699	-1.8653823	2.8155725	33.99204	-13.257743	-108.05889	5.192235	4041.1271901130676
43	658.799	109.69164	753.5941	482.14166	873.5081	41.60349	910.829	796.7431	856.47675	55.982162	900.38544	725.80426	887.4583	21.842333	902.18604	824.185	867.4	1000.0	1000.0	1000.0	171999	107.31788	28.586699	131.1635	-14.307961	107.31875	28.58019	132.20943	-16.193708	-1.9254314	2.721975	42.446568	-14.809608	-108.18956	4.9193797	4148.560282945633
44	522.82904	227.69014	753.43713	256.56808	770.4795	37.50146	797.1882	695.3006	714.29645	157.2309	800.8306	256.6759	794.3859	2.7553802	798.8087	788.85565	684.0	1000.0	927.3	1000.0	175999	107.3568	28.470984	128.84177	-21.420599	107.35709	28.466284	130.79651	-26.553967	-1.9179773	2.7114956	36.20367	-12.108061	-108.23861	5.162748	4254.946165084839
45	589.5756	215.89116	720.14703	161.40146	885.0526	53.462585	994.3317	793.39355	873.95526	49.337547	975.0691	791.0115	865.9271	141.56917	977.9667	460.92047	804.0	1000.0	1000.0	946.1	179999	107.48855	28.08802	129.22699	-26.924423	107.48879	28.081802	129.30406	-19.054647	-1.9227858	2.6848462	28.531925	-13.943602	-108.36209	5.0518336	4361.184152841568
46	449.8658	221.6202	715.3172	186.63007	920.3981	36.568954	986.32007	890.9375	818.87805	218.37814	990.408	178.22652	912.21906	36.793293	970.1885	851.01996	601.0	1000.0	916.2	989.3	183999	107.14479	27.90723	132.08034	-18.33953	107.14554	27.899887	130.38617	-25.12624	-1.902142	2.6724255	47.791245	-15.074138	-107.990234	5.1687202	4465.689045190811
47	699.3598	31.79773	725.6995	636.9967	853.2487	48.094517	896.3991	788.2888	859.2628	70.499176	949.5006	694.93066	882.4369	18.65173	896.9373	832.41956	975.4	1000.0	1000.0	1000.0	187999	106.96151	27.777174	129.84715	-15.93204	106.962	27.772617	129.35165	-19.709938	-1.8574421	2.6658547	51.566963	-13.941923	-107.77743	4.947084	4572.182536125183
48	718.01434	7.910571	730.73175	709.0111	822.88055	73.79807	891.90344	695.915	845.3844	46.31533	893.6731	795.059	824.4041	30.530655	888.63745	793.30005	1000.0	1000.0	1000.0	1000.0	191999	106.09544	27.542818	129.83977	-17.362658	106.09517	27.541714	128.91426	-14.410031	-1.829727	2.636027	34.487915	-12.410472	-106.91458	4.6691847	4683.244293689728
49	712.38525	12.383883	732.59247	699.16235	753.04456	79.49589	800.0791	594.3342	798.6239	3.3893313	807.69366	795.12244	794.289	5.327117	799.3895	779.8869	1000.0	1000.0	1000.0	1000.0	195999	105.67356	27.353533	129.98535	-18.437178	105.67386	27.350348	128.57454	-13.722096	-1.8874078	2.5551121	39.320145	-12.997528	-106.491295	4.4438944	4792.850783586502
50	726.7673	5.9042573	735.6736	720.5302	837.6914	72.60092	900.5677	711.735	886.75745	30.979244	901.6165	794.52704	870.2573	35.93398	898.393	807.8892	1000.0	1000.0	1000.0	1000.0	199999	105.45485	27.194946	129.7841	-17.891283	105.45511	27.19194	129.34105	-13.991067	-1.8872751	2.5633385	34.937122	-14.090736	-106.290474	4.383094	4899.235235452652
51	725.5181	9.191587	734.9738	713.41943	839.1867	92.67212	903.0284	599.8421	834.8345	88.29414	974.69836	697.81903	824.7228	65.35439	901.1988	694.415	1000.0	1000.0	1000.0	1000.0	203999	105.50433	26.994562	128.7866	-13.380656	105.50481	26.989704	128.88794	-24.50226	-1.9006449	2.5473151	37.818085	-13.348589	-106.336876	4.2535343	5006.4767100811005
52	725.294	5.3904543	733.5014	718.566	837.99036	65.87501	903.91455	701.92584	836.72473	51.358	902.64795	792.7961	820.2064	68.31042	907.48267	675.50635	1000.0	1000.0	1000.0	1000.0	207999	105.57109	26.92602	129.21468	-18.005894	105.57127	26.92392	129.72429	-20.36693	-1.9135576	2.5633826	41.587498	-15.978449	-106.39168	4.359319	5114.272264719009
53	734.39374	5.4383416	741.3211	726.50653	885.88904	24.008387	901.3028	817.07434	892.8498	10.824513	902.51825	864.0469	885.48663	24.09534	902.6246	814.9503	1000.0	1000.0	1000.0	1000.0	211999	105.76911	26.802748	129.19032	-26.995111	105.769	26.799648	129.43787	-20.245396	-1.8229107	2.5791006	37.181583	-15.340807	-106.59523	4.0858736	5221.465624332428
54	553.2199	288.37634	728.672	53.865532	833.4883	42.42974	894.90796	790.5724	845.5283	47.640434	894.9052	784.7877	833.06067	42.974262	890.02954	792.7597	790.5	1000.0	1000.0	1000.0	215999	106.19278	26.866009	130.14362	-17.630356	106.19293	26.861807	130.52155	-20.093235	-1.8090836	2.6069925	31.998611	-12.971641	-107.01537	4.230166	5328.502225399017
55	718.9848	8.334352	731.35974	709.3392	878.7952	55.581463	902.42596	712.412	863.9183	63.988617	897.4241	695.9526	895.5404	4.99428	904.4626	887.52997	1000.0	1000.0	1000.0	1000.0	219999	106.46054	27.107485	129.92099	-21.535835	106.46058	27.104464	130.57999	-28.411127	-1.7814378	2.6828687	33.639572	-12.971828	-107.28736	4.184625	5434.7959542274475
56	736.42285	19.361252	761.1718	710.7284	897.9546	5.8433375	902.8163	881.8819	890.55066	32.329227	906.1762	794.08606	898.9285	5.471251	906.4747	891.13245	1000.0	1000.0	1000.0	1000.0	223999	107.21186	27.036112	129.77124	-18.051943	107.21188	27.031734	130.32448	-20.450474	-1.7584924	2.7120452	29.431017	-14.840523	-108.037346	4.0745964	5544.031396627426
57	738.511	17.260319	756.5733	711.2882	875.04065	61.25069	899.7254	692.4201	896.0121	2.3416288	900.8689	892.2134	892.47375	6.1730947	897.6811	878.14716	1000.0	1000.0	1000.0	1000.0	227999	107.77339	27.030739	130.16817	-25.733906	107.77323	27.027172	130.92557	-20.332468	-1.7524402	2.6977212	33.0543	-13.903583	-108.56767	4.171842	5651.146700620651
58	747.0375	10.125175	760.7887	733.09985	837.6749	121.13966	902.25824	594.53894	897.45245	3.1760437	901.9989	892.34814	899.1499	4.4343824	904.7411	888.6824	1000.0	1000.0	1000.0	1000.0	231999	108.25578	27.004637	130.77159	-24.47766	108.25536	27.001627	130.35728	-20.11277	-1.8228934	2.6474974	37.558876	-12.840475	-109.05867	4.038811	5758.504681825638
59	747.69727	7.018373	759.8111	743.0264	867.6284	90.17056	904.0326	597.34393	875.87244	60.32968	899.41205	695.1844	890.2777	5.595619	897.4163	877.6454	1000.0	1000.0	1000.0	1000.0	235999	108.61015	27.131552	131.0637	-16.456364	108.61017	27.12837	130.83047	-17.95297	-1.8928053	2.5976217	32.93751	-12.90651	-109.41705	4.0731463	5865.13400220871
60	746.85767	4.786694	750.91595	738.77606	881.453	59.925842	905.2236	701.7799	872.4332	94.44588	910.141	589.21173	895.94824	4.233333	901.2255	889.37	1000.0	1000.0	1000.0	1000.0	239999	109.0672	27.058975	131.2387	-15.0773325	109.06708	27.054922	130.95569	-22.532839	-1.8484529	2.6486716	53.44041	-14.4492035	-109.86625	4.0345	5973.560902357101
61	740.30286	7.0453362	747.5087	728.89526	898.4502	4.137778	903.0156	889.6695	895.9774	2.7371912	900.9394	893.1139	898.8325	2.7659304	904.14594	894.7834	1000.0	1000.0	1000.0	1000.0	243999	109.54873	27.13465	135.06772	-23.188719	109.5494	27.128674	132.55894	-27.080227	-1.8900899	2.660133	36.002525	-12.69195	-110.36498	4.008039	6081.4582488536835
62	747.2461	16.053558	773.3502	729.73285	878.07434	60.04569	901.61993	698.1592	869.7391	81.98456	903.1053	624.0466	891.43164	5.9273615	900.10956	878.8416	1000.0	1000.0	1000.0	1000.0	247999	110.17303	26.96866	131.70694	-47.160988	110.17326	26.964745	132.05588	-47.17667	-1.8688344	2.7174625	32.5999	-13.756638	-110.97193	4.0620213	6192.481533050537
63	731.8061	19.64473	749.60266	698.57495	886.97473	37.79007	901.5985	773.6622	895.2633	3.8280966	900.8114	886.35175	895.0039	3.7335503	901.5546	889.1611	1000.0	1000.0	1000.0	1000.0	251999	110.75659	26.861864	131.67667	-23.1393	110.75615	26.860312	132.34132	-16.028353	-1.8364472	2.7818406	33.1008	-12.88924	-111.5611	4.1411786	6299.722961425781
64	744.3591	7.4349775	751.6043	733.0432	896.2858	9.738924	902.03986	867.68445	897.22296	2.9628623	902.5057	892.5807	895.745	4.410821	899.72394	883.9357	1000.0	1000.0	1000.0	1000.0	255999	111.41456	26.638073	132.07996	-21.405611	111.41453	26.634207	132.9042	-21.485447	-1.8426292	2.7544928	34.74993	-13.512126	-112.19792	4.1397014	6407.453894853592
65	753.3251	16.296173	769.50195	730.4208	870.15955	86.83057	902.0471	609.7691	900.19727	2.0982716	902.7916	895.7751	896.2684	1.662493	899.4185	893.3072	1000.0	1000.0	1000.0	1000.0	259999	111.36655	26.513342	132.78766	-30.983995	111.36668	26.509481	134.40735	-27.862915	-1.8711965	2.7066338	37.071728	-14.276384	-112.16025	3.8563151	6515.482820987701
66	747.40515	7.07384	757.086	739.6513	897.8229	4.6041503	903.5281	888.7375	899.6364	4.5657425	906.61115	890.14575	898.1583	5.6614857	905.87695	887.22046	1000.0	1000.0	1000.0	1000.0	263999	111.82952	26.257597	132.52681	-22.384243	111.8292	26.253782	132.76741	-16.480839	-1.9044446	2.6850681	33.77375	-13.740128	-112.6021	3.7051408	6622.689328432083
67	738.7234	27.925365	761.5907	691.3343	840.075	48.012386	903.3187	793.61896	845.972	55.621803	903.0979	759.72174	848.5869	50.368614	901.63495	796.7704	1000.0	1000.0	1000.0	1000.0	267999	111.8678	26.307299	132.89355	-19.917244	111.86776	26.305056	133.39262	-14.919032	-1.8741031	2.7019784	36.344196	-13.443762	-112.645355	3.9415805	6729.907068967819
68	746.11176	8.949479	754.5777	731.8627	897.1632	2.3514507	901.38336	892.8419	897.60724	1.7786164	900.85986	895.0812	892.8971	3.02771	899.205	888.13	1000.0	1000.0	1000.0	1000.0	271999	112.0061	26.137056	133.00227	-19.224752	112.00541	26.13743	133.06529	-24.7981	-1.8745297	2.7117953	32.747814	-12.484703	-112.7945	3.894414	6837.334636449814
69	760.3511	12.093959	773.1129	742.017	884.33026	59.18677	910.19946	707.24493	921.38556	39.827835	1001.19086	897.6376	899.75916	3.6266022	906.05554	892.7411	1000.0	1000.0	1000.0	1000.0	275999	112.14935	26.012297	133.14215	-17.74506	112.14878	26.010004	133.22662	-20.162096	-1.8107631	2.766787	37.427444	-13.259737	-112.9573	3.8744276	6944.203894138336
70	757.94055	6.234865	764.5557	751.3209	895.54266	2.2374098	898.59485	891.3587	887.259	32.666683	903.3488	789.7655	892.077	3.798004	898.601	885.4119	1000.0	1000.0	1000.0	1000.0	279999	112.44307	26.133865	133.13837	-17.066652	112.44344	26.128992	133.25845	-15.788734	-1.863952	2.7392678	33.21421	-14.319798	-113.2375	3.8324137	7051.835934877396
71	758.6383	9.163662	774.1978	751.4129	900.7956	1.7604343	904.06824	898.7387	888.27277	20.558527	901.6561	827.82477	899.54767	2.2795916	903.0366	894.1603	1000.0	1000.0	1000.0	1000.0	283999	112.94614	26.065296	133.3176	-20.645235	112.9463	26.06201	133.67493	-22.03362	-1.8990067	2.772768	40.16937	-12.8414545	-113.73102	3.8512387	7160.08874797821
72	748.4219	12.327792	769.1837	737.318	901.2208	1.414244	903.133	898.7546	896.6117	8.814348	905.5296	875.20636	896.1792	7.7329116	902.3846	873.5239	1000.0	1000.0	1000.0	1000.0	287999	113.28995	25.767134	133.76544	-20.938982	113.28967	25.764095	133.46996	-14.728994	-1.8592931	2.7862902	43.902557	-13.942061	-114.09344	3.583828	7268.261469125748
73	733.08	43.26993	771.0174	650.19794	899.75995	5.3801665	902.4544	883.8865	859.3817	81.85828	904.47595	693.9681	898.39374	3.5419497	901.8012	890.2661	973.2	1000.0	1000.0	1000.0	291999	113.48097	25.812729	133.47449	-21.446644	113.48108	25.8092	133.72475	-18.676596	-1.9640139	2.7023382	46.466675	-13.137534	-114.26681	3.5397313	7375.343644618988
74	613.89307	241.49648	764.3201	195.78702	913.85547	25.395397	988.9138	896.4924	901.06903	4.5062823	908.64996	894.14246	896.9464	12.202273	909.85223	862.36725	813.5	1000.0	1000.0	1000.0	295999	113.75088	25.749857	133.63997	-14.495541	113.75063	25.74717	133.71762	-20.13976	-1.9358109	2.733869	34.764305	-13.237781	-114.536545	4.0112553	7482.759611606598
75	755.7379	3.9790869	760.4011	749.4908	904.43915	1.4644964	906.6665	902.1147	902.39844	3.7241657	909.11035	896.11926	904.3949	2.3185077	909.0941	900.6452	1000.0	1000.0	1000.0	1000.0	299999	114.02079	25.509426	133.3704	-31.058155	114.02065	25.506624	133.6419	-18.540442	-2.0012043	2.6961205	45.64466	-15.3401785	-114.78927	3.845226	7592.734436273575
76	745.40576	13.1838255	765.28705	728.2035	902.6078	4.272933	907.282	894.28076	889.8873	29.037779	904.9019	803.8379	898.63074	5.111075	904.7532	889.2477	1000.0	1000.0	1000.0	1000.0	303999	114.1492	25.40781	133.29388	-20.382383	114.1487	25.406364	134.51425	-29.426077	-1.9683592	2.7210045	37.83368	-16.420643	-114.93625	3.6265035	7701.227864980698
77	750.3255	9.028605	759.9708	740.6058	902.80945	4.1857867	906.3682	891.50385	901.63055	3.1012287	905.6708	896.98926	901.3495	2.5241656	904.1569	897.07513	1000.0	1000.0	1000.0	1000.0	307999	114.38986	25.11327	133.74956	-26.81382	114.38939	25.111689	134.01944	-24.268194	-2.0058389	2.6699946	34.100243	-14.810005	-115.16259	3.595218	7813.615098237991
78	750.719	11.831077	764.87384	733.05585	883.1268	63.96777	908.3315	691.30035	902.7336	3.740665	910.781	897.43567	901.443	2.0817401	906.3883	897.903	1000.0	1000.0	1000.0	1000.0	311999	114.5259	25.077286	133.95229	-23.209717	114.52588	25.073782	136.82199	-18.639536	-1.9863609	2.7144203	40.8006	-12.400412	-115.307144	3.48708	7921.7748029232025
79	760.5166	16.51305	786.99036	741.4865	897.3368	2.375698	900.5918	893.98267	898.2025	2.2453322	901.6942	894.8308	895.3986	4.930432	898.5983	880.8268	1000.0	1000.0	1000.0	1000.0	315999	114.85672	24.71392	133.88452	-16.687994	114.85604	24.713045	134.67746	-16.663122	-1.9757202	2.74156	35.13322	-13.157085	-115.633804	3.7356088	8028.65372633934
80	756.09424	4.692875	762.5332	749.44617	902.9401	3.7835104	907.07983	897.0198	902.62714	3.3015783	907.8978	897.6495	900.4269	3.1477425	904.2924	895.9169	1000.0	1000.0	1000.0	1000.0	319999	115.20657	24.625937	133.8593	-18.45196	115.20637	24.623165	134.17213	-15.186095	-1.9901807	2.7077007	37.3692	-13.572377	-115.99827	3.573394	8137.49408531189
81	759.51074	6.6082196	767.32355	750.40564	836.5715	112.28187	907.0789	605.88416	817.1314	251.48442	909.49164	62.783375	898.5573	2.1356952	902.69495	894.2109	1000.0	1000.0	908.1	1000.0	323999	115.67068	24.507513	140.4502	-22.372429	115.67098	24.504927	144.43289	-27.396399	-2.0235865	2.7295713	40.77129	-14.673812	-116.468765	3.3492885	8244.402966737747
82	504.58255	314.6345	769.3942	3.0833256	264.4566	341.96545	896.5909	-3.0853148	311.09232	350.41187	906.55273	-0.8921502	414.59198	416.02625	901.99603	-6.497335	675.2857	366.0	461.3	547.8	327999	116.1633	24.078144	235.47656	-35.75155	116.16354	24.07361	230.54803	-30.442747	-2.000975	2.8951762	49.751244	-12.691195	-116.98939	5.2851143	8330.198863267899
83	40.590233	70.06875	335.69418	4.1988792	29.607315	18.721931	74.194664	13.564539	25.075033	24.416306	95.826866	12.323993	20.813417	5.4994607	29.829933	11.297659	110.78378	96.9	84.4	89.9	331999	125.87721	30.849527	234.67554	-69.82957	125.87774	30.844336	260.25018	-57.007614	0.8576044	3.6352336	46.30613	-14.55587	-128.33766	13.87973	8402.684536933899
84	31.722878	18.919893	123.23738	6.955661	633.7248	198.00578	705.3707	39.791935	214.54361	286.46582	711.2405	17.248516	609.3922	197.2444	712.12976	25.734688	104.35135	910.8	357.0	908.3	335999	154.56804	37.05193	221.04889	-59.943436	154.56645	37.049763	219.6378	-55.36906	0.39080644	3.2878773	31.578594	-13.363615	-156.61633	11.650856	8501.504431247711
85	369.66885	232.15627	675.8372	86.42789	690.68207	94.01096	863.46954	593.7124	763.26056	136.86627	901.0995	585.1189	766.0773	94.40904	895.453	594.78253	675.6	1000.0	1000.0	1000.0	339999	152.34523	36.81375	190.77612	-62.29055	152.34302	36.812504	188.31187	-29.35711	-1.357637	2.9311137	44.912518	-13.716613	-153.25961	8.8197	8613.989248275757
86	620.31104	277.3302	776.14545	66.35399	901.6986	22.470242	928.40857	837.30286	920.8988	61.541683	1000.31616	785.69415	910.318	10.46082	931.4902	900.8364	831.4	1000.0	1000.0	1000.0	343999	144.84576	35.087868	170.71782	-33.22037	144.84442	35.08683	170.53595	-28.935358	-1.7585251	2.932525	33.73063	-13.0804615	-145.69388	8.265613	8722.332937717438
87	753.40497	16.558521	780.142	734.79944	912.61414	22.49566	979.74774	899.4945	941.3044	47.930405	1001.94525	894.0803	902.64343	5.6609645	916.2639	895.34906	1000.0	1000.0	1000.0	1000.0	347999	139.02448	33.24013	164.47594	-54.88237	139.02357	33.239605	163.10526	-40.951942	-1.8117353	2.8485236	30.639778	-12.979326	-139.82422	7.509997	8829.96732544899
88	747.5191	18.941605	770.3677	717.7682	903.50134	2.5543103	907.1969	899.69745	902.51624	2.6675153	905.6393	897.9098	902.4918	5.5042453	914.3179	894.0786	1000.0	1000.0	1000.0	1000.0	351999	134.30064	31.851274	157.92447	-32.438324	134.29912	31.850317	157.76431	-39.19247	-1.8620391	2.8296072	32.815456	-14.448189	-135.10281	6.88044	8937.967182159424
89	741.9733	6.305245	749.9965	735.05585	902.76495	1.9666492	906.10126	898.26215	889.95575	29.013168	905.9287	803.89667	899.9083	2.5997026	903.1882	893.8151	1000.0	1000.0	1000.0	1000.0	355999	130.7609	30.357046	153.34418	-36.08721	130.75938	30.358572	154.54607	-40.1294	-1.9387783	2.7494414	36.695835	-13.195279	-131.54616	5.866807	9047.115963459015
90	751.3766	11.047877	761.33563	733.98254	902.2692	2.1847675	907.0292	898.7518	901.6082	5.966616	910.7326	892.0079	895.74445	5.201578	904.40735	885.3004	1000.0	1000.0	1000.0	1000.0	359999	127.47586	29.841953	149.30153	-26.470203	127.47492	29.844524	152.1816	-31.90093	-1.9425393	2.7097294	39.19397	-14.700411	-128.24452	6.0074167	9154.765487194061
91	756.5404	10.472848	771.67975	742.43445	901.90314	3.0376298	906.38275	895.8056	909.55176	29.44976	997.4327	894.5189	913.55383	29.293552	987.85944	885.41516	1000.0	1000.0	1000.0	1000.0	363999	125.20246	29.015816	147.57094	-37.911133	125.20198	29.015543	150.98466	-30.404446	-1.9995117	2.6902127	35.6312	-14.409072	-125.984314	5.1851435	9263.019038915634
92	753.20215	13.489241	765.6802	730.5829	901.4743	4.1197205	907.16	894.8757	900.8916	2.7616768	904.31055	894.4649	893.7593	7.5163636	903.53235	879.82086	1000.0	1000.0	1000.0	1000.0	367999	123.53134	28.340729	144.52309	-42.48566	123.53126	28.338152	144.44774	-43.25933	-2.0397778	2.6662638	37.91308	-13.12933	-124.30534	4.9483576	9370.0150680542
93	745.3702	11.177031	753.83716	726.1463	902.00867	2.9452336	906.7387	897.7305	887.48175	37.99287	908.21173	774.59174	893.887	6.1297235	901.2594	883.1283	1000.0	1000.0	1000.0	1000.0	371999	122.18916	27.870651	142.85555	-29.080193	122.18853	27.871351	144.32983	-29.556257	-2.0476751	2.6650944	39.620728	-11.723221	-122.96565	4.780432	9477.440688848495
94	744.0847	10.112655	753.4645	728.5982	900.9577	3.2403095	905.0783	894.0989	900.3844	5.777541	905.64624	885.12915	896.432	2.72031	901.0135	891.9391	1000.0	1000.0	1000.0	1000.0	375999	121.18565	27.31497	141.19601	-34.104267	121.18498	27.315153	140.91466	-41.69451	-2.065722	2.6604822	43.073368	-13.958328	-121.95317	4.668414	9584.42152261734
95	755.14856	6.2629137	762.0105	744.942	897.8585	9.048863	906.39343	882.8868	895.43066	9.456355	908.45807	881.3229	895.6468	8.2446165	904.7767	883.00244	1000.0	1000.0	1000.0	1000.0	379999	120.42881	26.711388	140.09288	-30.24405	120.42826	26.712227	140.01419	-27.494665	-2.0780323	2.619796	37.312805	-12.4087105	-121.20754	4.1939735	9691.501739263535
96	754.765	5.4046617	763.0172	747.84766	899.217	6.071261	904.78436	883.8076	901.27185	2.443211	904.81976	897.1511	899.94257	2.5873048	903.3705	894.7539	1000.0	1000.0	1000.0	1000.0	383999	119.6626	26.643026	139.49046	-25.614826	119.66232	26.641685	139.00255	-18.870304	-2.1394255	2.6149576	40.741257	-15.293261	-120.419815	4.122339	9803.883152246475
97	754.73267	3.3791006	760.28955	751.46844	902.49744	3.1278093	906.7477	896.5561	914.2869	28.539225	999.5644	899.5911	899.2975	4.9791703	904.7234	888.47076	1000.0	1000.0	1000.0	1000.0	387999	119.11251	26.592783	138.21089	-27.475525	119.11243	26.593714	137.79863	-30.91616	-2.1302474	2.6367464	38.628227	-12.787149	-119.88056	4.3282375	9911.01299905777
98	755.3242	9.864777	769.73083	741.8964	903.1743	2.3454106	909.85803	901.2643	899.84064	4.724663	903.81946	889.99097	899.3921	1.7546434	901.4767	896.17065	1000.0	1000.0	1000.0	1000.0	391999	118.88255	26.219854	137.64986	-40.707638	118.8826	26.219559	137.57198	-37.399033	-2.144677	2.6244218	33.69103	-13.293745	-119.64201	3.9857295	10018.029117584229
99	765.0542	5.148562	771.11597	757.6224	902.94855	3.112787	906.39075	895.86395	901.4855	3.1460118	905.3115	893.4468	900.8512	3.7877746	910.5007	897.0104	1000.0	1000.0	1000.0	1000.0	395999	118.67631	26.157646	136.95215	-40.74345	118.67608	26.155674	139.41286	-39.42493	-2.1571832	2.6095142	35.916412	-13.677873	-119.4278	4.0035996	10125.719058513641
100	756.63904	4.9103174	762.05597	749.4652	903.60254	2.3009837	906.88135	898.40826	904.78436	2.9118648	909.3875	898.3732	898.8075	4.383019	906.5868	892.6291	1000.0	1000.0	1000.0	1000.0	399999	118.38275	25.943945	136.92868	-37.983826	118.38205	25.94238	136.81973	-47.686657	-2.167493	2.6018133	31.953312	-12.120075	-119.13432	4.0933933	10232.297351121902
101	755.4595	11.454448	774.1229	745.92834	913.21405	27.618696	995.686	899.8013	911.48517	29.978334	1000.9073	896.8528	931.35175	41.08469	997.147	891.4299	1000.0	1000.0	1000.0	1000.0	403999	118.40677	25.682127	136.99733	-82.75888	118.40648	25.68244	136.8698	-48.727226	-2.170672	2.5739405	33.539127	-15.0068035	-119.16042	3.7123616	10339.267042160034
102	765.7086	5.924518	774.274	758.0819	954.2697	44.978817	1002.4168	904.9309	954.4155	47.06975	1004.0675	900.39526	981.6974	27.674198	998.9821	902.4819	1000.0	1000.0	1000.0	1000.0	407999	118.57643	25.30592	136.58286	-34.93249	118.57652	25.30383	136.63971	-42.999992	-2.2112122	2.578202	42.85253	-13.667067	-119.35052	3.867296	10448.835557937622
103	761.77106	5.42551	765.5684	752.4918	983.2667	39.194805	1005.7503	901.70844	970.0911	47.288574	1005.3361	894.3703	990.0751	24.898508	1001.8064	916.1956	1000.0	1000.0	1000.0	1000.0	411999	118.68657	25.069654	136.978	-23.920105	118.68606	25.07105	136.40404	-41.967194	-2.2610416	2.5038707	38.235138	-13.273174	-119.435486	3.3958647	10557.115193128586
104	761.5865	5.308268	770.65247	757.70636	927.9299	39.784714	997.86646	899.3327	926.6457	42.814228	1001.58453	891.5368	933.8696	39.741104	989.3071	897.1056	1000.0	1000.0	1000.0	1000.0	415999	118.79536	25.022003	136.47046	-37.128143	118.79507	25.022526	137.21632	-28.183418	-2.2704313	2.5220199	31.850824	-12.678818	-119.55766	3.3283374	10663.040130615234
105	760.7802	18.916048	779.3038	729.1848	834.7433	231.32814	1000.1783	146.83989	919.6004	41.77849	1003.46606	885.47614	903.7756	14.143705	935.75366	884.2705	1000.0	919.9	1000.0	1000.0	419999	118.83282	25.006554	138.55205	-35.076427	118.83249	25.006754	136.61308	-29.09506	-2.33132	2.4792547	37.080383	-12.980911	-119.568596	3.434052	10769.13294672966
106	753.8868	8.921235	761.04724	738.72687	942.0513	42.824425	995.62494	901.67145	932.5924	42.62895	1001.3293	900.65704	944.6882	44.40158	997.0775	891.4349	1000.0	1000.0	1000.0	1000.0	423999	118.69839	24.98098	136.47464	-19.488312	118.69788	24.980011	136.57352	-28.195784	-2.2455008	2.537609	36.505417	-12.643566	-119.43262	3.671357	10875.359528303146
107	763.82166	3.3478503	768.1612	760.2877	870.8923	86.82121	904.7111	611.5212	911.0163	31.004925	1002.5502	886.24347	896.42267	5.240817	904.30994	886.5356	1000.0	1000.0	1000.0	1000.0	427999	118.69337	24.97131	136.3997	-30.144367	118.69315	24.970137	136.65845	-22.65121	-2.2614012	2.5258553	39.59282	-13.318943	-119.42453	3.3110983	10982.865427732468
108	762.4919	11.953158	781.88196	751.3135	902.2879	5.131963	907.2979	888.0539	883.0835	66.21798	909.17285	684.5162	899.38007	3.0056548	903.8297	894.36426	1000.0	1000.0	1000.0	1000.0	431999	118.6461	25.026922	136.56216	-35.057552	118.64594	25.024437	136.79709	-34.146008	-2.2627294	2.5217295	32.411877	-12.56249	-119.38726	3.3976214	11091.096182107925
109	765.2282	8.440493	774.54694	753.7504	898.78894	4.4039035	904.9875	890.97095	899.0755	7.8186154	906.0801	877.83594	896.7617	2.240164	900.5641	893.86456	1000.0	1000.0	1000.0	1000.0	435999	118.87485	24.747736	136.87961	-38.29132	118.87481	24.746973	136.45963	-33.55432	-2.2818518	2.5336783	38.781372	-14.620844	-119.62017	3.3319619	11197.611763000488
110	757.53174	5.0088644	763.156	749.80176	872.1284	85.28791	904.4813	616.5156	909.2199	31.058907	1000.4236	882.1905	899.0529	5.233412	905.1943	889.4289	1000.0	1000.0	1000.0	1000.0	439999	118.82566	24.92534	136.94476	-32.400856	118.8259	24.923643	143.50517	-31.696604	-2.2856638	2.5198135	38.418198	-14.349323	-119.548294	3.4903336	11305.221351861954
111	764.0692	3.0786939	768.0468	759.42163	899.14716	6.531182	904.9885	886.19727	885.90906	34.84236	903.48145	783.6976	870.563	65.10095	902.2907	678.30457	1000.0	1000.0	1000.0	1000.0	443999	119.12191	24.411978	136.77548	-40.612778	119.12149	24.410498	136.49438	-27.429077	-2.3039763	2.5297759	38.203014	-12.748898	-119.86677	3.200326	11412.31891489029
112	762.8177	5.84838	769.9961	753.8848	901.8683	4.102972	908.7341	896.1246	902.66473	5.366517	909.56287	892.3193	920.31836	35.56185	991.43274	892.6582	1000.0	1000.0	1000.0	1000.0	447999	119.3047	24.165514	137.2544	-29.39159	119.30454	24.165575	136.51639	-43.70155	-2.3520665	2.4769866	34.596046	-15.84276	-120.03495	3.4549854	11520.245110273361
113	757.4181	11.199223	773.0194	745.8341	913.31854	26.812897	993.37714	900.233	935.54785	43.847126	1002.59235	901.1042	928.5516	34.907654	997.58716	901.53015	1000.0	1000.0	1000.0	1000.0	451999	119.47483	24.006372	136.69629	-21.02628	119.47473	24.005934	136.77316	-18.153034	-2.3513918	2.4975054	36.14376	-16.496332	-120.214424	3.1598911	11632.714265584946
114	769.45	2.8988361	772.80896	764.8622	940.14026	62.981174	1004.0983	814.7554	963.3594	45.856895	1004.58307	905.79987	955.81024	43.840168	1002.72784	868.34406	1000.0	1000.0	1000.0	1000.0	455999	119.69998	23.796621	136.2716	-21.085358	119.69972	23.79579	136.67592	-23.803177	-2.3298502	2.517972	35.571777	-14.918299	-120.45116	3.1041017	11741.186923503876
115	767.1698	5.215216	772.78613	758.62897	868.5275	88.44877	909.80725	603.7069	912.4083	32.035355	999.2415	881.70917	897.84686	4.6064324	908.33563	893.2067	1000.0	1000.0	1000.0	1000.0	459999	120.13179	23.229532	136.70444	-39.607773	120.13122	23.230665	137.87752	-24.461746	-2.4043312	2.4122405	43.811832	-13.224546	-120.87125	2.682772	11847.896604061127
116	751.4855	4.6432114	757.00104	744.9157	945.9836	46.199287	1005.3193	904.33606	922.6886	36.691227	996.54193	893.3675	965.84314	41.006718	999.08105	900.0365	1000.0	1000.0	1000.0	1000.0	463999	119.93194	23.471567	136.69946	-39.446957	119.93192	23.469326	136.87762	-31.427473	-2.3955538	2.3707595	40.413128	-13.309923	-120.64253	2.7672384	11954.748182296753
117	718.6751	59.663284	756.7088	615.4063	902.45703	2.9027238	907.5528	898.4217	920.5511	35.645885	992.8849	897.0281	902.82434	7.378343	922.0967	895.2945	950.25	1000.0	1000.0	1000.0	467999	119.9249	23.477793	136.8337	-29.807198	119.92449	23.47741	137.03731	-26.606445	-2.3860803	2.366641	29.46658	-12.512891	-120.641205	2.7998838	12066.170735120773
118	722.772	81.08799	768.6222	560.771	980.23157	42.24281	1005.9143	883.11383	898.1014	255.7739	1003.7363	137.26291	991.61633	19.454119	1002.4074	934.26263	944.2	1000.0	915.8	1000.0	471999	119.84648	23.765554	136.42508	-44.927074	119.84615	23.76459	137.05795	-34.544502	-2.360463	2.3956356	34.61324	-12.5292	-120.56669	3.1114488	12172.480617284775
119	750.91144	10.511753	768.61017	742.82465	875.4694	85.66943	907.315	618.54596	901.6377	2.2405603	904.1601	896.5901	899.1	3.7913086	904.55524	891.06366	1000.0	1000.0	1000.0	1000.0	475999	119.80141	23.931677	136.36101	-30.619164	119.80174	23.929047	137.62459	-22.750011	-2.3579943	2.425844	31.721329	-13.445138	-120.528145	2.963809	12280.320664644241
120	582.9436	311.39325	766.29724	43.642326	903.01056	4.4939337	911.6347	897.0912	922.6955	34.110332	990.9995	897.45654	917.5548	28.019674	991.6206	897.28174	778.0	1000.0	1000.0	1000.0	479999	120.07001	23.585953	136.69461	-28.776152	120.07032	23.58284	136.94534	-26.686886	-2.341399	2.4040868	31.632029	-11.961853	-120.798836	3.3925068	12392.199656009674
121	762.385	8.3787	772.38635	751.59436	912.0286	25.687551	988.8015	899.18695	923.26904	35.777195	994.1169	896.55237	908.61084	26.258492	986.7411	892.1198	1000.0	1000.0	1000.0	1000.0	483999	120.0105	23.66068	136.42479	-24.981293	120.01033	23.657572	136.82959	-23.968761	-2.3304484	2.427387	30.386763	-13.248662	-120.7205	3.362831	55796.23419570923
122	759.8028	1.5928725	762.25055	757.8338	905.14343	2.0794914	908.75726	901.50665	912.4841	29.123846	999.6382	898.91907	904.96063	4.1642766	912.35156	896.0082	1000.0	1000.0	1000.0	1000.0	487999	120.08474	23.558186	136.17082	-34.321552	120.08462	23.555496	136.45529	-20.592941	-2.3475595	2.4481914	42.91652	-13.140764	-120.812294	3.078543	55905.52906680107
123	743.48846	4.5957956	750.4896	737.68115	908.5947	52.945694	998.9502	789.66626	912.1133	73.11887	998.5836	786.7585	928.0924	18.998392	955.1382	901.3847	1000.0	1000.0	1000.0	1000.0	491999	120.11786	23.783009	136.38562	-37.66214	120.11814	23.780182	139.58624	-49.33372	-2.3756797	2.4171832	35.10352	-16.010921	-120.82329	3.4944673	56013.18617415428
124	751.2676	5.577109	758.01276	742.50287	859.05896	94.70794	903.9128	590.39935	871.03925	93.70467	912.9476	590.1457	895.4613	2.898642	901.6956	891.3815	1000.0	1000.0	1000.0	1000.0	495999	120.24671	23.290936	136.97633	-24.694534	120.24634	23.29083	136.83278	-34.995617	-2.3506913	2.414473	36.393806	-13.634914	-120.97071	2.9831529	56122.775921583176
125	754.71625	5.8290334	761.8733	745.9575	902.32294	4.493195	905.5068	890.1881	899.49835	4.7403026	904.918	887.8918	898.40674	4.563851	902.6096	888.383	1000.0	1000.0	1000.0	1000.0	499999	120.32135	23.372597	136.81679	-39.35463	120.3213	23.373068	137.25586	-20.533089	-2.400054	2.3765254	36.21924	-12.595894	-121.02828	3.0209544	56234.32394719124
126	753.05695	7.7837706	762.729	742.1302	900.8576	4.8130407	905.348	891.7977	890.4896	68.34815	993.6312	702.9376	898.33215	2.9073143	903.6508	893.81915	1000.0	1000.0	1000.0	1000.0	503999	120.40968	23.469763	136.71216	-37.058384	120.40982	23.468922	137.21	-42.04086	-2.3965194	2.3879056	33.826916	-13.279317	-121.11158	3.247796	56341.81159162521
127	752.80615	9.935344	763.43536	736.5429	902.66223	1.7918222	906.2434	900.33154	903.6375	2.3864741	906.12787	898.72815	902.0386	2.0658257	906.42474	898.37134	1000.0	1000.0	1000.0	1000.0	507999	120.62273	23.353418	136.87482	-31.339348	120.62296	23.349909	137.01146	-24.220842	-2.4122632	2.4154072	39.3652	-12.517769	-121.345436	3.1273477	56448.182957172394
128	761.58875	4.1138973	765.6536	756.2289	941.9564	120.80339	1004.37524	597.9428	960.01904	46.39468	1001.9743	898.54315	946.4584	40.994453	996.3382	902.1951	1000.0	1000.0	1000.0	1000.0	511999	120.85249	23.046106	136.65128	-30.470865	120.85295	23.04294	137.0133	-21.671844	-2.412582	2.402144	36.120483	-14.812229	-121.56038	3.1123323	56558.50627398491
129	755.7617	3.1003056	759.0884	751.91833	960.1134	46.893982	1001.20056	900.8802	979.84216	37.610622	1003.0261	900.0567	962.0837	44.54667	997.36914	888.70703	1000.0	1000.0	1000.0	1000.0	515999	120.78399	23.218365	136.87274	-21.326612	120.78379	23.216555	137.0317	-25.082014	-2.401158	2.3943822	35.21455	-12.900649	-121.4797	3.1556299	56667.346110105515
130	755.8662	4.7577605	760.8457	749.35187	898.4318	5.855346	905.8084	888.25354	910.31836	32.657684	1002.86163	882.69763	889.2001	11.306219	903.90045	865.2499	1000.0	1000.0	1000.0	1000.0	519999	120.89721	23.054491	137.09462	-28.250546	120.89705	23.053686	137.4242	-20.429642	-2.3933363	2.4204576	33.13208	-13.413714	-121.60897	3.0541348	56778.78788328171
131	751.124	4.1726418	756.52985	744.91565	901.78625	3.0513923	905.0885	893.95355	901.88855	2.058816	905.7204	899.51215	896.2035	3.693408	903.06	891.1926	1000.0	1000.0	1000.0	1000.0	523999	120.9639	22.95497	136.654	-44.494114	120.96353	22.95457	137.1031	-30.892933	-2.4058068	2.4041364	35.268856	-14.741414	-121.66269	2.986551	56885.21596837044
132	745.9207	5.5550747	755.4973	742.1563	951.847	48.426353	1001.5062	900.97394	938.2098	46.725704	1000.9777	896.30304	943.4879	50.30053	999.1742	881.504	1000.0	1000.0	1000.0	1000.0	527999	121.16697	22.82828	137.34737	-53.925766	121.16684	22.826452	138.56062	-29.560623	-2.4653947	2.3843389	40.413147	-12.391338	-121.87281	2.9891171	56994.909564733505
133	749.96924	7.932623	760.9685	740.2476	921.1616	40.191826	1002.2313	891.3686	902.27246	7.9804125	915.1982	882.0545	895.842	3.9943075	901.6556	889.4352	1000.0	1000.0	1000.0	1000.0	531999	121.35343	22.823942	137.90283	-27.638718	121.35341	22.822865	139.4662	-23.709713	-2.4549897	2.3518329	39.673607	-12.54441	-122.046486	3.0303721	57103.176206588745
134	750.5061	5.892491	758.38464	743.25757	901.14954	2.277843	905.88763	897.3784	902.2699	1.7302994	904.4079	898.8542	898.39124	3.535828	906.00684	893.1189	1000.0	1000.0	1000.0	1000.0	535999	121.37039	22.817337	136.9726	-36.049557	121.37088	22.81539	143.42032	-28.858604	-2.4696891	2.332937	36.2834	-13.404012	-122.05264	2.9208639	57215.77634334564
135	627.5965	244.3078	765.0702	139.44485	902.117	2.1759205	904.9978	897.0172	902.41376	2.9373283	906.75806	895.68744	899.96497	2.4613345	901.839	893.36035	836.6	1000.0	1000.0	1000.0	539999	121.23133	22.910023	136.93146	-47.804287	121.23145	22.907936	138.92757	-46.79145	-2.4202757	2.3584414	35.384495	-12.281701	-121.91734	3.277401	57323.65969443321
136	744.3814	7.018037	752.97003	735.60425	901.4424	3.6407478	907.3679	894.01117	900.2415	4.909586	904.8463	891.01715	899.19354	2.7743175	903.68823	895.11633	1000.0	1000.0	1000.0	1000.0	543999	121.33622	22.622856	136.93668	-30.463528	121.33635	22.619877	137.20592	-39.59208	-2.4450958	2.392847	32.67108	-13.990255	-122.02724	3.0937626	57435.52262544632
137	752.6734	7.037793	764.2955	746.7077	873.1195	90.31058	909.9374	602.72473	915.3231	29.05171	1001.26184	895.91547	901.35583	6.009995	913.2822	889.94934	1000.0	1000.0	1000.0	1000.0	547999	121.36602	22.68165	136.75005	-24.992748	121.36624	22.678537	139.28638	-20.618996	-2.4743452	2.3851168	30.807852	-16.078182	-122.05617	2.9102247	57543.993866443634
138	754.01184	5.54154	760.93164	746.0804	901.78186	2.6395657	905.8313	897.90576	902.5415	2.438714	905.70264	898.18054	900.9745	4.060684	909.34247	894.85443	1000.0	1000.0	1000.0	1000.0	551999	121.51827	22.392044	137.23988	-31.119587	121.51846	22.390371	139.45465	-42.27507	-2.4707448	2.3402653	33.73279	-12.134111	-122.19389	3.1902575	57652.661448955536
139	756.94086	7.9892282	767.0246	744.8095	913.1639	29.417881	1000.7492	900.49475	881.7471	96.43991	999.6937	606.2076	900.81726	5.310102	914.6591	893.68134	1000.0	1000.0	1000.0	1000.0	555999	121.26147	22.674019	136.81738	-24.610043	121.26159	22.67387	137.0852	-25.714817	-2.4761286	2.3295577	35.748802	-15.101503	-121.94101	2.9638603	57761.96294927597
140	744.70245	11.071866	762.202	733.80786	899.7877	8.527525	906.0411	876.0765	901.9953	2.906554	906.14026	897.41797	895.486	5.6162944	903.2479	888.2924	1000.0	1000.0	1000.0	1000.0	559999	121.32194	22.532589	136.91788	-35.414288	121.3222	22.530739	137.67964	-46.210136	-2.4809022	2.3348002	33.664494	-13.480878	-122.00203	2.8970797	57874.835079193115
141	748.9431	4.009168	753.7542	742.9885	901.5247	5.387265	907.59064	893.10144	903.04004	2.1795473	905.52295	897.7667	898.7748	4.712271	903.75354	891.0574	1000.0	1000.0	1000.0	1000.0	563999	121.47879	22.56676	137.08395	-29.260021	121.47915	22.563301	145.28041	-23.548302	-2.4952784	2.3159032	40.510345	-12.189267	-122.161	3.1520863	57985.14235043526
142	757.4663	8.230549	767.8234	745.3622	910.2928	24.925081	980.84686	882.81256	920.5596	38.108517	998.3099	884.4791	928.6486	31.577475	979.71	899.74567	1000.0	1000.0	1000.0	1000.0	567999	121.56442	22.462864	136.88202	-44.09556	121.56449	22.460278	136.90588	-27.883669	-2.507419	2.3338516	42.619812	-12.817883	-122.25355	2.9590797	58091.61212801933
143	744.8391	1.0475041	745.5652	743.0294	900.89044	3.616357	905.72	894.9668	899.2206	7.2821984	914.0937	887.7121	897.48096	5.5988574	905.9587	886.1588	995.5	1000.0	1000.0	1000.0	571999	121.84622	22.034286	137.03705	-31.80798	121.84575	22.0331	140.295	-35.154747	-2.5316458	2.3093176	35.206196	-13.296848	-122.52306	2.6414971	58198.701227903366
144	750.4718	8.353465	764.2141	741.648	969.298	44.71917	1002.809	895.965	969.23926	44.840393	1003.52686	896.5315	981.8997	28.499006	999.82837	906.3445	1000.0	1000.0	1000.0	1000.0	575999	121.76959	22.355448	137.0774	-33.602737	121.76989	22.354704	137.1711	-26.16201	-2.5265129	2.2774382	26.654655	-13.579491	-122.43349	2.926412	58305.177169799805
145	752.2777	7.888037	760.9477	744.24347	915.4943	29.012108	1000.90656	902.5065	917.73926	57.834667	996.35535	790.0889	907.7083	24.30583	978.9787	892.7415	1000.0	1000.0	1000.0	1000.0	579999	121.7917	22.253307	137.37155	-28.906254	121.79193	22.249239	136.83667	-23.740599	-2.5212176	2.3202288	33.857513	-12.577047	-122.47266	2.716615	58413.49822950363
146	621.3449	257.52353	763.53284	107.04307	905.14844	3.1401691	911.3702	900.5401	904.5792	2.1829877	907.1636	899.30566	901.32715	2.2929053	903.95435	897.2543	826.6	1000.0	1000.0	1000.0	583999	121.833	22.181314	137.18971	-39.714695	121.83285	22.181181	137.81258	-35.793964	-2.5416694	2.2846217	39.91942	-12.669121	-122.49241	2.6841402	58523.86479449272
147	753.33954	8.426024	766.17773	744.23914	900.45734	4.784252	906.05664	891.5762	912.2167	29.82935	1000.92737	895.07776	897.6971	6.126527	907.6137	886.16876	1000.0	1000.0	1000.0	1000.0	587999	121.75344	22.18978	141.09758	-25.98627	121.75352	22.186438	144.8273	-20.765385	-2.5086024	2.3314846	38.11943	-14.20959	-122.422485	2.7388062	58633.071662425995
148	635.76514	251.04063	772.43256	134.02322	923.6024	38.091476	999.8476	897.5882	933.3756	42.420254	1001.1894	902.24176	920.1849	34.91137	990.67957	896.5995	834.2	1000.0	1000.0	1000.0	591999	121.76585	22.126562	153.40564	-28.063774	121.76553	22.124859	161.08679	-18.414824	-2.504689	2.350833	34.628757	-12.37508	-122.42749	3.2731397	58742.45292186737
149	756.1621	6.9203925	764.1318	749.04803	941.58386	68.1587	1003.8991	797.21954	975.3522	39.342644	1003.00433	901.4895	965.33136	48.367638	1001.941	884.47626	1000.0	1000.0	1000.0	1000.0	595999	121.84549	21.975887	168.27061	-38.913723	121.84558	21.975384	165.28151	-22.774042	-2.5150917	2.309816	30.593552	-15.176916	-122.49959	3.2570856	58849.95200777054
150	758.6039	5.168882	766.07874	752.21387	970.2689	45.092484	1003.4326	898.65735	948.79285	43.816887	999.7149	897.8145	961.32227	45.55384	1000.8384	888.8194	1000.0	1000.0	1000.0	1000.0	599999	121.89965	21.697582	165.47371	-23.141724	121.89922	21.696672	169.5995	-27.207596	-2.5404792	2.2976682	32.447296	-13.473687	-122.543434	2.7594626	58955.11273908615
151	747.43286	10.703229	761.674	731.8404	936.9198	38.97247	998.8134	901.9236	944.625	43.32103	1002.3714	904.3549	954.67883	39.76305	996.04553	903.0105	1000.0	1000.0	1000.0	1000.0	603999	121.73389	21.911577	153.5586	-23.048668	121.73444	21.907522	150.72908	-20.259047	-2.5363102	2.2997038	36.92136	-13.353302	-122.37667	3.024497	59065.24577713013
152	757.02893	10.871093	772.56665	742.1243	872.9376	91.747475	907.03326	597.9246	903.3846	3.264609	907.33435	898.36664	901.06506	3.9005883	906.869	894.9463	1000.0	1000.0	1000.0	1000.0	607999	121.66561	22.16467	154.59862	-45.652855	121.66566	22.162216	153.49677	-27.908329	-2.5614562	2.2555852	30.445564	-12.791664	-122.314644	2.9344206	59171.816615343094
153	751.94574	3.556327	756.2652	746.7331	899.12274	6.40805	904.64795	880.9144	902.5635	3.547181	911.00775	896.1247	895.8812	5.880994	903.3639	886.72266	1000.0	1000.0	1000.0	1000.0	611999	121.70507	21.900091	148.24414	-21.69992	121.70505	21.89904	147.45364	-27.152225	-2.5316937	2.2739325	29.839752	-13.3817005	-122.36838	2.9197266	59279.63484334946
154	751.9768	8.476066	760.5582	740.716	903.9875	2.6342854	907.3676	897.7007	881.2427	102.05911	992.0417	585.34406	901.8307	6.654746	909.7099	886.9638	1000.0	1000.0	1000.0	1000.0	615999	121.79718	21.562056	153.12376	-37.119484	121.79708	21.560892	152.9516	-25.925137	-2.5644598	2.244041	30.844065	-13.434101	-122.45345	2.5359476	59388.24046444893
155	730.2682	41.595596	761.77405	659.1971	969.5184	39.727882	1000.09735	896.31195	923.4513	36.672127	999.6582	898.0666	945.9245	43.97712	993.2778	886.3776	961.5	1000.0	1000.0	1000.0	619999	122.03165	21.286877	151.95375	-25.338305	122.03191	21.286278	153.11388	-33.291477	-2.6145208	2.2015562	28.331312	-11.49946	-122.69244	2.5939033	59498.50359272957
156	747.34186	4.6989417	754.99506	742.9109	879.43243	68.51322	906.8203	674.1527	902.83435	2.314188	905.55676	898.88995	899.0418	3.3943708	902.735	891.4453	1000.0	1000.0	1000.0	1000.0	623999	122.11616	21.510126	182.62685	-66.28779	122.11647	21.505733	182.20518	-52.901375	-2.614261	2.218152	29.376867	-13.332329	-122.76649	2.5484638	59608.39285516739
157	757.9917	9.855161	769.53845	743.2678	903.04626	1.8572284	906.9624	900.49884	902.9442	2.6982546	906.1445	896.91754	899.9074	3.6150393	905.0923	893.2928	1000.0	1000.0	1000.0	1000.0	627999	122.16198	21.64391	189.4642	-37.435585	122.16167	21.644138	192.35182	-34.155224	-2.5831285	2.229636	29.123968	-11.410948	-122.82371	2.77012	59716.12775683403
158	761.71533	8.830765	775.02747	752.4085	902.0553	2.826519	905.4314	894.9371	902.6219	3.699008	908.28314	895.2729	896.9453	4.6400313	905.06995	889.42596	1000.0	1000.0	1000.0	1000.0	631999	122.30423	21.46825	186.52872	-30.195995	122.30471	21.46499	191.54935	-27.94412	-2.5657215	2.2289999	29.69947	-12.59819	-122.958984	2.9330187	59828.24204778671
159	762.8253	7.5269704	769.69916	750.0916	901.4269	2.5198822	904.613	894.9819	879.3783	64.39395	905.7833	686.6755	899.4083	2.9066532	904.32837	895.4435	1000.0	1000.0	1000.0	1000.0	635999	122.39134	21.489304	180.44833	-17.153008	122.39147	21.486345	180.70935	-20.04506	-2.5899613	2.2295654	35.92014	-12.841674	-123.043274	2.7581897	59939.9106323719
160	764.13257	3.6100647	768.5179	759.4484	968.18787	66.712975	1002.0079	792.08203	891.3281	75.0069	1001.82886	685.42236	939.41907	42.50734	989.5532	887.8286	1000.0	1000.0	1000.0	1000.0	639999	122.43789	21.353514	175.16858	-31.973284	122.43784	21.351208	175.65665	-43.798023	-2.5733361	2.209863	32.722572	-14.123962	-123.08736	2.9090528	60048.076189279556
161	754.21924	7.4187894	766.0388	746.93585	901.4884	3.0661516	905.3344	896.8786	902.2213	2.7787104	905.0962	896.506	899.01044	3.6775644	903.78735	893.3274	1000.0	1000.0	1000.0	1000.0	643999	122.59535	20.952152	151.39742	-19.206808	122.59518	20.950989	153.79475	-24.818329	-2.579739	2.221816	36.69671	-12.418163	-123.24644	2.8076153	60155.13719820976
162	760.3978	12.012357	773.633	745.3466	997.23486	4.429543	1003.5014	988.2333	996.96796	9.72442	1003.8184	969.5992	992.75507	5.9390984	999.2157	981.587	1000.0	1000.0	1000.0	1000.0	647999	122.4986	20.911543	143.1714	-64.86089	122.49917	20.908274	150.37782	-56.480515	-2.5446973	2.2221897	30.849653	-13.764854	-123.13565	3.060624	60262.060056209564
163	703.1915	116.81112	767.27136	469.6902	988.1561	30.197264	1001.3838	898.04535	964.4642	45.2942	1003.6709	897.2293	991.625	8.315828	1000.9158	973.5128	922.4	1000.0	1000.0	1000.0	651999	122.56669	20.422441	161.34161	-67.926414	122.56518	20.427143	165.65161	-26.900776	-2.5183356	2.2896297	34.29218	-15.7591715	-123.23261	3.1325936	60368.58592367172
164	760.16785	10.360663	770.3696	745.6461	899.58777	4.5089436	903.67834	887.50635	901.3164	4.648274	911.8137	893.7096	896.6486	3.6876388	902.7943	890.9354	1000.0	1000.0	1000.0	1000.0	655999	123.14624	18.913933	180.36763	-50.37779	123.14514	18.919735	180.09053	-56.549736	-2.5138934	2.243552	33.50405	-12.176346	-123.85184	3.143797	60475.58549332619
165	755.69806	11.975697	772.74664	741.0901	931.68616	55.46371	998.6803	831.7343	825.21545	259.5343	982.4455	49.944565	757.6188	355.4223	985.41986	45.198383	1000.0	1000.0	905.2	810.8	659999	124.77463	16.141577	178.18709	-46.007053	124.77268	16.148577	174.75851	-60.63795	-2.5962927	2.0875595	32.472168	-12.610416	-125.52462	3.5567212	60580.84250664711
166	692.28253	95.63557	762.65063	529.2275	634.14166	367.31665	912.2467	57.825214	760.71826	351.10535	993.18005	50.327885	752.6413	351.09814	997.3845	47.96917	1000.0	731.2	813.2	811.7	663999	125.25427	16.2441	180.51135	-42.898537	125.25386	16.245153	178.53348	-39.832447	-2.9183316	1.8250933	30.460556	-13.388495	-125.90493	3.0437026	60680.7127122879
167	298.84512	169.93219	627.77795	65.407104	788.8565	357.98135	1006.3374	76.10824	947.11945	45.020092	1005.1796	905.86176	504.2538	434.2893	988.2326	64.49401	396.5	816.3	1000.0	535.3	667999	125.8852	15.744838	143.8798	-32.567215	125.88433	15.745175	148.64354	-32.757122	-2.9166481	1.8149493	37.48734	-12.207284	-126.600655	2.851773	60781.13148403168
168	141.2663	97.84786	438.26312	60.931232	756.0847	271.45853	904.9591	142.42026	674.95496	339.7599	911.2147	120.734955	770.95276	254.68521	904.1036	181.21368	155.36363	850.5	750.9	862.6	671999	125.7666	17.493752	137.13597	-46.20878	125.76675	17.49051	137.9955	-40.67141	-3.0469759	1.6991299	35.868187	-14.79318	-126.39584	2.830605	60884.29110813141
169	499.01465	305.56604	771.58014	97.02766	899.8729	2.8252413	903.22296	893.98553	908.8458	29.038876	995.4097	892.64996	895.3838	6.245526	901.76	881.3216	642.8571	1000.0	1000.0	1000.0	675999	124.70102	18.932995	145.72517	-48.981583	124.70156	18.928839	148.38463	-45.778168	-2.8000057	1.8740517	30.476614	-11.786346	-125.31612	2.948449	60991.944507837296
170	646.1874	207.0691	766.8803	287.536	905.4115	5.0041056	915.18024	895.4133	912.59607	25.628267	988.857	898.0324	905.0448	5.4273515	914.2895	896.5776	843.75	1000.0	1000.0	1000.0	679999	123.86193	19.791224	148.93132	-65.96232	123.86339	19.784105	148.257	-48.138966	-2.7179153	1.9777591	33.42856	-14.589056	-124.48449	3.0056655	61098.4967713356
171	758.6514	10.05596	767.9406	742.55896	932.9635	36.846264	996.75024	901.9364	912.379	38.47843	966.0641	820.6917	949.6929	33.82479	995.96375	906.7693	1000.0	1000.0	1000.0	1000.0	683999	123.26822	20.601871	150.3908	-76.88208	123.26862	20.602364	149.9313	-72.51233	-2.6833777	2.037887	35.066013	-13.101794	-123.88729	2.766143	61206.04050540924
172	758.42346	3.285634	762.90735	754.3702	900.4993	4.2577744	908.21497	894.2647	901.433	4.1295123	907.6518	894.71094	897.86084	6.9421716	906.64325	888.14764	1000.0	1000.0	1000.0	1000.0	687999	123.11287	20.87216	136.95908	-71.81832	123.11306	20.871784	137.83589	-65.84918	-2.5975766	2.154435	35.83035	-12.234528	-123.74645	2.8766556	61312.0883538723
173	755.4817	12.239035	775.58295	742.62494	902.937	2.1112814	905.694	898.0563	901.0485	3.009921	905.619	896.33856	898.1459	4.167746	903.52277	890.0538	1000.0	1000.0	1000.0	1000.0	691999	123.2145	20.613445	137.25308	-73.98774	123.21428	20.613256	139.32245	-63.048546	-2.5603907	2.1570482	31.286785	-13.335488	-123.87162	3.1336324	61421.41714644432
174	752.50574	2.834371	756.1199	748.17017	896.96594	3.9996748	904.7675	893.11694	911.874	40.90448	992.8875	843.5003	900.35693	3.902097	907.78613	893.7784	1000.0	1000.0	1000.0	1000.0	695999	123.53342	20.095636	137.61397	-60.952034	123.5331	20.094955	137.72394	-50.891087	-2.5876684	2.12506	34.599304	-13.758627	-124.1922	3.1821592	61531.165471076965
175	759.70465	7.084701	765.5188	747.7889	917.90906	28.93562	1000.63	899.2486	903.11584	44.755642	995.52	802.6012	902.05566	9.5130625	922.3275	893.2166	1000.0	1000.0	1000.0	1000.0	699999	123.57729	20.158712	140.735	-74.42516	123.57793	20.157822	138.37059	-56.53408	-2.6613152	2.0582905	32.715836	-13.593019	-124.221596	3.0213656	61640.80167555809
176	762.27185	8.60172	775.69305	753.4402	895.8215	11.466979	905.3764	868.5435	899.86487	7.4724097	907.3496	881.4093	898.7298	5.4642653	904.43243	883.419	1000.0	1000.0	1000.0	1000.0	703999	123.6367	20.118267	137.71938	-95.514626	123.63691	20.116653	138.06046	-90.443375	-2.681891	2.063037	34.171997	-16.494457	-124.30175	2.8276427	61748.63259577751
177	755.286	3.6867511	761.464	752.40393	924.5736	36.89854	999.4849	901.59607	925.33575	34.82755	998.51654	898.01953	909.5338	10.838504	938.55273	899.2435	1000.0	1000.0	1000.0	1000.0	707999	124.118	19.307407	141.22206	-88.05553	124.11787	19.308788	140.70033	-84.014786	-2.6711829	2.0436637	32.382587	-14.9751835	-124.81192	2.4206338	61859.327466249466
178	759.68066	10.297975	769.0319	742.3528	866.5039	51.134083	908.32135	784.0005	874.7067	99.835434	991.2197	590.7746	906.36444	30.513422	995.48456	884.1345	1000.0	1000.0	1000.0	1000.0	711999	124.62732	18.749706	140.40012	-65.58687	124.62657	18.754381	139.92625	-63.69664	-2.8076909	1.8934405	29.601854	-13.127673	-125.28584	2.3580835	61965.922246456146
179	746.7524	10.229452	761.6631	733.0913	899.6193	7.874882	904.3562	876.8275	899.65247	7.5059524	906.2989	879.5817	895.6754	3.9838412	901.7516	890.4237	1000.0	1000.0	1000.0	1000.0	715999	124.42351	19.455883	149.22258	-85.071266	124.42319	19.457548	146.87685	-73.52833	-2.780187	1.9028442	30.402786	-13.780331	-125.07271	2.4007814	62073.291514635086
180	748.6743	10.293313	762.6337	735.47406	888.3831	32.104877	906.09283	794.46655	631.30725	377.32913	906.48364	47.43605	866.41516	35.589737	901.40643	797.40985	1000.0	1000.0	733.3	1000.0	719999	124.44661	19.46065	144.64984	-57.776722	124.44648	19.462576	141.36855	-61.755436	-2.7324293	1.9746708	34.269505	-13.953957	-125.12169	2.8125713	62176.09469676018
181	580.50214	233.76224	742.6322	139.77673	991.18195	30.876732	1004.98676	899.10754	943.83057	45.324154	1000.8452	892.084	940.1338	46.649757	1000.91815	887.0774	788.3333	1000.0	1000.0	1000.0	723999	125.39194	18.387213	144.64194	-75.382835	125.39089	18.390457	143.88853	-77.29017	-2.7632809	1.9427009	29.86369	-12.777803	-126.0994	2.7373507	62283.90680885315
182	754.75635	10.4196615	767.6829	739.64233	895.26514	19.272533	910.20135	853.50964	902.39716	5.135139	909.25665	891.27094	908.70703	13.569086	944.3401	891.29175	1000.0	1000.0	1000.0	1000.0	727999	125.45588	18.666933	138.82718	-68.609955	125.45585	18.66592	142.39041	-59.823826	-2.9009304	1.818505	31.934954	-13.261154	-126.090614	2.7304718	62395.78278923035
183	737.8942	18.835968	757.7807	709.0858	930.82166	35.539185	1003.97266	898.2475	925.3916	40.62049	988.1295	885.7372	970.84686	38.51459	1004.3073	903.3759	1000.0	1000.0	1000.0	1000.0	731999	125.17126	18.766325	139.83362	-79.35531	125.1707	18.769772	142.46448	-77.83131	-2.8743942	1.8391144	33.003574	-13.321149	-125.832306	2.7432218	62504.627358198166
184	500.4353	145.96147	718.80634	338.56396	539.4806	344.2128	981.8549	152.19417	609.58014	311.03076	941.1225	143.21109	571.74854	319.15448	988.59064	143.65106	651.4	570.6	670.7	594.7	735999	125.88338	18.011105	142.20232	-83.93827	125.88248	18.0133	144.30292	-72.323204	-2.8869207	1.8076731	28.064362	-12.549805	-126.59788	2.896083	62596.38445711136
185	538.3746	285.6164	768.0404	97.67055	915.45703	27.360777	995.5241	896.0599	891.1375	73.54839	998.20917	687.7122	909.951	13.53834	946.32806	900.0017	710.0	1000.0	1000.0	1000.0	739999	125.82904	18.441095	142.75377	-51.848503	125.82899	18.444578	143.02623	-54.082745	-2.936089	1.803051	34.701084	-12.991818	-126.45797	2.6473129	62705.4222741127
186	748.88525	10.2157	766.41	741.5425	895.5374	16.862932	905.1447	858.86273	890.9813	34.61907	907.97565	787.5258	901.8032	2.0946815	905.12335	898.4732	1000.0	1000.0	1000.0	1000.0	743999	125.31046	19.111883	142.95007	-65.43874	125.31048	19.112347	143.00624	-66.28257	-2.8099105	1.8948076	31.923618	-12.3854685	-125.95187	2.8088443	62816.824442863464
187	749.2199	4.5476418	754.9661	742.32227	899.62823	43.337204	978.27	788.1262	918.46716	30.835163	993.5212	892.22015	922.1251	34.21932	990.35254	895.7928	1000.0	1000.0	1000.0	1000.0	747999	124.89139	19.644852	138.87508	-81.14928	124.8913	19.646624	138.67036	-72.41095	-2.7503762	1.9772114	37.459682	-13.650802	-125.535614	2.8843622	62930.92484855652
188	678.56824	137.88727	751.5481	402.8798	920.90784	32.696995	987.86255	898.7255	909.8561	27.867212	990.0924	884.59076	904.6245	6.6894207	916.85425	896.80664	904.8	1000.0	1000.0	1000.0	751999	124.73266	19.81943	138.77124	-85.71539	124.73256	19.821169	137.92375	-84.50724	-2.7826037	1.966686	35.345707	-13.889496	-125.384346	2.5979385	63040.75613307953
189	753.9459	7.7401924	764.884	743.00366	895.9088	5.927941	904.3737	886.8002	890.0249	32.99785	904.182	791.52155	892.6094	4.818369	899.97076	885.82874	1000.0	1000.0	1000.0	1000.0	755999	124.87394	19.60637	138.00018	-91.79895	124.87392	19.606586	138.46613	-85.14255	-2.7145963	2.024249	30.798101	-14.003891	-125.54689	3.0357623	63148.589259147644
190	744.4506	4.8442674	751.2994	737.67523	870.6406	50.481255	912.45593	791.7348	900.81775	5.977334	908.44586	890.9577	902.17267	11.285797	924.1648	879.34344	997.25	1000.0	1000.0	1000.0	759999	125.15679	19.211006	138.03275	-82.30018	125.15677	19.211885	138.54257	-76.739685	-2.7388246	1.982112	32.798553	-12.658345	-125.82012	2.2535763	63258.096930503845
191	741.60315	9.449542	755.61694	729.80286	913.2131	23.342106	982.9333	901.66223	910.10156	26.324009	985.61395	879.5839	900.7962	2.40164	905.0379	897.0423	1000.0	1000.0	1000.0	1000.0	763999	125.21259	19.241674	137.69377	-118.04142	125.21258	19.241573	138.48914	-120.123	-2.774887	1.9560713	30.123524	-12.783342	-125.85696	2.5394957	63369.098485946655
192	736.6497	24.114523	752.302	694.92346	907.9447	2.5526516	912.5669	904.2924	883.2853	102.467316	993.3952	586.27136	903.0885	2.8987622	908.207	897.9877	978.75	1000.0	1000.0	1000.0	767999	125.01336	19.541847	138.12271	-62.9618	125.01313	19.541058	138.72946	-74.93218	-2.7612293	1.9988345	38.966816	-13.247819	-125.66604	2.6979995	63477.68294286728
193	742.5593	5.1382713	749.42126	737.4639	900.1299	83.14045	1000.7222	673.584	925.22156	35.51097	996.7762	903.8896	903.97626	11.965766	937.4625	893.0354	1000.0	1000.0	1000.0	1000.0	771999	124.97839	19.547962	138.70805	-112.43657	124.97816	19.547419	138.59065	-110.82478	-2.7451332	2.0265622	33.745476	-13.318324	-125.62806	2.7314565	63587.19954919815
194	738.6672	5.430304	747.33685	733.4982	920.3862	26.21104	984.0217	902.0699	905.6671	10.124924	931.023	886.9192	910.4629	19.20682	957.72876	893.94	1000.0	1000.0	1000.0	1000.0	775999	125.00174	19.530903	137.7215	-33.193962	125.00229	19.528118	139.20377	-40.6818	-2.7381723	2.0293314	37.768124	-13.114138	-125.654724	2.809136	63694.27542471886
195	675.4082	110.01027	754.9668	485.7486	912.36835	29.77665	1000.99146	892.0288	913.65283	29.711332	1002.6142	900.8665	898.0604	4.6751575	905.00555	889.9628	914.5	1000.0	1000.0	1000.0	779999	125.1101	19.514723	138.18307	-45.41747	125.11008	19.515871	145.45428	-40.696	-2.756123	2.087978	31.306866	-14.033864	-125.76796	2.5564897	63802.17627263069
196	744.61255	6.2129874	754.23145	739.0643	903.7858	3.1715782	908.9209	898.95123	874.28357	66.82043	908.91376	697.1021	912.90576	30.638601	1004.23724	894.665	1000.0	1000.0	1000.0	1000.0	783999	125.01613	19.678118	138.51796	-60.05752	125.01546	19.6796	138.62984	-46.330963	-2.726613	2.0511734	35.085537	-13.542606	-125.662674	2.8662045	63910.66038060188
197	748.55945	12.681485	768.2118	734.34576	913.7966	25.886562	990.7165	899.50226	895.16223	46.907795	988.2177	798.06683	908.48254	17.206997	957.1756	892.8157	1000.0	1000.0	1000.0	1000.0	787999	125.0946	19.684017	138.5063	-28.316326	125.09422	19.686249	138.85452	-24.82301	-2.7409945	2.021725	34.491154	-13.498042	-125.748634	2.4449143	64019.491342544556
198	747.1538	4.5361314	751.84875	739.6717	858.82043	97.29908	905.4469	592.4103	917.94366	39.57706	1000.51184	875.3225	897.90857	4.057423	904.719	888.71643	1000.0	1000.0	1000.0	1000.0	791999	125.15355	19.570389	139.40926	-44.793545	125.1539	19.569195	143.1664	-38.478256	-2.7275603	2.0000384	31.813206	-12.4222765	-125.80151	3.0931952	64129.51257419586
199	750.35834	8.890542	759.56866	738.68756	937.23535	41.024685	1000.77106	904.1746	901.23486	43.50429	996.6198	802.95404	880.82306	75.68803	914.5171	654.1704	1000.0	1000.0	1000.0	1000.0	795999	125.10494	19.531643	137.99301	-69.40737	125.1055	19.527058	140.88457	-52.3093	-2.7528791	1.9844363	31.334835	-12.066615	-125.755554	2.59353	64239.49805402756
200	746.6574	6.487795	757.1247	740.3311	885.45197	49.82495	960.8862	792.5195	889.4762	33.87887	920.9737	794.6941	898.662	12.82917	921.2331	873.01483	1000.0	1000.0	1000.0	1000.0	799999	125.28955	19.24025	152.18623	-64.64123	125.28957	19.24152	152.71014	-57.078197	-2.6974607	2.0873475	36.841843	-13.655464	-125.96369	2.7314491	64349.55895161629
201	732.1659	15.114429	743.2154	706.2259	909.5449	6.2187176	917.42755	899.31165	906.8076	4.5186048	913.92676	900.38525	884.4964	71.728065	919.07477	669.88086	1000.0	1000.0	1000.0	1000.0	803999	125.66253	18.654823	155.99623	-41.39255	125.66208	18.657463	149.72656	-46.524296	-2.7744071	1.9494866	29.804832	-14.551807	-126.325584	2.205477	64460.48047018051
202	748.7484	5.7327914	758.3976	744.3752	932.44025	63.70152	1004.7235	804.551	878.6709	128.71158	1001.9552	590.17865	934.05273	39.708893	999.97437	896.55023	1000.0	1000.0	1000.0	1000.0	807999	125.46561	19.078241	139.64534	-38.74533	125.4657	19.07493	139.03569	-34.390827	-2.7740517	1.9342952	32.84738	-12.606215	-126.10319	2.6820874	64567.49276137352
203	744.6583	4.706015	752.1262	739.8819	942.88086	43.757435	998.6673	902.68414	933.3674	43.929306	1000.3859	881.0623	920.20526	12.357376	944.8161	906.10876	1000.0	1000.0	1000.0	1000.0	811999	125.30655	19.377619	144.29372	-33.409534	125.30702	19.37752	152.12146	-28.045122	-2.7904115	1.9645853	31.762423	-14.908666	-125.959656	2.4347389	64675.61360168457
204	645.3695	212.7821	759.0082	220.05783	933.8036	41.481564	998.8828	904.0923	910.2739	29.170763	995.372	883.6871	906.4001	4.4024963	911.9433	899.65814	857.6	1000.0	1000.0	1000.0	815999	125.44538	19.253973	168.39845	-50.059093	125.44516	19.252289	158.40834	-47.013893	-2.7353382	2.0732884	37.789642	-15.040645	-126.102684	2.3293648	64788.693995952606
205	638.2691	194.8718	774.80963	302.48032	903.9501	2.5711865	907.3185	899.20703	898.9657	6.1525416	905.0817	883.6903	901.98303	2.28539	905.1528	898.0015	848.0	1000.0	1000.0	1000.0	819999	125.53862	19.25839	155.26674	-59.750034	125.53888	19.257828	153.64174	-33.566338	-2.7568812	2.0167685	37.527206	-13.348927	-126.17784	2.552652	64900.66090321541
206	754.63525	5.3426127	758.17896	745.4043	958.85254	44.90098	999.3329	902.15094	895.83655	71.43553	1000.7759	768.3659	933.4246	37.343937	996.9717	895.0269	1000.0	1000.0	1000.0	1000.0	823999	125.44823	19.371107	142.79483	-23.667513	125.44834	19.368889	142.39845	-28.13634	-2.743512	2.00509	31.192787	-14.179694	-126.0839	2.5562003	65009.990406513214
207	728.1166	26.616215	745.1124	682.09033	926.2629	38.641453	1004.79254	900.80804	920.36346	40.823692	1001.93665	887.8734	914.27576	7.9793196	926.70483	899.7384	976.5	1000.0	1000.0	1000.0	827999	125.4797	19.245367	155.12415	-23.341192	125.4802	19.243776	160.3326	-20.433598	-2.7195055	2.0808668	30.470463	-12.074217	-126.13492	2.5437338	65120.93993258476
208	646.0546	204.41406	751.81213	237.28041	903.44794	1.3967454	905.6552	901.02466	884.25684	100.62244	996.9446	593.78796	903.16583	2.7234528	907.1053	897.8891	862.8	1000.0	1000.0	1000.0	831999	125.52315	19.144587	161.32552	-24.605778	125.52296	19.144913	157.45522	-23.987123	-2.761753	2.003064	36.143578	-12.624115	-126.1734	2.2352862	65231.046003341675
209	746.4867	4.0458617	751.6375	740.5713	902.93396	2.4330661	906.5327	899.54425	914.5384	31.842688	1007.541	887.7148	906.97363	33.322548	1005.5975	886.3232	1000.0	1000.0	1000.0	1000.0	835999	125.48601	19.096489	156.56993	-36.38581	125.48644	19.094683	160.41144	-21.360575	-2.7330003	2.0510833	26.802267	-12.5205555	-126.13516	2.9114473	65342.59010672569
210	676.2883	130.43115	755.0246	450.4389	869.4453	91.80338	904.47034	594.44366	887.18524	55.984722	998.87225	794.53467	855.51935	46.30292	905.18097	779.6501	902.75	1000.0	1000.0	1000.0	839999	125.68947	18.978806	166.72258	-40.18542	125.68893	18.978745	157.16173	-34.00015	-2.7350879	2.0736465	34.924232	-12.041732	-126.34147	2.422445	65455.757991313934
211	752.38104	6.835227	759.77277	742.0727	912.47595	26.554365	991.9355	899.20557	913.65564	28.14666	998.0065	902.3982	904.8161	4.97644	915.60333	899.0503	1000.0	1000.0	1000.0	1000.0	843999	125.61554	19.199417	148.53131	-23.102142	125.61568	19.200226	154.13979	-19.186325	-2.8006043	1.9647837	38.89625	-13.438287	-126.25051	2.6367626	65565.7975628376
212	739.67163	4.7465653	746.20734	734.64404	890.4167	106.628784	994.0611	588.7746	886.1751	69.41637	936.31744	679.8204	899.8304	3.5386245	906.7	895.4171	1000.0	1000.0	1000.0	1000.0	847999	125.5426	19.223423	137.6907	-37.05771	125.54318	19.221565	138.251	-22.1148	-2.7801163	2.005007	31.344883	-12.576717	-126.1858	2.6893966	65681.59133315086
213	736.6217	7.200167	743.84814	724.9203	916.4152	21.6833	979.5097	902.0009	933.97675	52.11012	1004.6296	859.0609	914.4411	11.433629	927.9646	896.02625	1000.0	1000.0	1000.0	1000.0	851999	125.41807	19.587431	153.20197	-18.693157	125.41802	19.581148	149.14395	-23.565813	-2.7321684	2.0521178	33.993645	-13.566089	-126.056656	2.9933453	65791.08539390564
214	748.7171	10.890973	764.0031	734.45465	913.4867	27.251942	995.1203	902.1638	915.9891	29.807993	1004.4022	897.7054	899.29675	5.217663	904.97784	889.1184	1000.0	1000.0	1000.0	1000.0	855999	125.48844	19.48889	169.13509	-25.535292	125.48814	19.486969	179.84798	-27.643057	-2.7578585	2.0686235	33.4038	-13.237727	-126.12764	2.6931627	65900.13077378273
215	739.30884	4.4133387	744.19086	732.989	853.2711	103.81731	906.8201	603.7556	905.8168	5.813213	922.5073	901.73315	900.6589	3.149731	906.50977	895.88947	1000.0	1000.0	1000.0	1000.0	859999	125.56983	19.213717	168.55653	-18.574398	125.56981	19.214426	167.1477	-21.602999	-2.7295275	2.0815957	28.67002	-12.775984	-126.217514	2.5911257	66015.91252446175
216	686.1583	128.75175	759.2423	429.07498	915.641	86.99928	1006.7541	691.1106	972.7792	46.08756	1005.9559	894.15216	906.9461	13.407641	933.8162	891.6663	914.4	1000.0	1000.0	1000.0	863999	125.7732	18.933512	162.44093	-29.548525	125.7737	18.932798	160.69879	-23.928415	-2.7776785	2.056775	36.46395	-13.026356	-126.42559	2.1548715	66129.1610546112
217	741.5098	7.133524	750.9293	733.8885	911.8258	28.071554	993.5942	884.30304	902.28723	5.6793942	907.00946	886.6069	900.417	3.6614027	906.3247	894.69806	1000.0	1000.0	1000.0	1000.0	867999	125.80042	18.838707	163.5523	-25.50314	125.80092	18.834986	164.18312	-21.016335	-2.8027744	1.9627872	31.362612	-12.071148	-126.43385	2.4425387	66239.72295737267
218	743.13104	7.9200153	756.6113	736.38135	907.875	7.6318283	922.94324	899.3508	900.04407	5.825832	909.37	889.1222	906.4393	12.243996	928.80914	893.0446	1000.0	1000.0	1000.0	1000.0	871999	125.71253	18.859753	160.66534	-19.72266	125.71278	18.857838	163.1634	-18.283194	-2.7692816	2.01655	35.04479	-13.237793	-126.346924	2.5653462	66351.01475167274
219	736.21045	10.360866	749.8122	722.97565	910.58826	24.198036	978.6896	890.09424	900.44025	4.1464763	904.7248	889.2184	901.2839	8.235225	923.22736	890.0327	1000.0	1000.0	1000.0	1000.0	875999	125.63634	18.988499	162.82959	-17.81325	125.63627	18.988377	157.92346	-18.893335	-2.7726443	2.015449	41.82574	-12.5160055	-126.27685	2.3695178	66459.88443350792
220	719.743	27.706167	747.76495	675.6508	902.6711	4.796454	909.9221	891.8132	894.9591	34.575153	911.48	791.6078	901.27313	5.163687	909.34576	892.9007	976.5	1000.0	1000.0	1000.0	879999	125.57617	19.156048	160.72278	-16.2879	125.57646	19.152637	174.35982	-15.226879	-2.816828	1.9632398	33.51817	-13.310097	-126.21705	2.7719746	66569.99913716316
221	748.8048	4.737882	755.0491	743.0786	908.4613	27.680397	989.9465	889.3758	922.13446	37.625053	1001.17676	900.5313	901.5081	5.0405817	907.0278	890.0561	1000.0	1000.0	1000.0	1000.0	883999	125.56213	19.077824	143.98866	-64.50567	125.56161	19.077478	146.87157	-49.227577	-2.7335782	2.0512908	30.482433	-14.995073	-126.21458	2.930493	66680.7370505333
222	745.6042	5.9078197	753.08716	736.8659	887.16815	100.815384	986.9407	593.8717	899.6533	111.25273	1000.19183	592.3587	933.66943	42.849922	993.55273	891.3639	1000.0	1000.0	1000.0	1000.0	887999	125.69885	18.606153	138.77705	-51.776897	125.69913	18.603445	138.71507	-35.962955	-2.7440212	2.0691051	30.29382	-12.609074	-126.34099	2.4119081	66794.05253529549
223	752.72705	12.364209	768.2714	734.216	927.68713	48.223164	1001.94025	894.0831	931.88196	47.977406	1006.01587	895.6897	911.5959	17.444572	938.3043	891.09	1000.0	1000.0	1000.0	1000.0	891999	125.5222	18.907099	137.76425	-22.823158	125.52287	18.904236	140.14713	-26.46606	-2.766879	1.9543476	28.736849	-12.587154	-126.14495	3.0218246	66906.08552336693
224	612.2386	276.95758	761.9448	58.50952	905.0036	4.1776443	911.56824	898.4984	958.92236	44.60795	1002.1536	902.4428	921.54297	28.57716	981.25867	901.62146	815.0	1000.0	1000.0	1000.0	895999	125.38574	19.037886	137.92021	-22.616495	125.38531	19.03787	137.96289	-27.55127	-2.7439463	2.0151827	33.160976	-11.850926	-126.01588	2.876617	67016.48469209671
225	747.40424	9.792386	763.7737	737.76544	911.40594	27.675035	993.8895	897.7039	904.9715	3.6940703	913.81757	900.49005	900.43225	4.545599	909.09326	893.0725	1000.0	1000.0	1000.0	1000.0	899999	125.81584	17.991312	138.1717	-28.815823	125.8155	17.994453	137.70718	-28.329515	-2.660066	2.2527673	35.52344	-16.596327	-126.48678	2.7201371	67127.67534828186
226	743.09235	7.195038	748.1421	730.6943	898.7992	7.9635057	904.95667	880.6061	881.0918	44.63332	907.25574	787.3746	899.4907	3.7088597	903.07684	891.89594	1000.0	1000.0	1000.0	1000.0	903999	126.07296	17.620285	138.05643	-24.823269	126.07296	17.621883	138.22665	-35.84798	-2.7742755	1.9415052	31.70502	-12.264286	-126.71209	2.9251416	67242.92756557465
227	749.85754	6.975063	758.4699	739.2618	942.80505	43.71557	999.76587	902.5599	960.6214	41.973896	1003.50446	903.7416	942.26697	38.08925	984.5536	898.39044	1000.0	1000.0	1000.0	1000.0	907999	125.87748	17.924486	137.52667	-32.658054	125.87747	17.925522	137.98204	-24.320475	-2.7742429	1.9780655	36.545586	-15.058212	-126.51072	2.591549	67352.17302441597
228	743.1677	1.2814553	745.02625	741.93024	887.5871	52.415745	908.7268	730.4899	902.0366	50.01464	1005.98206	785.03455	902.27606	2.509989	905.928	898.2217	1000.0	1000.0	1000.0	1000.0	911999	125.97141	17.788754	137.46222	-18.97083	125.97202	17.788765	138.23872	-24.34859	-2.7420216	2.1188476	37.926537	-11.89138	-126.62589	2.521497	67464.17904019356
229	745.2055	8.457978	754.2197	731.6817	941.5143	39.596035	994.61884	897.9906	913.2039	38.82792	990.2955	878.8595	927.1227	36.858185	990.6642	890.285	1000.0	1000.0	1000.0	1000.0	915999	126.09472	17.563223	137.64824	-38.100533	126.09509	17.560701	138.5633	-26.843483	-2.7563	2.1442385	38.440372	-15.499789	-126.7351	2.4537983	67575.85124850273
230	747.3964	5.0703907	754.6093	740.5021	883.6	40.99393	908.92175	797.1994	903.3229	38.29289	994.0406	829.4082	898.5363	5.388868	905.7945	888.54236	1000.0	1000.0	1000.0	1000.0	919999	126.08207	17.554703	138.33235	-22.815073	126.0826	17.552088	140.8448	-21.776058	-2.8107734	1.9097748	37.174164	-12.58826	-126.712906	2.582152	67688.90203499794
231	746.82007	11.530252	758.33105	727.70557	932.5667	44.675888	1001.53845	898.09	933.16614	44.034378	1002.14844	896.43494	946.1427	48.938522	1001.2631	891.7609	1000.0	1000.0	1000.0	1000.0	923999	125.99365	17.627842	137.57184	-20.714441	125.99356	17.627512	138.90886	-19.393913	-2.8382928	1.9652487	32.53709	-12.450151	-126.63423	2.2910185	67800.59411358833
232	690.4552	94.6285	746.1502	526.5647	917.6799	37.66621	999.6961	880.7593	879.99255	97.96128	971.94354	592.767	903.0498	7.5467973	918.82306	891.31335	924.5	1000.0	1000.0	1000.0	927999	126.23326	17.227583	137.64888	-30.323103	126.23297	17.22699	138.67715	-40.96258	-2.7622406	2.1077886	33.836502	-12.391256	-126.88489	2.5018346	67917.63055896759
233	745.57495	13.726098	766.9733	731.5898	983.9686	27.483702	997.9727	902.0762	969.43506	44.19834	1000.92163	900.11566	966.15704	32.413662	991.8014	891.9815	1000.0	1000.0	1000.0	1000.0	931999	126.21336	17.369034	137.80423	-62.545105	126.21467	17.365862	138.38982	-18.877665	-2.8127666	1.8676554	28.919838	-13.080351	-126.83803	3.2205431	68032.10481977463
234	739.1079	6.0316944	748.63007	732.06177	991.9951	8.960907	1004.6453	969.6945	972.58997	41.265488	1003.9266	886.0541	984.7327	9.964851	997.3563	962.78357	1000.0	1000.0	1000.0	1000.0	935999	126.08163	17.535278	137.79341	-46.75922	126.08178	17.53317	138.26288	-37.947765	-2.7971768	1.9729528	30.184801	-12.041973	-126.71907	2.7415214	68144.16515231133
235	737.5559	12.277578	756.0879	722.6644	928.58044	119.37696	1002.5373	696.5905	983.9271	24.599966	999.5456	918.51465	982.37286	5.381086	988.5594	972.9179	1000.0	1000.0	1000.0	1000.0	939999	126.0181	17.649164	137.99396	-31.683956	126.01849	17.64726	138.21457	-34.159557	-2.8638906	1.9028629	35.699715	-13.054667	-126.64719	2.2987046	68257.0290696621
236	739.86957	5.619947	747.9639	732.1343	912.05945	48.255535	1005.7488	794.219	924.2461	63.20384	1010.176	791.2209	934.20056	22.67512	965.3329	901.0438	1000.0	1000.0	1000.0	1000.0	943999	126.0264	17.509838	137.97986	-28.614887	126.02739	17.508186	141.45009	-30.397738	-2.798439	2.006624	37.135242	-12.711225	-126.66567	2.6862495	68371.38105678558
237	751.14185	5.841962	758.35803	743.5375	946.7277	84.45567	1002.9061	788.8334	923.8971	123.50133	1003.85547	582.26746	983.8981	15.245721	1001.79004	953.47614	1000.0	1000.0	1000.0	1000.0	947999	125.88536	17.483864	137.82608	-17.855469	125.88535	17.48615	139.67136	-20.5219	-2.7054696	2.1216762	34.382412	-15.587749	-126.52315	3.1584735	68481.98428535461
238	759.94446	2.3194606	763.88043	758.2004	950.9365	43.451595	1001.37177	899.66986	934.2324	40.25337	997.9658	898.17334	914.3164	27.826712	979.5509	892.1394	1000.0	1000.0	1000.0	1000.0	951999	125.9033	17.226292	137.3512	-50.46783	125.90458	17.224863	137.67935	-28.588888	-2.745579	2.071145	41.888393	-16.35918	-126.52516	3.0244892	68593.89700341225
239	744.5779	1.6640807	745.58545	741.69696	913.4238	30.127115	1002.0735	899.0171	916.05273	29.3436	998.9159	897.3021	916.20886	14.776299	937.5526	899.7952	1000.0	1000.0	1000.0	1000.0	955999	125.94162	17.018593	137.14458	-32.974693	125.94162	17.017073	137.45558	-21.163134	-2.780714	2.0657687	43.04595	-12.611439	-126.57375	2.4194071	68709.92419934273
240	744.8717	1.4817073	747.194	743.5631	913.3156	31.024395	1004.25397	890.1617	924.1915	40.502975	1005.55585	892.7198	925.95135	24.937729	956.94684	893.5984	1000.0	1000.0	1000.0	1000.0	959999	125.92378	16.87168	139.14023	-18.701725	125.92334	16.872244	139.12123	-26.286985	-2.801425	1.9487637	43.060753	-12.425106	-126.54202	2.3241937	68825.3855752945
241	747.6933	3.4843664	753.0791	743.47675	901.473	4.2442164	909.14325	894.8598	901.75244	45.826797	996.1001	792.24304	902.45764	5.86971	909.74005	891.99164	1000.0	1000.0	1000.0	1000.0	963999	125.90903	17.131071	137.3741	-18.240095	125.90927	17.134535	137.28474	-24.31913	-2.8267522	1.8855877	42.163013	-11.818753	-126.54009	2.4525988	68935.75705766678
242	746.83765	11.993984	765.4248	733.5707	908.8633	26.529154	987.6135	894.7991	928.73926	39.93501	994.4688	894.64233	923.28107	41.881165	992.3568	883.17975	1000.0	1000.0	1000.0	1000.0	967999	125.88618	17.18605	137.37733	-34.78115	125.88664	17.1842	137.77266	-22.186747	-2.8509037	1.8817161	47.673	-12.290813	-126.51264	2.5376816	69045.27700662613
243	757.4749	5.734724	763.6268	748.3055	888.87225	105.09548	989.587	589.00696	882.52625	99.71356	996.88245	595.1431	902.1221	2.383615	905.6764	898.05566	1000.0	1000.0	1000.0	1000.0	971999	125.78231	17.41263	138.05313	-29.324911	125.78296	17.410479	137.9956	-36.166874	-2.8604121	1.9315419	39.19293	-14.595154	-126.414314	2.4520605	69156.7602930069
244	714.86725	56.773	755.3787	616.887	887.18274	104.765915	1000.98047	695.41394	888.21063	131.19783	1000.9719	600.1519	966.4503	37.638588	994.6719	888.707	955.5	1000.0	1000.0	1000.0	975999	125.91745	16.956581	138.02663	-32.994354	125.91692	16.955156	137.55981	-44.134552	-2.8433084	1.8718886	38.38933	-12.427858	-126.55123	2.3078382	69266.2852256298
245	611.96594	284.0899	765.2814	43.969967	955.77	46.14309	1000.31036	893.82965	925.71497	87.44774	995.3213	696.5776	958.506	24.806145	988.3121	922.7023	811.4	1000.0	1000.0	1000.0	979999	125.98257	17.122908	138.01958	-25.376396	125.98254	17.121454	139.3535	-24.766413	-2.856439	1.8874216	38.396244	-13.822805	-126.61067	2.7317426	69377.44073414803
246	744.52203	2.0918267	747.86597	742.19196	901.40967	79.65512	998.3837	693.3195	892.4372	72.78511	997.9012	690.8206	962.98145	28.993658	994.9437	898.32007	1000.0	1000.0	1000.0	1000.0	983999	126.06216	16.988117	137.50072	-30.9555	126.06301	16.987328	137.62866	-31.601095	-2.8549616	1.8647639	37.643684	-12.18258	-126.68613	2.65281	69487.88943266869
247	752.2422	11.514373	771.1073	741.58997	937.9948	42.1962	1001.89294	897.6673	933.48114	46.99691	1008.2916	896.9916	936.708	44.81613	1002.146	891.4964	1000.0	1000.0	1000.0	1000.0	987999	126.03441	17.08879	137.443	-26.438713	126.03555	17.085445	137.55585	-23.50429	-2.8655324	1.8724084	34.66835	-14.274422	-126.66306	2.5243013	69600.39570760727
248	743.228	3.651151	748.58966	739.4307	966.30927	44.750225	1003.64276	894.08484	933.5907	43.68838	998.32666	891.7788	970.58984	11.881296	992.1262	950.35474	1000.0	1000.0	1000.0	1000.0	991999	126.12192	16.944658	137.99129	-36.237568	126.12162	16.945189	137.41597	-29.242722	-2.834794	1.910351	36.11257	-14.147183	-126.75703	2.322864	69713.09845852852
249	743.791	7.328041	753.09924	732.7838	901.1758	3.7418785	908.88354	894.88513	900.3758	4.59896	909.45294	890.7909	907.9396	28.587482	993.4174	893.6623	1000.0	1000.0	1000.0	1000.0	995999	126.19735	16.844908	137.56229	-24.78471	126.19772	16.84296	139.5699	-31.493696	-2.860443	1.8474858	29.460152	-12.296478	-126.8247	2.217877	69823.04826784134
250	612.98663	268.2753	753.9785	76.62338	929.9832	44.04219	1002.22217	895.5581	951.10803	48.342407	1001.6261	898.5528	967.1668	40.718662	1002.11676	900.44196	820.2	1000.0	1000.0	1000.0	999999	126.18372	17.14152	138.58618	-30.052807	126.18437	17.139359	137.93604	-44.75505	-2.842027	1.9254017	32.129185	-13.358785	-126.80823	2.6426756	69933.67049527168
