Epoch	AverageEpRet	StdEpRet	MaxEpRet	MinEpRet	AverageTestEpRet	StdTestEpRet	MaxTestEpRet	MinTestEpRet	AverageTransferEpRet	StdTransferEpRet	MaxTransferEpRet	MinTransferEpRet	AverageRandomEpRet	StdRandomEpRet	MaxRandomEpRet	MinRandomEpRet	EpLen	TestEpLen	TransferEpLen	RandomEpLen	TotalEnvInteracts	AverageQ1Vals	StdQ1Vals	MaxQ1Vals	MinQ1Vals	AverageQ2Vals	StdQ2Vals	MaxQ2Vals	MinQ2Vals	AverageLogPi	StdLogPi	MaxLogPi	MinLogPi	LossPi	LossQ	Time
1	20.154552	2.970837	33.30185	12.50021	42.71883	2.0226243	47.122555	39.38954	42.808537	5.8338523	53.31333	35.530384	41.78414	2.6533155	44.350094	35.316055	12.299383	35.1	36.4	35.7	3999	12.153067	7.597436	30.768585	-2.9468286	12.153534	7.5967107	31.234339	-3.2712135	-0.4779074	1.2776582	4.694129	-12.806635	-13.297909	0.73916644	58.205748319625854
2	20.09336	2.9786496	35.499718	10.083572	7.6545153	1.9597191	10.307975	4.1963367	8.683339	1.6891834	10.642275	4.641464	8.444117	2.4823418	13.995272	5.28298	11.9375	30.7	31.2	30.8	7999	24.708965	12.956144	53.12278	-5.1762967	24.708996	12.95562	53.253174	-4.6623898	0.38828117	1.7066308	8.3674965	-12.811635	-27.04354	0.86475235	132.96654105186462
3	25.600576	12.239823	77.64924	11.250141	59.259815	6.2244678	71.59604	52.30297	62.62493	4.9175076	69.940994	53.7863	59.128864	9.066283	70.118004	34.76766	18.909523	42.0	44.6	42.8	11999	40.69021	19.695944	98.85813	-14.190648	40.68987	19.694103	97.41693	-9.995495	1.1545368	2.0681467	13.442833	-12.02851	-44.71257	8.034533	208.0600233078003
4	100.78645	28.733362	149.96832	42.898968	207.58614	63.690098	319.2267	128.49852	203.27351	75.73792	329.12848	122.223076	142.27878	28.598848	226.11732	125.9576	67.22034	163.8	160.2	89.6	15999	53.230015	23.456026	80.429405	-16.536821	53.230873	23.455812	81.94481	-15.432157	0.9118393	2.1983457	14.794971	-12.469298	-57.157036	5.975328	288.1797161102295
5	146.7982	53.438385	330.14548	101.60499	176.00284	35.054775	238.85071	144.94313	188.02563	30.318226	230.16785	143.89488	174.9299	27.790207	212.42384	141.36943	112.0	114.0	128.1	112.9	19999	57.615955	24.611057	84.73676	-17.417141	57.617023	24.612875	84.52987	-14.221166	0.73836166	2.2150874	15.349945	-12.243715	-60.905525	5.7416396	367.3986699581146
6	146.72836	22.469429	251.38388	123.83358	697.5608	322.95178	919.0533	158.16756	838.7596	211.92966	920.61035	203.0966	700.0483	311.11874	907.71466	205.99347	93.97619	746.1	914.9	751.3	23999	60.508484	25.304348	90.16144	-22.271126	60.50896	25.304201	89.83105	-20.327686	0.6259378	2.1610718	15.582919	-11.124847	-63.39548	5.267605	466.96288657188416
7	182.7303	53.556644	378.5973	125.239136	914.88556	4.9314528	922.1556	905.32654	915.8115	3.5531986	921.8884	910.83203	911.3539	4.841536	918.23895	900.6606	139.34483	1000.0	1000.0	1000.0	27999	62.097584	25.636885	93.673965	-23.758455	62.09757	25.638578	94.01101	-23.51277	0.55028343	2.0978982	18.136217	-14.192626	-64.63666	4.318986	575.7123079299927
8	193.24142	43.90078	310.92133	145.7661	859.0174	64.99309	914.25543	778.8743	870.36914	59.731342	913.35266	777.9683	866.0093	99.78017	912.9347	590.4272	149.76923	1000.0	1000.0	980.1	31999	62.19496	25.244293	95.1493	-30.17437	62.19457	25.246517	95.38892	-21.998796	0.4051555	1.9829621	17.446852	-13.70625	-64.40024	3.4429078	683.6419744491577
9	299.509	92.04564	460.61432	179.67445	915.0044	1.7307128	917.0531	911.33185	912.87244	3.382586	917.5801	908.0412	913.03406	1.9705963	916.677	909.4459	270.66666	1000.0	1000.0	1000.0	35999	62.492615	24.428799	96.247955	-28.052534	62.49233	24.431278	96.08055	-42.716347	0.32347226	1.9387428	17.900837	-10.81009	-64.48314	3.1350336	790.875815153122
10	373.11322	118.50912	650.34094	233.94363	757.6564	294.6552	907.91034	151.65869	872.0036	95.03981	908.2335	586.98676	760.6322	288.5527	907.4347	113.65315	363.1	850.1	976.0	853.8	39999	63.31492	23.612741	96.49495	-24.079294	63.314495	23.616167	96.34095	-26.289566	0.25456247	1.8762772	16.430878	-10.477106	-65.10011	2.8249712	895.4381272792816
11	433.80005	191.96017	838.33246	242.56061	903.4757	4.1764655	907.78467	893.6453	886.0199	45.487053	906.2958	749.7969	902.9225	1.9292324	904.7141	899.05865	440.6	1000.0	1000.0	1000.0	43999	64.51055	22.900236	97.58942	-32.809074	64.50999	22.902542	96.97185	-29.196234	0.15161751	1.8296256	16.977333	-12.479048	-66.14091	2.7689707	1002.5316083431244
12	481.59882	225.6711	847.7237	286.51556	639.5531	328.53342	908.767	128.58148	767.839	281.097	910.93677	106.45151	896.78143	30.069649	910.7779	807.05164	511.85715	731.0	858.2	1000.0	47999	65.679146	22.453545	97.795906	-33.42048	65.67892	22.455076	97.67462	-27.291967	0.09046199	1.8301631	18.444046	-10.633492	-67.21261	2.5582695	1104.7650961875916
13	701.84955	171.32988	883.4931	474.4737	831.826	8.857553	842.2494	814.1572	757.16034	131.41277	840.065	410.7154	827.67053	7.425868	837.3746	817.86566	792.2	1000.0	894.0	1000.0	51999	67.10558	22.009514	98.351875	-24.544212	67.10498	22.012568	98.49103	-25.304783	-0.006286808	1.803923	21.992672	-11.888791	-68.52789	2.544488	1212.4953889846802
14	691.08655	221.9724	808.6895	247.25142	820.8743	43.83239	902.5413	779.0898	807.81964	31.501692	900.80634	781.558	806.0293	32.85834	901.8282	776.24255	822.8	1000.0	1000.0	1000.0	55999	68.64969	21.58185	100.42962	-29.169827	68.6494	21.58189	103.747536	-46.236122	-0.052106224	1.8002782	16.80467	-12.378706	-69.99505	2.7023814	1322.0381424427032
15	742.17847	178.46814	882.3208	389.87405	902.2907	6.737449	914.04065	893.0091	908.2189	5.072893	915.8245	899.9596	898.36475	17.09424	911.1922	849.962	844.2	1000.0	1000.0	1000.0	59999	70.22242	21.388048	99.83238	-32.470867	70.22209	21.389046	99.793045	-30.13504	0.00459357	1.8010577	17.828562	-11.004188	-71.49056	2.4435058	1433.3132474422455
16	845.2639	48.765747	922.106	786.92004	919.49054	3.252271	924.4485	912.3396	919.41846	2.319966	923.4141	914.85	917.42236	3.8182657	922.9701	910.2095	1000.0	1000.0	1000.0	1000.0	63999	72.02772	21.082058	100.49545	-36.12419	72.02744	21.083672	100.90418	-24.241056	-0.06292467	1.7729485	17.993402	-10.364119	-73.22114	2.4062994	1541.2864406108856
17	501.10132	192.80052	813.2271	255.45554	926.182	2.1122272	929.70526	923.6285	924.23987	2.139492	926.3089	920.1829	924.1566	1.3184295	926.827	921.68787	500.75	1000.0	1000.0	1000.0	67999	73.46353	20.839222	101.67989	-31.980461	73.46335	20.839928	101.49799	-33.356537	-0.12743953	1.7593611	19.482426	-12.636398	-74.6353	2.269836	1650.1277616024017
18	705.23126	211.69467	848.32214	283.8653	920.7257	2.8750799	924.96094	915.7951	957.4302	44.88289	1013.6967	917.6554	919.2793	2.6831305	922.71484	914.4117	833.4	1000.0	1000.0	1000.0	71999	74.60854	20.812872	102.84896	-43.690216	74.6083	20.814302	102.70485	-37.069603	-0.17763008	1.7566744	22.769636	-11.053952	-75.72181	2.377455	1757.7110619544983
19	846.73676	37.934795	903.6672	810.7588	925.0371	1.4954915	928.26984	923.1296	923.80945	2.345496	927.70905	919.5884	923.57263	1.073795	925.4081	921.1687	1000.0	1000.0	1000.0	1000.0	75999	75.69452	20.604847	103.59219	-30.288174	75.69446	20.604982	104.35299	-28.204302	-0.21844584	1.7233721	16.369873	-12.472188	-76.76158	2.1452305	1862.8641200065613
20	785.3734	81.670685	879.67786	659.82355	923.5382	4.8903866	930.4521	916.4921	922.1911	5.774568	932.2575	913.2141	923.9461	5.2701554	929.6162	910.3345	895.25	1000.0	1000.0	1000.0	79999	76.99828	20.3151	106.783104	-35.484344	76.99809	20.316057	104.67013	-41.196915	-0.18749021	1.7380219	23.038628	-12.715644	-78.02542	2.7829356	1970.762772321701
21	881.5911	62.96932	947.83966	799.6208	924.2269	3.99728	927.17456	912.8315	922.1366	6.18255	928.0587	908.602	922.4186	5.0816817	927.56305	911.92413	1000.0	1000.0	1000.0	1000.0	83999	77.97285	20.186745	109.44246	-42.450108	77.97307	20.186695	108.98132	-36.496506	-0.1561205	1.7178735	19.10193	-10.526408	-78.974174	2.5293682	2077.635976791382
22	846.1587	32.5638	882.1587	795.5403	925.33386	1.1923388	927.61017	922.73157	924.4824	1.137307	926.36505	922.75085	923.2914	4.0832896	927.5041	912.20764	1000.0	1000.0	1000.0	1000.0	87999	79.11587	20.30966	114.547714	-35.805286	79.115746	20.31076	113.2052	-32.322483	-0.24275227	1.7210796	19.083904	-11.252054	-80.11606	2.2617128	2186.8364849090576
23	650.4875	300.20178	956.875	187.84831	933.87244	14.162935	953.2755	920.601	924.66766	9.222211	952.128	920.02795	930.16077	11.738026	951.2096	920.68506	700.6667	1000.0	1000.0	1000.0	91999	80.56357	20.12654	119.49017	-43.21591	80.56345	20.126734	119.0456	-45.813293	-0.26466054	1.7348528	20.59379	-12.03121	-81.52706	2.498023	2294.3268847465515
24	394.54352	305.4042	895.9473	94.66895	599.5104	398.20108	934.42456	107.02826	523.09094	401.4286	926.6095	107.505905	598.73425	397.38483	925.8903	109.020355	421.6	649.9	566.5	651.2	95999	81.7927	20.433691	119.64883	-43.501114	81.79259	20.436005	119.8126	-40.988186	-0.22547947	1.7407038	19.601032	-11.411824	-82.712265	2.9405591	2388.466333627701
25	193.27763	185.51456	856.9489	88.117905	1291.2095	62.97039	1347.1007	1114.4755	373.52127	326.02002	973.1083	131.98706	817.2594	366.77133	1344.799	169.4022	205.57895	989.0	329.6	660.5	99999	82.56106	20.973965	119.9941	-41.977608	82.56071	20.976309	120.9634	-43.052567	-0.19867419	1.7666258	20.702877	-11.771464	-83.48306	2.95642	2484.677914619446
26	515.9085	366.90268	1061.3142	138.13069	920.3794	416.95316	1296.3464	162.15442	521.6222	474.40393	1330.785	124.68323	764.5255	384.94492	1256.338	170.89642	468.14285	740.3	422.6	627.0	103999	83.55653	21.362198	121.1651	-50.272312	83.55665	21.363073	120.62727	-31.27926	-0.11406192	1.7792058	20.173594	-10.704375	-84.468445	3.2449052	2579.3801221847534
27	1147.3	39.05608	1192.0869	1086.517	921.96155	2.4344141	924.51434	917.9165	922.87305	1.7225006	925.08954	918.79254	918.4364	1.7593261	921.5187	916.065	1000.0	1000.0	1000.0	1000.0	107999	84.50253	21.680233	122.32672	-32.58743	84.50245	21.681004	121.84241	-33.752872	-0.1895126	1.7349888	19.421467	-9.815551	-85.394295	2.9934714	2687.53165102005
28	946.5991	262.84598	1276.217	470.94968	924.884	2.0183585	928.15546	921.1488	931.708	14.957666	972.7695	920.55566	939.2759	29.095856	993.0682	911.1587	889.8	1000.0	1000.0	1000.0	111999	85.6596	21.107244	126.5818	-41.406345	85.6596	21.107079	125.92273	-30.532026	-0.22853151	1.7209442	16.727314	-12.260317	-86.532585	2.744519	2794.8439440727234
29	1146.691	67.75874	1239.8156	1055.2618	1307.6155	35.33357	1351.1353	1242.303	1107.5769	257.47083	1336.5327	494.83298	1299.1239	25.052082	1332.818	1265.3801	968.75	1000.0	937.6	1000.0	115999	86.87993	21.41451	126.5986	-38.592033	86.87975	21.415	126.829285	-34.852684	-0.21136916	1.717842	19.249157	-12.039111	-87.739716	2.9474936	2902.9945256710052
30	945.6799	419.85446	1413.3785	184.52795	1514.4149	10.19529	1525.9056	1496.1553	1516.0173	61.010323	1568.2562	1362.8046	1512.7611	11.278201	1536.0472	1501.6245	727.6667	1000.0	1000.0	1000.0	119999	88.41755	21.746897	127.09662	-34.480972	88.4173	21.74584	126.95771	-24.677006	-0.11034116	1.707302	20.739525	-11.636899	-89.27826	3.0385244	3010.2428481578827
31	1459.0356	77.370514	1550.912	1345.936	1555.5779	8.546474	1573.1354	1544.5868	1543.887	45.625904	1631.2714	1490.2313	1562.7194	13.796042	1586.2875	1540.9846	1000.0	1000.0	1000.0	1000.0	123999	90.53831	21.940619	129.29276	-31.820871	90.53829	21.940453	129.58757	-34.485172	-0.12519662	1.6672652	24.177067	-10.761717	-91.405594	2.981008	3118.3068964481354
32	1457.3525	18.436417	1484.6587	1433.2528	1666.2678	4.1989555	1672.8396	1660.0448	1639.7268	47.6693	1749.9475	1578.6365	1659.6644	13.24781	1673.1133	1624.7538	1000.0	1000.0	1000.0	1000.0	127999	92.79283	22.327826	132.82227	-30.039253	92.7927	22.3271	132.54944	-33.37614	-0.10043205	1.6835284	18.885622	-11.075688	-93.6553	2.8066556	3226.255968093872
33	1502.816	11.990896	1521.0851	1487.8442	1674.1799	14.162323	1702.3473	1651.5028	1693.0361	70.94204	1801.0709	1557.5891	1689.6537	13.284238	1716.7308	1672.0677	1000.0	1000.0	1000.0	1000.0	131999	94.77887	22.909035	135.23	-36.994198	94.7785	22.911085	134.91168	-40.173134	-0.088966325	1.6885071	19.78209	-11.494013	-95.61455	3.010856	3334.8951749801636
34	1203.3918	565.21136	1565.518	225.2142	1662.4459	5.9694266	1670.7458	1653.3282	1665.3147	41.04149	1722.263	1596.832	1669.4895	10.301236	1691.7477	1652.9423	783.25	1000.0	1000.0	1000.0	135999	96.72859	23.393496	135.73828	-23.384604	96.7287	23.394558	135.32	-34.284683	-0.034319755	1.7214965	21.148024	-11.033197	-97.567345	3.1490984	3442.2287137508392
35	1747.5238	59.41293	1836.745	1669.6919	1894.7236	32.897655	1949.3127	1848.1814	1921.2625	148.88777	2122.3271	1731.6406	1892.6943	30.24239	1924.424	1822.5079	1000.0	1000.0	1000.0	1000.0	139999	98.8192	23.996235	137.26157	-38.803135	98.81896	23.997257	137.79817	-38.434296	0.016507063	1.7188632	21.67374	-11.0991125	-99.66547	3.115125	3549.298486471176
36	1245.2872	525.94977	1853.6981	231.91258	1838.5188	12.412115	1864.5696	1823.4277	1834.9147	57.744717	1918.5665	1729.0442	1869.656	10.696238	1889.9493	1851.7593	704.0	1000.0	1000.0	1000.0	143999	101.45033	24.771944	140.74474	-44.122074	101.45015	24.77332	140.45363	-47.55192	0.10532392	1.7338809	21.759754	-12.276215	-102.3272	3.324189	3654.7112407684326
37	1769.6869	33.20455	1823.8905	1737.1824	1984.5293	18.859003	2016.808	1955.0739	1963.5436	81.00583	2079.8103	1819.3223	1989.349	16.528072	2014.7405	1969.1106	986.0	1000.0	1000.0	1000.0	147999	104.04479	25.370274	146.56424	-38.97085	104.04434	25.37166	147.51198	-42.13537	0.19565807	1.7418588	20.98202	-13.054834	-104.9095	3.5026352	3762.8563089370728
38	1337.9885	593.7836	1839.5217	574.6997	1909.2985	7.943389	1923.9259	1894.2628	1915.0795	83.41612	2069.9229	1782.0907	1904.0944	20.575714	1929.8679	1858.0458	731.4	1000.0	1000.0	1000.0	151999	106.86721	25.994436	151.35594	-47.37841	106.86695	25.994518	150.7378	-46.38083	0.24539177	1.7530806	19.205456	-11.904007	-107.75814	3.4753695	3870.04771733284
39	1673.275	436.38004	1958.1149	803.672	1857.8845	11.633368	1874.4298	1836.4628	1865.9	61.46408	1942.687	1718.1499	1852.3154	13.113578	1871.3888	1825.0492	881.4	1000.0	1000.0	1000.0	155999	109.39603	26.381815	155.5265	-31.089905	109.39587	26.383335	155.60786	-31.994629	0.18189506	1.7611617	22.896566	-12.219027	-110.22579	3.5419755	3975.7384333610535
40	1203.0396	683.0263	1770.65	300.41928	1933.9827	18.815369	1955.5061	1902.6963	1935.3025	89.846375	2032.1791	1712.5024	1941.568	17.10885	1965.8274	1919.3478	679.4	1000.0	1000.0	1000.0	159999	111.65883	27.039612	157.96298	-44.85842	111.65866	27.039589	158.51147	-27.087177	0.25813025	1.7630405	23.65276	-13.140644	-112.52752	3.651696	4080.369436979294
41	1504.1614	498.89624	1876.6777	519.30145	1957.225	12.438532	1976.2462	1931.2727	1938.8676	69.86137	2068.7356	1857.9662	1961.6472	11.117962	1980.6218	1945.3632	829.4	1000.0	1000.0	1000.0	163999	114.09499	27.63472	159.7874	-40.053936	114.0946	27.637066	160.98273	-35.15823	0.34721348	1.7524577	18.256794	-10.3178425	-114.953415	3.8687022	4186.955281734467
42	1432.2596	518.9022	1867.8658	447.8474	1878.4998	19.913568	1923.0564	1849.852	1890.8923	119.39828	2106.0854	1703.3992	1877.5676	37.532703	1923.4425	1802.2344	774.4	1000.0	1000.0	1000.0	167999	116.26455	28.245777	163.88998	-47.94767	116.26409	28.248165	164.2178	-59.018425	0.30628827	1.773254	23.422016	-14.0151615	-117.107765	4.1251454	4293.787922382355
43	1800.4434	44.441902	1860.006	1738.7389	2106.327	7.0112233	2115.834	2092.6047	2075.6196	116.656906	2226.451	1889.8258	2114.9998	14.456542	2144.9932	2092.5247	975.5	1000.0	1000.0	1000.0	171999	118.17648	28.544174	169.31046	-37.4031	118.17606	28.546537	168.69904	-36.731915	0.36484104	1.7703962	24.289589	-11.139085	-119.02053	4.4053154	4401.13036441803
44	1584.8531	463.39087	1871.5618	661.51575	1903.4489	18.231953	1920.5889	1860.63	1969.5664	125.15351	2128.947	1766.856	1894.2507	20.333431	1921.0458	1855.2812	864.4	1000.0	1000.0	1000.0	175999	119.87999	29.030857	171.40923	-39.876404	119.88008	29.030542	170.59636	-36.37768	0.34250844	1.7828985	26.606165	-11.103386	-120.67355	4.2771525	4509.054348230362
45	1815.0322	81.40646	1879.9055	1678.2957	1927.2278	15.705723	1951.0499	1896.5697	1957.0605	84.56946	2155.376	1850.1338	1930.774	18.17265	1956.4385	1896.6595	985.5	1000.0	1000.0	1000.0	179999	121.16299	29.326437	171.48944	-35.45665	121.16275	29.326002	170.90639	-59.037865	0.35427633	1.7957422	19.982498	-11.251877	-121.94698	4.460551	4617.5413320064545
46	1798.106	39.97348	1839.7125	1732.1313	1904.5573	13.264855	1926.9288	1879.1144	1923.2422	66.02081	2054.0696	1795.9543	1900.6129	20.944237	1938.0294	1871.4788	980.25	1000.0	1000.0	1000.0	183999	122.82121	29.518705	173.2364	-45.54452	122.82086	29.519321	173.78879	-49.775585	0.39085677	1.7507236	21.558704	-15.65868	-123.59341	4.81571	4723.698553800583
47	1502.3463	501.83215	1811.3633	501.0075	1783.3802	20.74734	1806.2491	1725.3787	1847.4215	128.99825	2110.4885	1699.4929	1801.7556	15.675848	1824.8126	1778.9679	857.0	1000.0	1000.0	1000.0	187999	123.84357	29.9629	174.3359	-41.3706	123.84334	29.96206	173.2937	-33.26916	0.36168754	1.7536402	23.342632	-10.190037	-124.589294	4.541454	4831.0340757369995
48	1770.2345	34.43965	1826.569	1732.9796	1879.4495	5.736657	1889.1394	1868.2583	1820.2668	123.80229	1960.3474	1575.075	1889.0746	17.728106	1933.5293	1865.5718	1000.0	1000.0	1000.0	1000.0	191999	124.88224	29.931942	175.87709	-66.22104	124.88221	29.932755	175.2601	-50.414394	0.33528054	1.797584	21.146696	-11.761427	-125.621315	4.946508	4937.678269863129
49	1815.6621	17.271366	1843.3021	1798.2566	1903.9216	6.017825	1913.1466	1892.351	1903.1625	58.536903	2013.0332	1826.3447	1918.2904	11.463692	1941.0284	1901.1553	1000.0	1000.0	1000.0	1000.0	195999	125.78837	30.30399	175.91699	-27.470514	125.78823	30.303555	175.92503	-38.814724	0.39146903	1.7641643	26.271599	-10.954819	-126.51217	4.7316613	5043.52232003212
50	1693.4363	241.29076	1844.8693	1275.9977	2056.3557	9.102884	2070.4934	2042.7042	2065.4019	150.97311	2271.7231	1866.8162	2059.108	15.16539	2085.0564	2034.2335	921.25	1000.0	1000.0	1000.0	199999	127.16625	30.433344	177.42917	-37.600758	127.16576	30.434465	176.88786	-39.69902	0.36309892	1.7488598	44.559223	-13.695935	-127.8985	4.6618595	5151.2948706150055
51	1943.702	18.68556	1966.1876	1914.4509	1975.3285	6.502464	1985.5664	1964.7251	2070.3938	67.7515	2162.9941	1952.7424	1982.0652	13.682439	1997.8455	1952.0051	1000.0	1000.0	1000.0	1000.0	203999	128.34544	30.809639	179.07846	-48.26661	128.34532	30.809664	177.61632	-35.747334	0.37403286	1.7563782	23.849709	-12.048398	-129.0646	4.6331806	5261.371303796768
52	1935.4795	5.999674	1943.7694	1927.9412	2166.6836	21.256676	2186.5566	2124.2283	2100.604	101.77247	2334.5933	1960.7565	2145.948	39.205338	2193.5874	2077.217	1000.0	1000.0	1000.0	1000.0	207999	129.47205	30.96711	180.35628	-31.24194	129.47188	30.968657	178.6064	-43.432007	0.38485292	1.766873	24.148369	-11.357958	-130.17952	4.6870623	5369.905265331268
53	1733.5221	507.47357	2021.088	720.0137	1881.1775	5.1619954	1889.0045	1868.9606	1884.9573	106.39485	2133.4868	1762.5288	1873.4711	13.576596	1895.1271	1848.9425	874.8	1000.0	1000.0	1000.0	211999	130.82283	31.31382	183.95122	-37.953136	130.82259	31.315474	183.02725	-43.185806	0.42755345	1.7607498	23.835493	-11.591508	-131.54088	4.6818514	5479.534494400024
54	1711.5751	395.76328	1993.2644	1028.5679	2144.1821	13.380879	2162.5405	2123.2788	2083.6333	91.75016	2221.0466	1918.1926	2129.4336	12.985775	2149.3765	2104.6846	883.25	1000.0	1000.0	1000.0	215999	133.01135	31.029549	186.39691	-47.028526	133.01126	31.029463	185.78423	-40.861965	0.4708195	1.7727408	27.430126	-11.052276	-133.74294	4.843474	5589.50282907486
55	1999.8359	19.776676	2032.4142	1979.4927	2044.6	6.118059	2056.4224	2034.2847	2038.3467	115.19758	2224.043	1850.8481	2051.9443	6.709106	2065.307	2042.0872	1000.0	1000.0	1000.0	1000.0	219999	134.77815	31.326286	189.51738	-36.182426	134.77795	31.325142	188.73698	-44.95117	0.46454337	1.7627662	25.947449	-11.668957	-135.48471	4.785906	5696.682712316513
56	1988.9272	24.13949	2024.2985	1961.6921	1995.5183	19.175238	2024.4563	1958.885	2037.9225	93.09619	2203.441	1843.5813	2020.2942	14.161813	2044.3643	1992.6432	1000.0	1000.0	1000.0	1000.0	223999	136.55211	31.462448	192.76088	-41.131523	136.5517	31.463879	190.43875	-42.779476	0.42098162	1.756904	22.420223	-12.848185	-137.28563	4.6163917	5804.735460281372
57	1978.8959	51.906425	2066.9282	1932.8527	2065.3965	6.7718687	2075.331	2053.8728	2157.2737	63.91038	2246.8577	2037.2303	2068.6067	6.4407825	2079.9163	2060.5225	1000.0	1000.0	1000.0	1000.0	227999	138.02522	31.935637	196.07742	-56.015915	138.02518	31.934715	195.45575	-45.75713	0.38991797	1.7406429	23.850155	-12.383473	-138.71959	4.725341	5911.940477132797
58	1813.1848	444.5634	2066.566	924.7191	1959.9515	12.755762	1980.7566	1940.459	1960.2224	100.56331	2108.9766	1734.3636	1968.5867	7.4870596	1976.8002	1953.5475	890.6	1000.0	1000.0	1000.0	231999	139.6123	32.198803	197.37816	-26.086428	139.61224	32.198616	195.91452	-46.919956	0.45271337	1.7602762	19.90709	-12.672124	-140.33572	4.87454	6019.854062318802
59	1863.2512	323.36057	2083.0046	1304.6238	2071.6023	4.4861794	2076.1877	2062.0005	2070.5308	68.9024	2161.2202	1953.552	2070.054	12.104547	2087.0273	2051.6868	909.25	1000.0	1000.0	1000.0	235999	141.79808	31.91851	207.92082	-50.614243	141.79787	31.917892	208.85962	-65.86378	0.47661847	1.7804208	27.211815	-12.367035	-142.50844	4.6355762	6126.395952224731
60	2094.901	25.193466	2120.7007	2053.2766	2177.024	4.7255445	2183.1409	2166.8533	2134.039	91.067764	2273.092	1979.7345	2159.4727	8.9912815	2179.1028	2146.2817	1000.0	1000.0	1000.0	1000.0	239999	143.42929	32.384266	205.80435	-46.58157	143.42915	32.384216	204.03755	-48.892857	0.46175772	1.7754717	21.243465	-12.766884	-144.15094	4.682367	6233.042104482651
61	2004.3328	47.3425	2060.5244	1941.1943	2147.7769	7.8031206	2159.4712	2129.8555	2108.0845	97.71681	2265.7434	1980.8303	2142.8748	9.055002	2157.1885	2128.359	1000.0	1000.0	1000.0	1000.0	243999	145.08884	32.419567	203.03793	-37.322563	145.08884	32.418327	201.39717	-47.29445	0.4312902	1.7897626	32.89694	-10.961957	-145.77118	4.779829	6338.715359449387
62	2038.3586	24.514828	2065.1306	1998.9197	2112.0442	4.296994	2120.5564	2104.278	2097.5093	64.548485	2200.924	2008.6318	2107.7258	8.610683	2119.6743	2092.8562	1000.0	1000.0	1000.0	1000.0	247999	146.0963	32.40692	204.52908	-53.60827	146.09615	32.405903	201.49962	-40.218807	0.4679416	1.7925093	21.796415	-12.73257	-146.76758	4.791581	6446.211490154266
63	1793.7471	511.6506	2070.176	771.1095	2028.0505	4.104551	2035.123	2021.0247	1985.0736	51.64531	2067.8728	1909.6361	2028.3855	14.448677	2047.3627	1998.5778	878.0	1000.0	1000.0	1000.0	251999	147.5908	32.263172	202.35811	-42.3673	147.5902	32.26293	199.03683	-35.416405	0.47888598	1.7980931	31.528202	-11.463299	-148.26685	4.692337	6553.347816228867
64	1977.1013	102.300735	2052.9165	1803.7522	2145.2903	5.2146187	2153.7498	2136.2595	2080.94	87.13132	2217.647	1919.9484	2136.0698	7.3917584	2146.0967	2123.6409	963.25	1000.0	1000.0	1000.0	255999	148.7179	32.356037	206.66537	-51.067825	148.71764	32.35645	204.87895	-50.01348	0.44597366	1.7804312	29.276548	-11.0886755	-149.36824	4.7755165	6659.542051315308
65	2081.14	34.81111	2134.3342	2047.0454	2118.802	7.870304	2128.949	2106.7307	2087.0425	54.24155	2198.0657	1994.8679	2122.981	10.684961	2135.6821	2099.4695	1000.0	1000.0	1000.0	1000.0	259999	149.8792	32.334316	203.09262	-38.351692	149.87914	32.33507	201.81621	-37.93191	0.45311737	1.7850462	28.622149	-10.991218	-150.53105	5.0994077	6766.199226617813
66	2097.1753	13.326413	2117.041	2084.941	2141.539	5.564309	2153.7625	2134.5068	2145.2664	67.31056	2247.9116	2048.0776	2138.1357	8.808948	2151.7405	2119.4358	1000.0	1000.0	1000.0	1000.0	263999	150.63771	32.615814	201.52464	-56.902622	150.63719	32.617516	200.24097	-50.09185	0.44774833	1.8231733	28.388641	-11.488391	-151.27968	4.876298	6874.303587198257
67	1677.82	762.0255	2103.5032	155.88405	2192.0483	5.895878	2197.5757	2178.8174	2204.1318	70.832115	2332.469	2119.6958	2190.547	7.1763954	2203.9683	2178.1187	819.2	1000.0	1000.0	1000.0	267999	151.76233	32.58202	201.395	-45.533936	151.76231	32.58131	200.61142	-54.580875	0.4774719	1.8217059	29.508804	-12.406128	-152.41565	5.180693	6982.2252361774445
68	1862.4773	316.21185	2075.8123	1316.4059	2250.268	4.6644053	2258.647	2242.9514	2222.0757	89.8564	2353.9248	2076.3188	2238.5781	5.6845546	2246.8528	2230.4976	914.0	1000.0	1000.0	1000.0	271999	152.50565	32.588696	202.32108	-61.12822	152.5052	32.588398	201.46593	-48.301994	0.42742413	1.7996167	28.731302	-12.785653	-153.11237	5.4685783	7090.652307033539
69	2074.4233	34.257812	2113.3005	2019.2086	2002.7859	6.5182967	2015.5819	1991.8538	1993.2463	77.29456	2167.1267	1913.9114	1999.4441	14.460721	2023.5472	1977.1438	1000.0	1000.0	1000.0	1000.0	275999	152.99821	32.800133	202.98592	-44.92413	152.99823	32.799015	203.90509	-38.98497	0.41376913	1.7931069	27.396965	-10.465056	-153.60303	5.8487973	7199.537266731262
70	2004.516	219.48038	2185.6326	1629.2454	2217.2632	6.7579203	2226.1707	2202.2932	2198.9702	84.20317	2329.7966	2054.6658	2208.4226	7.3652725	2218.151	2192.8513	944.25	1000.0	1000.0	1000.0	279999	153.3459	33.023598	205.94208	-33.225334	153.34587	33.022686	203.6807	-37.213577	0.45280606	1.8460959	34.87491	-11.308612	-153.95033	5.3159394	7306.8784058094025
71	2133.899	16.944857	2161.3123	2115.247	2140.4043	10.938418	2152.9148	2121.2112	2115.059	46.47535	2185.163	2021.9802	2130.2622	15.236163	2155.1187	2107.2878	1000.0	1000.0	1000.0	1000.0	283999	154.1122	32.911995	206.66235	-53.652172	154.11218	32.911396	204.3312	-54.412403	0.45287278	1.7975806	32.088463	-11.893236	-154.6923	5.431804	7413.21036195755
72	2067.078	31.618933	2103.2976	2022.265	2191.4126	6.667984	2202.5105	2178.8123	2193.0278	90.97985	2350.5923	2093.2058	2196.9673	13.016535	2217.247	2182.29	1000.0	1000.0	1000.0	1000.0	287999	154.71622	33.130432	210.01369	-49.45179	154.7161	33.129765	207.12955	-51.56556	0.4428909	1.7950702	26.789095	-13.269682	-155.28593	5.2173815	7521.508550643921
73	2133.0383	15.580092	2156.4558	2116.6672	2167.6147	6.2953553	2174.9082	2156.4067	2171.9805	65.38297	2281.5222	2058.079	2155.6665	7.360796	2167.4792	2144.1528	1000.0	1000.0	1000.0	1000.0	291999	155.83495	33.092216	203.94733	-70.816185	155.83487	33.090717	204.05151	-45.79504	0.45052788	1.8042116	35.4738	-13.547576	-156.43237	5.531386	7629.390429258347
74	1746.6256	438.411	2137.5051	1062.9852	2142.8203	11.589762	2158.6677	2116.5764	2082.227	96.82499	2284.824	1899.5897	2140.9731	12.537463	2157.0754	2120.2542	828.8	1000.0	1000.0	1000.0	295999	156.64075	32.96283	209.66655	-48.104164	156.64026	32.96237	205.74829	-46.091152	0.44424942	1.8013902	32.613808	-12.442234	-157.2036	5.125449	7736.1348514556885
75	1680.6287	769.5223	2151.5872	156.27353	2196.3389	9.508521	2210.3833	2181.7295	2169.3667	98.86543	2311.9463	1976.266	2181.9565	11.007279	2198.4998	2164.644	790.2	1000.0	1000.0	1000.0	299999	157.55304	33.02286	205.47467	-50.55798	157.55328	33.021465	208.75565	-50.76931	0.48177433	1.8105909	26.430931	-11.19847	-158.13335	5.253333	7842.3371613025665
76	1776.3489	688.9105	2157.4473	399.69223	2314.2788	7.1276865	2322.7053	2297.9382	2103.9827	514.0736	2401.0598	572.0378	2305.2966	8.330776	2314.6323	2288.1045	842.2	1000.0	924.9	1000.0	303999	158.5824	33.22947	209.80809	-50.020367	158.58234	33.230263	207.29071	-41.68215	0.4451013	1.7933216	54.15731	-10.334419	-159.17694	5.7740407	7951.0729603767395
77	2128.204	9.175171	2140.9668	2115.9475	2189.8716	11.622566	2210.3545	2168.5615	2143.9397	69.73714	2228.435	1989.6361	2182.0715	12.27164	2203.9836	2162.9392	1000.0	1000.0	1000.0	1000.0	307999	159.61934	32.920166	209.81245	-80.93175	159.61899	32.918385	208.65182	-94.45185	0.43546167	1.8076948	30.28924	-12.858841	-160.18347	5.689439	8061.375039577484
78	1886.8665	555.0997	2188.0642	777.20734	2131.8718	13.568913	2151.8384	2111.5593	2023.8174	160.15808	2232.3894	1602.8605	2145.125	18.661581	2178.6045	2106.362	872.6	1000.0	1000.0	1000.0	311999	160.33601	33.070267	208.59991	-46.41484	160.33618	33.067516	209.3844	-68.20016	0.46522543	1.8151035	33.288754	-12.78726	-160.90439	5.993423	8167.830811262131
79	1767.1409	598.87756	2154.8972	731.20233	2179.9724	6.9074144	2187.973	2168.2427	2141.2864	84.63672	2316.9214	2012.2083	2172.2341	10.59776	2185.0867	2156.0496	838.0	1000.0	1000.0	1000.0	315999	161.48853	33.079475	208.9336	-57.980656	161.48856	33.077335	208.16893	-47.609314	0.40628505	1.8111342	24.758783	-12.714486	-162.06026	6.0353446	8275.85269999504
80	2139.5605	24.018904	2179.6208	2117.3967	2253.7861	6.7575736	2269.368	2243.3738	2241.5835	70.48265	2360.3635	2141.4946	2245.3008	9.106648	2256.801	2228.4258	1000.0	1000.0	1000.0	1000.0	319999	161.5413	33.45295	209.39038	-43.01644	161.54185	33.450806	208.79187	-40.62733	0.402493	1.8081	28.059097	-12.119124	-162.05257	6.5755672	8384.112525939941
81	1836.3547	708.7244	2246.4795	420.73972	2270.52	5.5162926	2279.096	2262.4504	2220.8699	58.73101	2311.0488	2127.0664	2265.6113	7.7136254	2278.7917	2253.1113	838.4	1000.0	1000.0	1000.0	323999	162.39732	33.164772	210.11649	-64.77421	162.3972	33.163376	210.99577	-50.10131	0.47702825	1.8107079	32.435055	-11.625233	-162.96944	5.706955	8499.177305459976
82	2186.374	14.603801	2201.7595	2164.4902	2238.8286	8.493946	2248.2937	2219.3784	2052.34	384.8418	2251.59	914.6013	2238.9524	8.627511	2254.3354	2224.819	1000.0	1000.0	929.3	1000.0	327999	163.50835	33.06808	209.88022	-48.061565	163.50806	33.06683	208.4551	-37.751152	0.4048118	1.8229123	25.893156	-11.294992	-164.03513	5.576078	8610.515400886536
83	1967.2083	346.0079	2174.0706	1276.4143	2244.0596	17.590067	2275.97	2217.669	1813.804	795.94037	2314.9387	130.53236	2222.4546	44.276505	2276.102	2146.4724	920.0	1000.0	836.0	1000.0	331999	163.86916	33.04627	213.28967	-54.271637	163.86911	33.047695	213.83794	-39.765446	0.4112264	1.7972085	27.32402	-14.510746	-164.37965	6.0597086	8716.839883804321
84	2170.9504	14.095542	2185.5999	2148.2302	2263.8757	6.680773	2272.4226	2251.4937	2259.766	81.29878	2392.8013	2090.8018	2260.4211	8.822639	2272.7234	2241.85	1000.0	1000.0	1000.0	1000.0	335999	164.54745	33.103596	211.0162	-70.70035	164.54736	33.103153	209.64642	-63.392426	0.40075356	1.8104211	29.31155	-12.353181	-165.08287	6.0787063	8824.780983686447
85	2195.6904	19.159811	2212.2458	2164.4966	2216.366	12.93487	2239.0642	2197.2207	2154.5942	184.301	2378.9626	1804.1053	2197.003	37.22977	2249.965	2113.8	1000.0	1000.0	1000.0	1000.0	339999	165.08965	33.289955	211.83342	-44.792423	165.0898	33.28541	212.17082	-44.86575	0.38166425	1.7934881	23.586391	-13.055118	-165.57802	6.100237	8934.570702791214
86	2195.2698	26.182129	2236.0542	2167.315	2306.783	4.4225755	2312.1704	2300.1438	2292.4175	51.61633	2383.8147	2219.53	2319.815	13.6602125	2338.5876	2299.0527	1000.0	1000.0	1000.0	1000.0	343999	165.727	33.30843	213.85918	-34.45231	165.72675	33.307827	216.39554	-36.533287	0.41125157	1.8070816	20.47175	-11.706449	-166.24487	5.654578	9043.892469406128
87	2176.0	49.54715	2228.7446	2116.2966	2305.6443	6.978604	2320.6401	2297.1326	2221.6672	77.97466	2318.2847	2124.0469	2300.7388	8.788678	2315.2197	2287.4988	1000.0	1000.0	1000.0	1000.0	347999	166.9788	33.314247	217.73582	-37.399033	166.97894	33.312893	219.60783	-43.396893	0.46206418	1.8493874	26.875599	-12.020138	-167.513	5.584622	9152.54543185234
88	2203.1846	12.901861	2222.3691	2191.3364	2162.0737	8.074858	2177.544	2148.2715	2144.7893	101.63527	2314.2505	2004.9694	2152.1157	8.462581	2162.9556	2138.4702	1000.0	1000.0	1000.0	1000.0	351999	168.35268	32.940445	213.2176	-48.607464	168.35266	32.940304	212.24792	-63.898987	0.45480323	1.8389956	35.04677	-13.151742	-168.87625	5.7935185	9261.421280384064
89	2207.273	53.691998	2287.7034	2136.4702	2237.8215	11.639604	2255.659	2219.5105	2256.8374	125.15062	2389.6958	2029.6981	2245.368	8.5697155	2260.1077	2232.3726	1000.0	1000.0	1000.0	1000.0	355999	168.88106	33.09077	214.96983	-68.076836	168.88156	33.086166	211.83968	-58.74838	0.38778254	1.7808019	26.84298	-13.857278	-169.372	6.1241612	9369.937457323074
90	2206.6882	29.3926	2235.4465	2168.5613	2279.7673	9.369304	2295.9128	2266.0344	2204.558	65.6891	2325.7344	2082.6797	2273.5017	14.32123	2295.9263	2248.001	1000.0	1000.0	1000.0	1000.0	359999	169.4152	33.256382	212.51932	-55.358017	169.41512	33.253887	212.59483	-36.377254	0.41580215	1.8293943	31.705286	-11.040186	-169.89828	5.485004	9478.27238368988
91	2168.8774	17.695059	2198.9097	2154.0486	2264.864	10.505888	2291.6868	2254.6477	2267.8484	86.89066	2432.9175	2168.301	2265.9778	10.974484	2290.0974	2253.4124	1000.0	1000.0	1000.0	1000.0	363999	169.66336	33.41132	219.3998	-51.414665	169.66298	33.408314	215.50555	-47.787853	0.3682113	1.7986343	28.950956	-12.383091	-170.13165	5.984457	9586.07022857666
92	2224.3691	20.043177	2254.3586	2205.4292	2284.1345	5.27448	2294.7158	2276.7397	2253.6536	59.810406	2363.1226	2147.6309	2276.2466	8.253759	2290.1714	2262.9238	1000.0	1000.0	1000.0	1000.0	367999	170.22269	33.25025	217.91815	-56.79071	170.22305	33.248688	216.01671	-41.55392	0.40130907	1.800113	25.982424	-13.064903	-170.7228	6.113077	9698.018725156784
93	1679.3528	857.1566	2309.7546	71.22088	763.10333	1057.1046	2384.3076	65.092705	1463.7698	1136.4167	2466.286	67.68087	989.12463	1122.7177	2377.3884	62.908108	745.2	329.9	617.6	426.5	371999	171.26688	32.874104	215.48201	-38.88439	171.26686	32.872017	217.16432	-42.633087	0.4797975	1.829366	29.262642	-12.973609	-171.7851	5.361655	9792.462314605713
94	2236.9634	15.673231	2252.6057	2217.7214	2266.5034	10.737861	2285.846	2252.6167	2218.2612	96.31704	2380.5562	2066.2014	2253.903	6.863295	2265.9836	2244.2673	1000.0	1000.0	1000.0	1000.0	375999	172.34068	32.719173	215.90112	-34.518402	172.34068	32.718784	216.65845	-40.08507	0.42264047	1.7936733	22.275036	-12.769088	-172.82886	6.3518133	9901.978487253189
95	1486.3076	772.05066	2244.2197	168.11961	2257.949	4.4661546	2264.066	2249.939	2295.509	43.245766	2348.184	2217.6045	2250.7053	5.9061165	2261.1064	2241.65	669.3333	1000.0	1000.0	1000.0	379999	172.66368	33.117554	221.9419	-64.512955	172.66382	33.116684	219.4048	-51.82091	0.35719708	1.7276528	19.218864	-13.274761	-173.11755	5.9480596	10014.520638465881
96	1940.8821	289.1358	2255.3904	1591.065	2352.0815	4.713079	2361.254	2345.585	2321.021	72.917175	2444.23	2211.7637	2338.6047	7.273487	2350.442	2324.7478	870.0	1000.0	1000.0	1000.0	383999	172.7466	33.755814	221.621	-43.93668	172.74704	33.755295	218.26657	-50.716442	0.40641272	1.7780958	33.834106	-10.529577	-173.20604	7.1626573	10124.915302753448
97	2260.8342	31.619526	2296.0005	2211.5278	2317.8755	6.3593154	2328.0874	2304.5198	2299.199	81.56597	2454.6873	2130.7778	2308.2817	9.778985	2326.8025	2296.3435	1000.0	1000.0	1000.0	1000.0	387999	172.9511	33.42192	220.45558	-64.49956	172.9522	33.415848	222.983	-43.611267	0.48380774	1.782451	32.89916	-12.0868025	-173.40279	8.923697	10235.72331404686
98	1746.8059	479.0374	2282.2783	1005.1653	2305.9165	5.557285	2316.0776	2296.3862	2291.48	75.34603	2406.7432	2131.0237	2288.8384	7.942964	2299.324	2267.8655	776.4	1000.0	1000.0	1000.0	391999	173.2266	33.133335	219.27803	-45.875072	173.22754	33.132072	221.7052	-42.004375	0.5231895	1.8074245	41.46991	-11.484428	-173.68422	7.508701	10346.643435239792
99	2265.8574	20.007256	2295.1858	2238.9417	2347.272	6.6043987	2359.3574	2339.6738	2325.9868	72.219086	2413.153	2191.048	2336.8425	10.441212	2359.738	2320.516	1000.0	1000.0	1000.0	1000.0	395999	173.7125	33.011047	221.34889	-40.42608	173.71378	33.009174	227.55273	-31.58474	0.52012986	1.8074062	22.999754	-11.683421	-174.14153	7.28451	10457.807441949844
100	1789.4514	678.11786	2283.616	543.89764	2308.686	3.1386776	2313.4932	2303.849	2381.051	85.30221	2526.4226	2215.018	2316.4653	6.6069484	2324.896	2305.0732	793.0	1000.0	1000.0	1000.0	399999	173.4734	33.446217	221.30061	-53.089046	173.4758	33.442707	225.43246	-64.36832	0.52015424	1.7990211	21.464739	-11.975672	-173.86488	8.596216	10568.500699520111
101	2229.151	30.78841	2265.0625	2185.449	2372.83	4.414823	2378.3538	2364.6057	2375.603	52.915806	2476.2646	2287.8335	2370.8496	6.398452	2386.0173	2362.0684	1000.0	1000.0	1000.0	1000.0	403999	173.22816	33.825863	219.22154	-53.77686	173.22955	33.81996	217.9879	-48.03177	0.5394593	1.8210534	23.113852	-10.279458	-173.62047	8.869476	10679.274190664291
102	1793.0176	866.05774	2307.2827	72.68991	2377.9604	4.811705	2381.8235	2368.1597	2385.5618	72.71401	2515.5117	2236.3496	2378.9229	4.895177	2385.9453	2369.1633	790.8	1000.0	1000.0	1000.0	407999	173.38506	33.721447	220.09738	-60.707367	173.38638	33.716705	217.91747	-47.44378	0.5348784	1.7912488	22.92139	-11.810642	-173.78891	7.9712863	10791.828654050827
103	2270.9382	27.551638	2307.547	2242.9998	2283.8608	5.8028374	2291.811	2274.1807	2283.5984	113.59035	2480.684	2073.9285	2278.9775	7.931143	2290.2146	2269.301	1000.0	1000.0	1000.0	1000.0	411999	173.88461	33.842766	219.75479	-42.019604	173.88498	33.84088	224.7626	-50.262905	0.5514149	1.813636	25.502441	-14.99278	-174.31876	9.226749	10905.572582244873
104	1923.9926	644.958	2277.005	634.7909	2274.5754	5.639703	2280.9888	2261.4695	2215.6438	94.44557	2351.4795	2064.8657	2268.784	7.8764777	2282.3577	2253.611	859.8	1000.0	1000.0	1000.0	415999	175.1864	33.02674	218.00716	-42.09276	175.18771	33.020462	217.91109	-35.234066	0.5900039	1.8236147	25.45691	-11.61959	-175.61429	9.134158	11018.331566810608
105	2246.3223	9.574885	2260.6458	2237.4204	2372.866	5.8617454	2379.4224	2359.6885	2232.7122	352.0325	2416.6848	1193.3849	2365.989	6.965909	2384.3115	2356.1782	1000.0	1000.0	951.1	1000.0	419999	175.96716	33.0225	220.19849	-63.847668	175.9678	33.019882	220.85669	-54.263317	0.5495851	1.8278517	22.549284	-13.670544	-176.37035	8.117075	11128.652263402939
106	2099.657	258.98727	2259.9683	1651.2374	2349.8198	4.980151	2356.301	2341.0347	2294.7546	104.686424	2458.6738	2140.7268	2345.504	8.643785	2357.3765	2325.9126	932.75	1000.0	1000.0	1000.0	423999	176.07529	33.36812	221.96921	-35.227066	176.0762	33.36478	218.76457	-46.254265	0.5440836	1.8284943	20.4963	-12.612898	-176.43297	8.778419	11240.007263183594
107	2252.9436	31.183498	2303.2822	2225.855	2346.3938	5.5698185	2354.5688	2337.3066	2304.9282	73.68556	2430.5222	2184.7532	2335.624	7.389563	2345.9075	2322.1475	1000.0	1000.0	1000.0	1000.0	427999	175.77914	33.533394	220.1314	-42.222786	175.7798	33.530334	225.00063	-44.134052	0.5318502	1.8260639	28.889753	-14.398756	-176.11325	8.363629	11347.802245378494
108	2076.1636	417.88162	2307.2222	1241.1444	2335.212	34.300068	2378.7024	2263.7092	2210.3657	151.10043	2442.778	1944.8485	2346.8145	16.82502	2372.4512	2322.8594	910.8	1000.0	1000.0	1000.0	431999	175.77194	33.618286	219.4578	-64.38976	175.77283	33.614685	222.38441	-70.2746	0.6318172	1.8758487	27.221874	-12.430965	-176.15025	10.829689	11458.507362604141
109	1374.2888	930.1435	2277.1003	64.078026	2399.6182	3.7402632	2406.923	2394.2483	2280.6711	76.71074	2389.414	2131.9033	2386.2866	7.6141768	2398.654	2369.7605	616.5714	1000.0	1000.0	1000.0	435999	176.9107	32.941967	220.16583	-35.154335	176.91136	32.940445	224.60484	-69.40393	0.69358367	1.902328	19.595894	-14.15287	-177.31747	9.472846	11567.032793521881
110	2215.8345	32.969833	2269.0386	2184.0776	2118.1067	5.5665307	2126.43	2109.9016	2157.0105	86.31336	2278.8457	2009.8517	2128.169	8.906604	2142.6313	2111.4717	1000.0	1000.0	1000.0	1000.0	439999	177.4136	32.608597	219.15506	-51.214237	177.41446	32.602734	227.1068	-29.848875	0.5464745	1.8183278	21.21294	-13.325991	-177.79292	9.25672	11681.88779425621
111	1411.5488	835.6621	2215.6707	61.98397	2324.4216	12.629544	2343.2114	2307.8792	2302.1062	71.67677	2417.4824	2177.1729	2293.1409	23.759584	2342.048	2262.4153	646.0	1000.0	1000.0	1000.0	443999	177.83246	32.70663	219.34122	-43.14489	177.8328	32.70565	218.44504	-50.140316	0.5900743	1.8514804	18.707048	-10.831952	-178.20312	10.049123	11792.849743366241
112	1054.4471	1035.1937	2254.5488	61.339314	2391.7422	5.17867	2401.0488	2384.0283	2366.3232	90.91666	2493.8796	2234.1396	2387.0198	6.1982827	2397.1934	2376.8726	478.85715	1000.0	1000.0	1000.0	447999	177.95094	32.704376	219.2926	-49.15968	177.95174	32.700542	219.06227	-45.213604	0.65971833	1.8825343	22.998013	-11.626965	-178.335	11.761883	11902.186418056488
113	2237.8796	13.638691	2253.0447	2216.0781	2206.4172	10.528953	2222.7915	2190.5215	2258.3909	145.8793	2467.6086	2017.2117	2222.7937	15.638459	2256.5798	2206.2163	1000.0	1000.0	1000.0	1000.0	451999	178.34174	32.01055	220.8343	-67.33978	178.34428	32.004208	231.82704	-43.435226	0.6209902	1.8532885	21.182377	-12.864074	-178.71234	12.600845	12013.203833580017
114	2191.2964	35.049526	2239.0215	2147.544	2140.5964	7.153655	2153.9937	2128.7202	2068.772	85.98409	2237.5679	1900.8036	2129.978	9.930242	2149.7793	2116.3186	1000.0	1000.0	1000.0	1000.0	455999	178.21124	32.002945	227.05298	-37.105797	178.21301	31.996445	218.74808	-63.33241	0.6544359	1.8852254	20.337568	-12.399531	-178.55856	12.75497	12123.845541477203
115	2153.6235	41.81293	2221.9197	2116.1328	2247.1836	11.569614	2267.2288	2226.4219	2238.5369	58.798687	2321.0312	2115.537	2238.9988	10.448642	2260.8926	2228.3936	1000.0	1000.0	1000.0	1000.0	459999	178.19885	32.18094	224.63121	-65.361984	178.20038	32.178024	220.75046	-48.962322	0.70591235	1.9425339	21.037844	-10.432315	-178.52556	10.346225	12233.920783281326
116	2063.7983	113.71311	2164.8962	1885.6344	2258.3247	12.671682	2278.9739	2235.0022	2278.3677	77.989525	2471.4124	2180.4302	2262.2837	6.0285735	2273.2505	2252.7466	970.25	1000.0	1000.0	1000.0	463999	178.03836	31.985975	222.82901	-50.469532	178.0388	31.982742	219.5221	-47.989433	0.5487018	1.833317	31.149746	-10.831427	-178.31837	9.900482	12344.432522058487
117	2014.1389	398.68045	2295.7305	1229.9841	2186.5176	7.3699236	2200.7678	2176.7505	2137.144	94.53629	2252.9258	1968.7426	2181.366	9.382783	2192.1135	2158.9832	913.6	1000.0	1000.0	1000.0	467999	177.58286	31.896812	221.77394	-52.874134	177.58362	31.8948	222.62027	-45.978428	0.548047	1.822217	21.41412	-10.981802	-177.86137	10.953645	12455.056281805038
118	2075.8716	312.43768	2276.486	1535.7	2364.1462	4.492379	2370.6575	2355.7808	2392.228	55.691425	2492.493	2313.713	2353.3489	7.9306154	2366.9695	2333.6882	926.75	1000.0	1000.0	1000.0	471999	177.05489	32.287106	220.65013	-48.764683	177.05637	32.280052	226.59091	-40.972904	0.5108039	1.8178432	20.75121	-12.46667	-177.31696	11.631247	12563.582779169083
119	987.9153	927.9883	2281.3513	66.71079	2247.8809	37.953594	2278.022	2149.2715	2236.5635	259.8682	2453.5815	1487.382	2274.753	10.836597	2287.1917	2256.9082	441.44446	1000.0	1000.0	1000.0	475999	176.60208	32.63103	221.77843	-96.02817	176.60422	32.625496	219.11687	-76.295456	0.5260286	1.7982851	21.630747	-13.006552	-176.86406	11.694139	12670.910864591599
120	773.36566	812.9844	2286.2083	62.877796	1928.9427	920.7604	2399.2825	87.22254	1296.5981	1189.7665	2596.5972	70.0497	1920.8906	918.66754	2389.7495	79.006386	351.76923	810.2	530.4	809.5	479999	176.6838	32.65046	221.02182	-36.38854	176.68513	32.64688	219.031	-67.50242	0.604259	1.8292074	22.02185	-10.660593	-176.9816	13.933223	12769.909279108047
121	2239.8936	27.30202	2283.053	2208.174	2359.661	4.981941	2367.8013	2352.1184	1931.5244	911.9444	2506.777	67.53151	2361.3022	7.264835	2373.0608	2349.6482	1000.0	1000.0	813.1	1000.0	483999	176.99324	32.324875	221.6622	-71.269485	176.99394	32.31999	220.07687	-64.26922	0.61008245	1.8617432	41.667046	-11.225341	-177.26653	15.109694	12874.688518762589
122	2277.1636	34.9536	2335.9355	2246.5981	2311.0095	5.275019	2318.116	2301.2085	1690.138	981.8981	2458.8254	116.06277	2313.2495	5.2039704	2319.7693	2304.2444	1000.0	1000.0	732.6	1000.0	487999	176.67567	32.40152	220.35553	-44.614014	176.67719	32.396072	221.83455	-46.929977	0.64912564	1.8563027	41.09651	-12.045295	-176.93916	13.956817	12982.817323446274
123	1829.1598	833.81714	2280.4543	162.43387	2210.9167	83.11901	2330.5967	2096.2815	2186.0144	252.82643	2511.1663	1678.064	2194.386	87.342865	2333.9136	2084.9756	820.8	1000.0	967.6	1000.0	491999	176.63155	32.149815	226.3832	-89.22895	176.63118	32.14949	224.42493	-66.302864	0.63470346	1.8623587	24.951876	-10.85741	-176.87834	14.453235	13092.04862689972
124	2147.0945	218.95677	2300.2556	1768.9961	2334.0332	36.22209	2377.366	2255.693	2030.9261	632.6777	2467.668	531.5376	2352.3826	25.66506	2382.8857	2294.069	942.75	1000.0	856.6	1000.0	495999	176.46956	32.246384	220.93266	-41.888935	176.47044	32.245712	219.20909	-68.28993	0.65131146	1.8978282	27.409092	-11.790916	-176.74016	14.446535	13197.263038396835
125	777.2827	915.5245	2310.7776	52.19387	64.703476	9.866327	78.4889	49.658775	68.677414	6.3674974	80.29083	61.29846	64.401535	3.754855	71.215744	58.120056	355.66666	45.2	47.1	43.9	499999	177.36508	31.182352	228.57262	-72.31361	177.36714	31.178661	231.169	-61.215527	0.73993444	2.0036893	30.771334	-14.252596	-177.73035	13.630235	13277.293629169464
126	119.6586	29.240545	220.75104	61.63892	176.1497	21.736149	216.29199	139.37016	330.6537	475.69897	1756.5254	137.05284	171.70393	15.972198	201.2361	138.6354	66.355934	90.1	158.0	88.3	503999	182.46672	28.26906	222.2639	-56.64517	182.46864	28.273674	222.52672	-43.150837	0.87072885	1.9144864	23.892067	-10.363597	-183.15022	16.808151	13356.882827758789
127	498.53488	633.37244	2046.9393	129.94672	1916.2803	10.158256	1932.8282	1890.0983	1914.1266	60.4974	2045.4878	1838.4323	1898.5026	14.311687	1921.6416	1877.678	255.4375	1000.0	1000.0	1000.0	507999	185.94524	31.67731	216.74965	-42.457027	185.9463	31.684063	218.47095	-38.728107	0.55544525	1.8160897	34.45321	-11.5091305	-186.3736	16.928333	13464.622475385666
128	756.9643	557.67426	1740.3711	258.38928	1897.2816	522.6304	2249.659	714.807	1970.3961	275.49503	2389.8232	1614.1133	1918.4908	578.9978	2226.0388	563.25085	426.77777	857.8	1000.0	876.3	511999	183.66788	31.962912	220.68239	-46.114864	183.6705	31.963572	218.8931	-59.87827	0.41377437	1.8086097	26.12807	-11.546362	-183.86153	15.63831	13568.567088603973
129	1203.5596	574.758	2220.5105	425.44263	2272.1936	383.71326	2427.6807	1121.7379	1893.0413	717.64594	2422.4177	458.4268	2271.4373	347.61176	2415.489	1229.6387	591.8333	948.7	836.2	953.0	515999	179.76984	33.23667	227.06223	-73.09181	179.7708	33.232105	224.4862	-60.947704	0.5298283	1.8585792	29.866457	-11.186931	-179.90515	15.796057	13675.450181722641
130	2008.2942	261.912	2237.834	1561.1473	2057.2146	13.756868	2091.6975	2039.3239	1740.974	683.9696	2328.5486	286.56104	2078.5195	16.636112	2105.1165	2050.063	901.6	1000.0	850.5	1000.0	519999	176.6638	34.9798	227.38834	-55.30092	176.66458	34.975723	223.27477	-64.55794	0.61166954	1.8273561	18.200552	-11.71458	-176.80225	20.137014	13780.050927639008
131	967.8903	926.79553	2276.352	58.021282	2343.4353	39.885155	2396.5261	2242.1064	2206.084	117.379105	2403.6099	2055.0884	2351.9675	33.470047	2391.0981	2286.6501	439.0	1000.0	1000.0	1000.0	523999	174.95203	35.829624	226.58542	-56.664333	174.95332	35.82704	231.47127	-50.786957	0.66506237	1.8342974	17.944342	-12.283312	-175.11084	14.8363495	13887.803213834763
132	1564.5367	841.29877	2243.1414	155.03677	300.18762	686.14844	2358.5718	60.544205	728.9104	980.802	2381.4224	70.046524	759.8366	1043.0592	2390.2012	62.072315	715.0	139.9	317.9	333.3	527999	174.16219	36.34588	220.19112	-67.001945	174.16394	36.340862	220.10078	-80.69375	0.66051	1.8417388	22.55381	-11.809583	-174.34348	17.364313	13973.919499635696
133	1370.3815	979.90576	2246.2434	57.90438	2104.184	22.979368	2160.8872	2073.1077	2095.7708	174.79771	2357.495	1899.9633	2099.0415	19.418814	2141.3167	2081.9282	627.8571	1000.0	1000.0	1000.0	531999	173.83838	36.265137	222.66629	-66.15255	173.84035	36.25985	222.67303	-66.09211	0.65662533	1.8709699	20.557314	-10.558219	-173.9909	19.345995	14084.533083438873
134	1421.454	904.4335	2259.1477	157.25085	2272.6277	15.099503	2299.6138	2249.3923	2234.3025	112.38697	2377.7234	2025.7008	2261.857	25.292622	2312.2886	2211.981	649.6667	1000.0	1000.0	1000.0	535999	173.35571	36.56835	220.88617	-70.1943	173.35846	36.561504	222.85873	-70.07101	0.7027781	1.8858908	16.01292	-11.073384	-173.50478	19.035692	14200.85624575615
135	2211.1016	6.998377	2218.8606	2199.752	69.199066	5.071784	79.98796	62.39856	73.22505	6.6127715	82.60387	63.98132	70.7358	5.2259426	78.21233	63.166313	1000.0	41.9	45.2	43.3	539999	173.28757	35.960865	220.2115	-55.896946	173.28896	35.95526	218.60916	-63.75821	0.71636885	1.9126216	18.51026	-14.002076	-173.42326	17.671988	14278.600226640701
136	2026.4673	358.80283	2252.0747	1405.5731	2202.8271	4.5110054	2209.2393	2196.72	2211.6206	77.671394	2359.3147	2093.7888	2216.2332	9.741272	2233.1975	2203.0938	911.5	1000.0	1000.0	1000.0	543999	172.71275	35.828575	218.00143	-50.434284	172.71349	35.823017	223.3908	-50.471985	0.61726725	1.8711315	20.521677	-11.488584	-172.84235	17.016289	14385.703653335571
137	2203.9634	29.336363	2231.4863	2155.0225	2304.9565	14.52318	2325.3867	2280.6956	2089.8354	653.43835	2404.3787	138.0266	2309.1577	10.199678	2329.792	2298.711	1000.0	1000.0	913.8	1000.0	547999	172.54707	35.577286	217.19714	-51.079502	172.54877	35.576195	220.24385	-68.3921	0.6620285	1.8252987	16.755806	-10.576889	-172.68837	18.176348	14493.734150409698
138	2267.6062	29.408066	2304.4812	2223.453	2283.8384	7.4137616	2293.81	2273.359	2244.2554	115.41863	2407.3901	2064.9236	2263.3506	20.958857	2301.0776	2233.6235	1000.0	1000.0	1000.0	1000.0	551999	172.46518	35.691956	216.52614	-79.44506	172.4643	35.69288	219.77837	-73.4711	0.62218875	1.8523558	16.86832	-12.016267	-172.5779	17.491566	14609.184151649475
139	2236.149	54.51744	2288.154	2149.2502	2268.7551	6.6452346	2283.4353	2256.9639	2259.1187	65.79189	2332.008	2150.3877	2265.372	12.357923	2293.7847	2245.5352	984.25	1000.0	1000.0	1000.0	555999	172.6244	35.63931	218.4792	-62.748325	172.6247	35.634468	221.26733	-74.39371	0.57134223	1.821365	21.063454	-11.643553	-172.74112	16.181038	14719.371893405914
140	1872.0039	825.99585	2316.7852	220.85995	2375.1555	10.852945	2399.434	2363.1343	2352.3816	119.443886	2566.959	2202.8325	2366.381	15.169468	2403.2722	2347.8606	822.8	1000.0	1000.0	1000.0	559999	172.83073	35.55464	217.55371	-39.711025	172.8342	35.5457	219.24019	-49.960766	0.65556794	1.863808	17.005817	-11.633993	-172.99481	17.200031	80105.01125311852
141	2245.329	27.221273	2271.671	2200.9297	2226.9927	18.608831	2243.5286	2175.315	2194.9785	153.13368	2468.4438	1988.702	2224.4302	10.036465	2242.985	2210.3284	1000.0	1000.0	1000.0	1000.0	563999	172.86674	35.435448	217.2939	-84.13416	172.86844	35.42554	218.58055	-61.04685	0.6041673	1.8552668	22.470825	-10.126748	-172.97961	18.813566	80221.2693901062
142	1638.9541	860.21533	2253.1062	67.02515	2277.046	8.597036	2288.6418	2260.844	2257.2144	133.23416	2432.7444	2022.1836	2264.569	13.467079	2285.1592	2247.049	739.5	1000.0	1000.0	1000.0	567999	172.75728	35.135475	217.8272	-54.505238	172.75836	35.1312	221.18483	-54.29002	0.6321342	1.8718705	25.118107	-13.25062	-172.87576	16.978445	80336.90345025063
143	1797.527	777.1881	2283.3232	452.00937	2248.8855	4.2659206	2258.706	2242.2432	2218.3638	139.02495	2425.7896	1988.3186	2241.1265	8.103218	2256.494	2231.046	805.75	1000.0	1000.0	1000.0	571999	172.4538	35.41727	217.6073	-62.251873	172.45392	35.413	220.1211	-58.97782	0.5847418	1.8205341	17.802649	-11.850601	-172.56453	15.5056505	80435.36920714378
144	2198.935	33.601322	2234.9438	2143.8992	2071.572	30.10504	2121.8564	2015.0704	1957.4043	614.79755	2346.5737	157.453	2155.9604	66.55324	2303.9187	2088.8037	1000.0	1000.0	910.6	1000.0	575999	172.5015	35.39926	220.25546	-52.069874	172.50006	35.394142	223.30661	-70.07624	0.6056953	1.8535225	27.53687	-12.57126	-172.58618	17.410141	80532.44834184647
145	2235.626	33.999428	2287.492	2192.1519	2137.454	62.18001	2261.5925	2071.8538	1924.0453	564.4845	2314.079	299.6881	2179.588	63.289825	2263.001	2079.4084	1000.0	1000.0	918.3	1000.0	579999	172.78754	35.115475	218.2557	-65.32248	172.78906	35.102978	218.54355	-54.773056	0.69690984	1.8325914	17.158493	-12.830797	-172.89775	16.919363	80629.89591646194
146	2118.4368	222.34366	2246.037	1674.0942	1812.5579	561.7887	2035.705	128.19843	1413.5039	980.32806	2368.9265	143.4846	2035.998	47.94246	2090.296	1943.42	947.4	908.0	652.9	1000.0	583999	173.1586	34.270954	218.33575	-52.121864	173.15903	34.266026	219.6712	-55.44215	0.6704272	1.8665441	26.43238	-11.431454	-173.27042	15.7719965	80723.81490278244
147	2246.4385	18.271942	2265.0913	2217.1624	2341.6975	10.40047	2353.307	2317.1016	2102.9146	653.92896	2423.16	146.94003	2330.9758	7.0103965	2338.1243	2313.9539	1000.0	1000.0	909.4	1000.0	587999	173.4214	33.965897	219.4592	-41.295914	173.42036	33.957653	219.78232	-33.79585	0.6141088	1.8666294	26.94408	-11.749517	-173.52234	15.269611	80822.77626729012
148	2210.138	11.940066	2219.3054	2189.6045	2027.7487	11.749594	2048.669	2014.2073	2011.4847	96.38181	2198.0261	1867.4824	1848.624	563.8981	2064.9133	157.66818	1000.0	1000.0	1000.0	909.5	591999	173.81624	33.70972	219.80762	-67.95475	173.8164	33.698673	221.74857	-65.898186	0.6221771	1.8307563	31.286442	-12.936083	-173.92148	18.13982	80926.01178646088
149	2272.6875	24.232054	2311.286	2249.3794	2216.316	48.852802	2281.9165	2137.5696	2134.7312	161.17221	2388.5796	1890.2441	2249.8774	52.48247	2322.9495	2158.3186	1000.0	1000.0	1000.0	1000.0	595999	173.70602	34.167976	219.66728	-56.524643	173.70651	34.156452	220.25919	-79.74602	0.67596513	1.8607857	26.248806	-12.842836	-173.81293	17.132492	81024.39566326141
150	1771.6086	856.9471	2295.7925	71.52323	67.22847	6.9786906	80.5762	57.83299	1000.55286	1136.1462	2438.8096	64.37715	756.1139	1054.235	2374.9475	56.500813	785.8	41.0	426.7	328.2	599999	174.07153	34.05047	216.9026	-78.2799	174.07217	34.037968	217.42903	-77.26311	0.6293225	1.8659348	38.02845	-10.859932	-174.16211	17.567133	81100.14445877075
151	1838.4307	886.8436	2340.4019	65.98557	68.71895	6.502835	81.284546	59.43152	538.33575	929.4092	2452.9187	61.607727	524.7355	911.86285	2348.6028	64.40833	808.4	41.2	235.5	232.7	603999	174.14096	34.60069	218.77939	-80.809425	174.14275	34.589035	218.44762	-64.25579	0.6536427	1.8463602	25.934372	-10.351651	-174.244	16.72613	81173.38903307915
152	1369.2664	1131.574	2372.813	57.615746	69.74305	3.7923343	75.7278	64.06385	526.9634	909.78076	2365.1562	67.664406	740.77875	1026.3175	2317.5051	59.454746	589.2857	41.8	235.0	329.1	607999	174.59335	34.7574	219.6992	-54.593452	174.5954	34.75109	218.18335	-43.8451	0.65139645	1.8496848	18.442068	-11.00821	-174.70207	14.989771	81247.50433588028
153	2329.602	7.278529	2336.9956	2317.5225	2217.13	546.19977	2407.5813	578.57837	1781.1592	863.795	2409.2356	362.66165	1677.9275	640.63763	2387.326	682.99493	1000.0	926.0	764.8	709.2	611999	174.8781	34.426353	220.13678	-81.41304	174.88074	34.426033	220.19917	-45.741966	0.56648254	1.8061476	15.793022	-12.905674	-174.93332	18.475798	81339.60563206673
154	944.0187	662.46533	2078.2456	123.09221	2354.7441	5.2397547	2363.8923	2346.7927	2031.6381	617.94104	2435.4446	651.15027	2349.161	9.732258	2366.733	2332.728	421.5	1000.0	869.3	1000.0	615999	174.51076	35.019585	219.4031	-42.489017	174.50868	35.02161	219.3175	-51.928368	0.6214159	1.8146205	15.525581	-9.981441	-174.59369	17.21882	81436.2387907505
155	1524.3984	713.1471	2340.7195	366.34497	2436.8103	3.4702895	2441.5598	2431.8647	2377.756	28.971613	2430.835	2329.3586	2264.2388	471.2769	2430.001	850.4654	663.3333	1000.0	1000.0	937.3	619999	174.9654	34.849735	219.82968	-40.2038	174.96716	34.849262	222.7262	-42.35131	0.5454916	1.8245069	20.312881	-13.427654	-175.05412	17.304945	81533.67985367775
156	1922.3676	696.2386	2312.8115	531.04675	2373.768	3.5780542	2380.737	2370.0862	2369.7083	61.71456	2461.751	2259.4238	2380.129	11.545245	2401.3936	2357.0837	850.6	1000.0	1000.0	1000.0	623999	174.91106	34.96242	221.11748	-36.553513	174.913	34.96178	221.39719	-51.94553	0.621876	1.8379138	26.608534	-12.19498	-174.9596	21.09447	81631.82542848587
157	2264.536	10.236291	2274.33	2248.9368	2380.3003	3.4531956	2385.1973	2375.3232	2324.1655	81.6835	2459.8882	2207.367	2375.6504	6.4719553	2383.3428	2360.7856	1000.0	1000.0	1000.0	1000.0	627999	174.58511	34.61067	219.87875	-43.639973	174.58823	34.6099	220.87059	-38.65809	0.5674913	1.8295681	23.350964	-12.9776535	-174.63052	18.374763	81730.81903767586
158	2085.3054	302.37155	2290.2861	1564.2731	2366.129	5.5863695	2371.2727	2354.4626	2379.0708	66.02955	2466.7964	2254.1714	2365.9146	4.9554467	2375.0369	2358.7715	921.5	1000.0	1000.0	1000.0	631999	174.1037	34.587444	217.80888	-44.76859	174.10568	34.581226	223.85158	-46.024925	0.52930284	1.8832414	26.661392	-12.980666	-174.13329	17.635471	81828.27549290657
159	2260.066	15.049213	2276.8015	2239.7678	2315.467	7.4908934	2324.693	2301.091	2266.9712	96.36801	2380.0735	2070.124	2311.3555	19.225304	2334.9797	2273.8127	1000.0	1000.0	986.5	1000.0	635999	174.0021	33.942818	217.98666	-41.412	174.00365	33.937767	216.87393	-53.00152	0.5489075	1.8513002	22.391962	-12.296782	-174.05554	17.022547	81926.28081011772
160	2255.5212	7.810756	2262.9966	2242.4353	1881.9043	908.6839	2344.4954	59.75783	1803.1647	875.52576	2426.4556	64.64493	2341.4536	10.370977	2353.0906	2321.2932	1000.0	808.1	808.3	1000.0	639999	174.339	33.575874	216.35173	-53.197422	174.34152	33.570393	217.45175	-40.046978	0.5689561	1.8536025	21.729408	-14.099057	-174.4	15.691047	82023.58101987839
161	1702.3115	856.5812	2290.1763	63.52731	2297.259	6.9257693	2314.536	2286.6113	2202.519	213.95389	2382.2742	1594.3088	2299.1626	11.155866	2315.488	2281.7651	754.3333	1000.0	958.7	1000.0	643999	174.68448	33.329376	220.27362	-73.674736	174.68686	33.325108	217.36996	-45.426895	0.54675084	1.8276807	32.240467	-11.03672	-174.73988	17.14666	82121.245616436
162	1570.8907	951.4895	2260.6802	72.00385	2326.078	3.0712864	2332.442	2321.5833	2296.595	29.41702	2354.0828	2247.1917	2318.1057	6.6819453	2327.1694	2308.0852	705.3333	1000.0	1000.0	1000.0	647999	174.92574	33.473534	222.83485	-46.215652	174.92699	33.472233	226.32114	-55.35228	0.5424128	1.8143748	19.421696	-14.023167	-174.9734	18.785612	82218.77058720589
163	2248.656	17.048574	2276.6213	2230.6494	2345.717	9.538774	2358.3354	2320.6355	2117.6484	473.3881	2390.989	712.6351	2341.3853	7.967028	2354.963	2328.5728	1000.0	1000.0	931.4	1000.0	651999	174.51776	34.597206	224.36324	-47.01	174.51622	34.600586	217.8158	-46.014496	0.62809825	1.8364156	21.563686	-10.116228	-174.5576	18.931965	82315.96675348282
164	1389.7383	946.40515	2260.143	66.142044	2257.4038	12.485413	2270.4263	2226.082	1825.123	829.8848	2387.1985	146.91122	2241.1355	29.689407	2276.8062	2186.4292	631.3333	1000.0	826.8	1000.0	655999	174.66647	34.661037	216.99419	-68.93397	174.66393	34.661316	218.15904	-43.604733	0.69146174	1.8446981	34.936676	-11.022473	-174.69745	20.290792	82412.37417292595
165	2243.2014	21.803318	2265.0005	2210.4807	506.6957	868.53644	2246.8682	63.96168	962.015	1092.4834	2347.715	60.03223	68.597946	4.7351713	75.11298	61.083466	1000.0	235.5	425.9	41.5	659999	174.84052	34.958458	221.52332	-47.001495	174.84103	34.958263	215.93501	-54.785046	0.6880855	1.8498335	53.15507	-11.409861	-174.87907	20.058527	82487.0978565216
166	2236.0752	8.217524	2248.0586	2226.9119	722.8881	988.0209	2249.8816	66.5699	719.96045	993.332	2415.8196	39.15727	1148.2428	1078.0862	2265.268	61.81082	1000.0	332.9	310.0	521.3	663999	175.2182	34.863373	216.8786	-58.80665	175.22128	34.86131	219.17213	-51.31892	0.6628664	1.8339921	24.073692	-11.677325	-175.2716	18.400953	82566.42972946167
167	2015.357	409.66147	2275.2224	1306.359	2346.2935	6.568855	2359.3647	2337.2065	2305.1182	62.644516	2406.3176	2187.2998	2337.9536	8.955439	2350.4836	2316.8635	899.75	1000.0	1000.0	1000.0	667999	175.22568	34.811897	220.16113	-46.318623	175.22823	34.805653	215.87192	-45.564514	0.6303465	1.8461847	23.65726	-13.078965	-175.25493	15.987025	82664.92638587952
168	1794.4324	644.80896	2289.6467	699.17114	2358.2253	8.76692	2369.941	2338.9988	2326.302	53.46384	2445.1023	2258.864	2358.1206	9.96934	2375.5828	2339.992	792.4	1000.0	1000.0	1000.0	671999	175.06203	34.789066	224.24173	-45.64083	175.05952	34.791733	217.22589	-46.71587	0.63864684	1.8637255	18.245117	-11.434802	-175.08522	20.467098	82762.78091526031
169	2263.0667	26.662989	2292.5542	2227.7183	2216.107	21.830822	2251.8743	2162.5474	2127.635	179.00314	2380.409	1839.1239	2212.5952	20.572779	2245.5789	2178.9531	1000.0	1000.0	977.2	1000.0	675999	175.16605	34.83995	216.16405	-79.70425	175.1692	34.839	216.717	-56.71242	0.68786585	1.8808141	21.478683	-11.206135	-175.20642	17.659313	82862.75706934929
170	2211.9224	14.207194	2228.2603	2189.1763	2307.5195	4.087193	2312.3394	2301.1475	2264.667	92.56241	2388.7437	2095.833	2314.868	9.381567	2327.213	2300.4478	1000.0	1000.0	1000.0	1000.0	679999	175.77046	33.963753	215.36305	-55.35103	175.77203	33.958447	216.1551	-50.2537	0.6404608	1.8517863	20.131437	-12.441054	-175.8333	17.91662	82963.12466859818
171	2238.435	34.966087	2294.9956	2199.3655	2244.1853	8.0168495	2258.0771	2225.9048	2192.399	175.45094	2473.7732	1901.7163	2237.492	21.367445	2275.2458	2205.5156	1000.0	1000.0	1000.0	1000.0	683999	176.21819	33.329643	217.95175	-60.71665	176.22037	33.326878	220.82875	-39.285904	0.6894137	1.8696332	20.645699	-13.073213	-176.26079	18.803679	83063.23321962357
172	2238.0493	15.200127	2255.1716	2216.5803	2258.5276	9.935108	2271.9275	2237.088	2258.9258	135.65091	2401.96	1943.274	2256.7505	16.858088	2275.433	2212.816	1000.0	1000.0	1000.0	1000.0	687999	176.32372	33.26056	219.65224	-50.690964	176.32999	33.25216	216.46492	-28.12283	0.7122769	1.8923206	18.349758	-13.249329	-176.35344	19.045477	83160.46615791321
173	2255.0261	25.178782	2276.7842	2212.4534	2324.284	3.7112067	2330.3184	2318.465	2308.5234	45.37807	2381.1055	2237.4966	2320.8267	7.342229	2333.6494	2309.562	1000.0	1000.0	1000.0	1000.0	691999	176.12454	33.267513	221.57639	-37.58183	176.12466	33.261433	216.67697	-31.19299	0.6522357	1.8701837	25.09669	-11.9750595	-176.12924	17.428036	83258.62086105347
174	814.4646	753.25134	2295.389	164.54192	1904.8616	19.205015	1941.4961	1881.3168	1618.7844	608.9103	2272.325	303.85468	1304.567	575.9107	1921.6646	493.57275	380.83334	1000.0	814.9	679.6	695999	176.26321	33.11752	218.9804	-57.302155	176.26642	33.104557	219.82979	-80.47227	0.61647886	1.8362105	33.406067	-13.229179	-176.28171	18.691168	83351.26708602905
175	652.9615	539.5139	1747.681	102.886	151.1678	32.431	207.69617	117.49751	381.08075	651.7498	2333.7124	104.65471	409.04	623.52844	2275.106	134.13277	320.91666	81.9	179.6	193.5	699999	175.85864	33.426075	219.50645	-43.398888	175.86359	33.420013	218.14076	-46.27291	0.5889451	1.8360589	27.73418	-12.921182	-175.86398	18.896494	83423.63138008118
176	1243.3505	910.5813	2224.6975	73.12095	2244.5278	5.0200872	2250.2397	2232.9612	2164.771	283.3478	2397.8672	1345.706	2236.526	10.493065	2250.5042	2217.2837	571.1429	1000.0	956.5	1000.0	703999	175.71556	33.55778	216.49092	-53.197983	175.71802	33.552326	214.55957	-66.09186	0.6131936	1.8678634	33.330734	-12.660864	-175.71437	19.732552	83521.63184165955
177	1619.3381	820.39484	2202.0627	68.666565	2240.012	23.424807	2256.977	2172.9329	2272.7349	71.45927	2360.717	2151.2314	2245.483	9.905859	2269.8286	2236.0598	744.0	1000.0	1000.0	1000.0	707999	175.2086	33.710007	221.21942	-55.949257	175.21216	33.708862	216.64372	-50.461575	0.6864272	1.8597195	28.301458	-12.626579	-175.17787	19.439678	83619.93191957474
178	1019.9343	1010.87286	2241.042	50.230267	2298.1157	4.8018804	2304.8037	2287.022	2125.0073	480.59967	2373.751	693.7478	2293.32	5.931493	2300.4956	2282.0051	469.8889	1000.0	932.3	1000.0	711999	174.80144	33.840897	219.07727	-61.70793	174.805	33.833702	215.87212	-46.687458	0.66327727	1.8334243	28.487072	-11.666067	-174.78673	21.696636	83717.61019277573
179	1414.6998	958.6446	2210.1802	71.7942	207.42355	373.97705	1322.954	52.24311	384.525	687.9627	2329.0298	56.08406	68.26795	6.291775	79.80621	60.20087	652.8333	109.6	182.5	42.0	715999	174.61856	33.409355	219.1061	-48.72857	174.62064	33.40965	214.5564	-75.1799	0.69268125	1.856489	46.316315	-11.275034	-174.60179	20.635878	83790.91701388359
180	1559.1127	874.2713	2198.9912	153.24194	2158.9712	5.708604	2165.8584	2149.3887	1945.0543	631.1552	2269.077	62.42587	2165.1516	20.601637	2202.9822	2121.6306	723.0	1000.0	903.8	1000.0	719999	174.59996	32.876945	220.00139	-71.322105	174.60252	32.86852	216.90771	-68.677704	0.6889656	1.8438948	37.573013	-17.328524	-174.57741	21.727142	83892.67206096649
181	1200.0449	1007.44354	2201.804	58.474045	2084.273	674.2433	2319.9375	61.59557	1817.9619	887.025	2356.5264	31.634516	2302.579	6.0639	2313.3484	2293.728	550.6667	903.7	807.5	1000.0	723999	174.38766	32.573467	216.48601	-77.748764	174.39232	32.563797	214.59178	-50.26445	0.7058672	1.8765677	33.092636	-12.568812	-174.34732	19.820898	83988.15998768806
182	1122.406	1018.23083	2244.0938	59.039143	66.78354	6.497428	78.12979	56.943413	66.49992	9.052428	84.930374	52.51736	73.93565	7.4706144	82.69852	58.372078	517.0	40.9	42.0	45.8	727999	173.82195	32.807823	221.93034	-46.789	173.82571	32.80646	217.5554	-50.59928	0.72264576	1.8504071	23.484318	-12.116312	-173.7508	19.59059	84057.28389501572
183	1132.5055	1066.742	2216.5176	58.231823	1118.4088	1055.3915	2186.0142	53.956356	1152.685	1072.4186	2272.089	57.514725	1979.001	639.98505	2208.1582	59.514038	521.8333	519.6	526.2	903.8	731999	173.58226	33.139656	218.012	-51.9965	173.5842	33.1441	215.06085	-53.36434	0.73648185	1.8376771	34.87233	-10.638924	-173.53075	21.594078	84148.2290198803
184	1555.1923	964.23016	2249.9797	64.02316	2293.3108	7.3282914	2305.3909	2280.0134	2252.6873	63.603912	2363.5647	2132.4912	2285.6794	7.4387064	2299.3875	2271.188	701.6667	1000.0	1000.0	1000.0	735999	173.82487	33.21968	214.88567	-48.793976	173.8296	33.218174	215.32364	-46.850502	0.7850648	1.830538	21.410042	-13.279752	-173.81245	20.918385	84246.4247186184
185	2206.2393	11.859332	2222.7622	2190.2656	2145.0457	45.449512	2219.4658	2041.9554	1638.2141	979.20013	2340.48	68.69546	1506.9055	943.6009	2193.8655	65.807274	1000.0	1000.0	725.5	712.4	739999	174.22633	32.88025	214.71428	-47.067738	174.23268	32.878384	213.75174	-45.955406	0.7603444	1.8408406	26.181595	-12.051465	-174.21762	22.602554	84342.73616504669
186	1835.0227	691.74713	2217.5513	452.42505	2073.1196	36.927643	2140.6528	2013.2241	1877.0182	591.65137	2203.2761	130.94484	2073.4773	26.00884	2115.3044	2021.8707	846.2	1000.0	910.9	1000.0	743999	174.31326	32.507565	215.96555	-54.249245	174.31673	32.511436	213.30597	-51.250847	0.74230474	1.8404562	36.311302	-12.695661	-174.26166	22.814953	84442.58751511574
187	2147.5325	15.724497	2167.7947	2130.7573	1608.9758	774.29663	2008.7712	54.545193	1670.9893	793.715	2216.981	58.45653	1811.47	584.5222	2028.6396	58.387352	1000.0	807.5	815.7	903.6	747999	174.1316	32.211765	218.47574	-42.585754	174.13728	32.211655	212.59349	-87.62572	0.7576918	1.8386271	30.454657	-11.195739	-174.07816	20.960346	84536.16329097748
188	2175.725	25.639671	2208.7026	2137.241	2232.5098	7.0386295	2244.2314	2221.3687	2168.3657	78.684616	2251.2507	1983.5916	2224.8667	9.328461	2240.9412	2210.362	1000.0	1000.0	1000.0	1000.0	751999	174.05748	31.43904	218.97	-39.348824	174.0584	31.439665	214.83522	-40.497173	0.76722056	1.8217541	22.029842	-11.20032	-173.9935	21.448536	84634.23868060112
189	1270.691	1048.181	2237.0525	54.328526	1734.764	834.2153	2164.4272	65.025185	1579.6621	937.95624	2251.2024	65.62118	1520.652	949.436	2164.6343	65.8057	588.1429	808.3	726.1	713.1	755999	173.80795	31.759855	222.55473	-56.686028	173.80998	31.763597	216.4364	-58.04001	0.85767955	1.8832629	25.65718	-13.886462	-173.75978	20.276299	84728.15223002434
190	2177.3494	39.224865	2230.007	2122.475	1132.219	1064.1238	2209.924	59.16399	381.8519	661.7023	2204.8914	58.126034	1134.0254	1066.6987	2227.834	57.346073	1000.0	521.2	204.4	521.1	759999	173.94902	32.023838	218.024	-53.517242	173.95338	32.01923	217.1394	-63.063267	0.8303857	1.8746322	18.60781	-10.606162	-173.88177	21.588678	84809.39367628098
191	1248.0519	955.30585	2193.5269	65.59193	319.3832	563.7817	2010.1136	115.30266	715.30664	892.4176	2199.7776	110.59511	1475.3464	882.5946	2088.7363	115.17164	583.6667	192.3	373.6	730.1	763999	173.99162	32.14197	217.80745	-56.49443	173.9925	32.148136	216.65117	-63.896233	0.8450612	1.8783135	18.1877	-10.405515	-173.93365	23.95543	84890.58643484116
192	2184.8218	18.11258	2204.208	2155.838	2173.1553	5.1019235	2181.8616	2167.202	2187.2065	57.16261	2270.4858	2093.8555	2180.7078	8.171391	2189.5588	2163.005	1000.0	1000.0	1000.0	1000.0	767999	173.9351	31.899096	218.94264	-55.234604	173.9374	31.90825	215.27588	-48.09855	0.7505984	1.868648	17.213287	-12.153517	-173.87646	19.570873	84989.53723144531
193	1784.849	778.2368	2204.659	67.16827	2277.0884	4.5990796	2283.7422	2270.1501	2242.2974	57.39997	2325.791	2093.9656	2280.7424	9.432292	2297.275	2262.0781	812.6667	1000.0	1000.0	1000.0	771999	173.87386	31.825348	217.85909	-59.02084	173.8753	31.832747	216.16821	-69.127495	0.7078543	1.8741797	20.887188	-12.174995	-173.80746	21.043644	85096.2756664753
194	1849.2472	573.5794	2191.2178	855.8761	2191.746	4.2935266	2198.6855	2184.7712	2219.3105	100.24545	2373.9004	2077.9763	2195.2585	5.959877	2204.5762	2183.7622	852.0	1000.0	1000.0	1000.0	775999	173.68964	31.889732	217.66418	-76.76804	173.68999	31.898064	217.179	-76.36334	0.78117734	1.8797148	30.57804	-11.311328	-173.60864	24.5708	85199.7561275959
195	2176.7603	15.36582	2200.313	2160.9685	1338.797	1036.6038	2220.9426	64.54634	1613.7363	1011.25476	2373.5396	67.05901	1380.8344	1074.8694	2282.8562	60.70084	1000.0	617.5	713.8	616.5	779999	173.45554	31.913376	215.43271	-80.470215	173.45699	31.911497	215.84384	-94.72998	0.7402253	1.8717526	19.759726	-11.046795	-173.36975	21.678417	85289.65934920311
196	1508.9662	982.2297	2221.7505	80.339745	190.34726	362.1735	1276.605	59.528175	203.97435	364.13876	1282.8647	57.42706	170.56837	249.03116	882.2683	35.65765	690.8333	101.4	119.4	95.3	783999	173.36147	32.142212	214.89711	-93.5165	173.36382	32.14653	216.8886	-90.57495	0.74736094	1.8701807	21.891222	-11.479443	-173.29073	19.027102	85363.16029763222
197	1929.8284	477.76498	2211.6646	1102.3397	1754.7142	845.85754	2188.4753	61.85254	704.6063	968.82007	2273.43	63.675053	1976.5485	638.83746	2196.5952	60.12784	881.5	807.7	330.5	903.8	787999	173.90627	32.24666	215.5101	-101.56079	173.90564	32.256546	215.00392	-65.87918	0.77585065	1.9116902	45.784966	-12.175277	-173.86218	20.335827	85453.93366956711
198	1785.6198	861.9992	2243.6648	62.06132	1313.3324	1001.68317	2148.3418	73.82079	1349.0247	1022.98395	2320.82	63.15638	2147.4026	49.361103	2181.6606	2005.3796	808.0	622.9	626.3	1000.0	791999	174.96565	31.307333	216.3116	-60.899605	174.96667	31.31762	216.20157	-75.76089	0.79244536	1.9070683	44.71428	-11.541993	-174.93062	20.927883	85545.4235842228
199	2088.3442	197.87001	2219.6226	1707.4451	2159.0317	5.427191	2168.6104	2148.7007	2140.8354	94.928955	2314.3865	2008.6307	2157.7434	13.188624	2180.8677	2137.4204	943.2	1000.0	1000.0	1000.0	795999	175.3305	30.87425	216.59477	-47.289	175.33304	30.876299	214.88855	-42.40959	0.6974589	1.8540444	22.163336	-11.327972	-175.26454	19.543716	85649.27727532387
200	1696.7013	700.17395	2153.311	485.2709	1918.2507	616.9403	2129.6921	67.4826	1530.1619	945.9978	2234.8647	66.63441	1938.1006	624.427	2163.713	65.15191	811.75	904.2	717.9	904.1	799999	175.39586	30.929745	215.82812	-43.344536	175.39854	30.938526	218.61081	-42.050594	0.70608985	1.8807143	21.454046	-12.133867	-175.32138	21.266273	85744.22812223434
201	1764.2992	852.1768	2221.8171	60.478897	1158.4205	1094.6313	2274.0447	31.311363	965.99493	1098.3982	2362.5996	62.584972	1609.5181	1011.20087	2286.175	62.108932	808.0	521.5	425.9	712.2	803999	175.10278	31.15199	216.67429	-46.42589	175.10393	31.154078	216.27827	-45.891296	0.6891111	1.8815386	36.42604	-12.053226	-175.01433	16.95412	85829.4787170887
202	865.86584	1043.0682	2264.8804	41.089027	1544.4546	966.1097	2192.151	56.157314	1542.0555	963.5752	2297.5156	68.86399	1739.2103	837.03485	2200.0056	62.117382	395.9091	713.2	714.1	808.2	807999	175.27406	30.726019	216.97923	-39.77656	175.27946	30.720816	215.0649	-46.465424	0.7297122	1.9117342	30.76102	-13.182299	-175.21074	21.423552	85922.10418224335
203	1147.012	1056.5973	2225.5486	57.137886	498.6102	857.72156	2232.985	60.547684	121.27657	94.203064	361.91415	35.823956	496.18555	862.3237	2234.9534	57.517418	533.0	234.9	80.5	232.7	811999	175.5709	30.173498	219.40724	-40.2732	175.57697	30.178387	216.32219	-45.784378	0.76009005	1.9182866	29.4783	-13.84119	-175.49052	21.671976	85996.41413831711
204	1153.8015	1022.85583	2274.2805	55.260223	68.617905	7.347132	79.763245	55.200058	64.62543	10.978721	72.99018	34.582825	70.807755	7.0902934	80.32027	57.436226	514.7143	42.5	41.6	44.4	815999	175.5299	29.950676	220.58472	-64.863754	175.53275	29.948484	217.34683	-45.197765	0.77702016	1.8800645	24.909262	-11.080561	-175.42632	22.712124	86067.44663238525
205	225.81831	571.6723	2302.726	59.156277	68.502785	5.287156	80.3239	61.84077	71.85508	4.1250725	78.46908	64.4778	70.60146	6.464838	81.195564	60.392918	111.833336	42.7	44.7	43.7	819999	175.16435	30.46383	217.47626	-44.549038	175.1694	30.464493	216.99161	-47.728344	0.7492512	1.8757571	24.739546	-12.304179	-175.0807	20.905508	86135.91259264946
206	575.2812	911.0981	2286.75	54.901947	142.51048	5.559	151.8357	131.57378	948.68085	1023.4319	2270.7249	58.201122	332.31033	595.6272	2117.583	62.99547	270.3846	80.5	440.0	169.1	823999	175.10934	30.341316	215.83475	-55.587315	175.11388	30.345285	216.74834	-63.783146	0.73517084	1.8979946	27.085407	-11.69641	-175.00241	24.292492	86211.32136368752
207	1462.8148	973.0834	2215.9731	48.78135	2231.151	15.950748	2260.2666	2207.88	1589.182	873.344	2326.1035	147.84195	1814.724	827.9712	2273.9492	151.91428	686.3333	1000.0	749.2	830.6	827999	174.7717	30.515257	216.89424	-56.717396	174.77113	30.519924	221.31413	-55.38945	0.73823655	1.905621	28.576077	-12.966083	-174.6402	26.024694	86305.61360549927
208	1425.2714	933.3465	2242.0447	50.9348	1823.2468	828.5117	2269.979	137.26814	1442.183	1017.97125	2420.5579	124.160065	2246.1567	28.82329	2270.646	2170.0762	654.8333	828.5	653.1	1000.0	831999	174.0137	31.506542	219.04999	-74.89298	174.01031	31.51195	218.20291	-70.081474	0.7198402	1.8829029	31.659416	-13.406065	-173.84906	25.908333	86406.3877825737
209	2171.4573	114.68999	2276.3184	1982.561	765.7285	698.83936	2238.2615	339.58292	630.5812	769.0826	2217.5247	140.27412	456.49072	604.1459	2240.5535	153.03017	964.0	386.6	311.1	242.1	835999	173.39429	32.1159	218.9277	-51.535976	173.39124	32.116142	215.62027	-44.274902	0.75584346	1.8524861	21.555357	-10.575453	-173.25154	25.854462	86485.57844543457
210	2257.7437	9.258411	2270.1726	2244.3066	1584.9485	924.48694	2349.1118	355.67758	1772.0248	860.8171	2417.232	382.1227	1578.6803	947.4672	2354.666	359.9506	1000.0	688.9	770.3	683.2	839999	173.4286	32.247746	215.3106	-55.985256	173.42978	32.248077	215.94168	-63.203667	0.7667482	1.8391029	21.643196	-12.115428	-173.30513	25.173187	86577.3318157196
211	1698.1564	830.11835	2285.4304	62.042896	2262.737	9.1036005	2281.3015	2247.1843	1851.6035	849.33545	2379.3904	159.12526	2257.4565	6.7157316	2266.909	2243.2708	760.0	1000.0	813.5	1000.0	843999	173.76808	31.675142	218.81393	-46.112595	173.7694	31.676958	219.72554	-45.30183	0.72905314	1.8103294	42.258465	-11.996166	-173.63606	28.62636	86683.43054199219
212	2027.1951	426.6122	2286.6858	1288.7301	2351.5933	4.6000533	2356.7034	2341.8198	1897.1315	641.4576	2363.238	494.35147	2345.3125	6.9748216	2357.8704	2335.6	893.0	1000.0	830.9	1000.0	847999	173.71687	31.463142	214.70082	-51.393276	173.71068	31.468811	215.74763	-65.4736	0.80770284	1.7869883	42.221775	-11.703619	-173.56552	25.38109	86780.5888581276
213	2227.755	31.927008	2268.346	2185.1343	2397.4285	4.0482616	2403.454	2390.0144	2363.616	79.45977	2439.294	2205.4807	2385.5488	5.757703	2394.2908	2377.4624	1000.0	1000.0	1000.0	1000.0	851999	173.31256	32.17263	217.11206	-49.197304	173.31282	32.17031	216.8712	-44.03488	0.8136666	1.8212619	37.50877	-11.720615	-173.13928	26.513485	86880.07925271988
214	2258.1592	32.726646	2305.4922	2213.314	2303.118	4.7794023	2309.4744	2291.0962	1958.2637	662.2048	2427.0264	619.623	2298.3154	11.674765	2328.912	2283.6448	1000.0	1000.0	856.1	1000.0	855999	173.08522	31.998909	217.82176	-63.219067	173.08194	32.0094	215.9371	-68.840935	0.8401067	1.8068852	18.664557	-14.579435	-172.90587	26.74101	86978.03177905083
215	2265.164	18.815002	2289.919	2237.5862	2339.9897	5.352167	2346.731	2328.4104	2118.8398	529.7171	2400.066	552.66565	2336.226	7.7287498	2348.4937	2321.794	1000.0	1000.0	925.6	1000.0	859999	172.82866	32.15876	217.95502	-80.33162	172.82475	32.161392	222.5153	-69.22669	0.73840016	1.8101587	18.945597	-13.724299	-172.65068	25.984941	87075.73626995087
216	1996.0315	321.62817	2239.0513	1452.818	299.0699	672.6989	2315.8638	60.87995	315.11633	684.65643	2366.4028	61.95816	548.6037	883.222	2313.3096	57.58461	896.5	142.1	148.4	251.4	863999	172.50128	32.381092	215.14383	-80.2799	172.4993	32.37601	232.65555	-98.88963	0.7544043	1.8541282	51.031708	-10.042164	-172.3197	25.986622	87148.98718190193
217	1038.3994	1079.9838	2254.583	57.35492	931.4826	986.5617	2142.5508	119.59376	1347.2668	1009.5024	2325.5847	80.04561	1348.3549	998.33344	2179.796	119.18722	471.0	449.1	629.7	632.6	867999	172.49966	32.166172	218.26236	-76.79497	172.49576	32.173256	216.33495	-68.24049	0.81427985	1.8734474	34.27338	-11.0623255	-172.35406	28.97307	87233.82863521576
218	725.14844	968.4039	2187.4004	52.155266	572.34564	830.2224	2240.2888	63.027195	1291.3447	1021.1012	2328.5457	63.82754	1174.08	1068.9972	2258.011	59.256317	344.07693	279.1	575.6	533.5	871999	172.65996	31.772728	213.3269	-71.461296	172.65337	31.777319	214.16367	-71.57927	0.7996407	1.8558323	38.327625	-12.266032	-172.51279	27.355286	87316.43619322777
219	1822.3223	826.19135	2247.9644	170.02281	1793.9336	858.9118	2230.3281	76.07293	1633.6873	984.4896	2354.1292	69.52876	2037.7191	623.5345	2257.8652	167.3672	821.8	809.5	724.1	909.7	875999	172.85332	31.203201	218.0706	-72.19321	172.84949	31.211218	215.62814	-72.21162	0.7753366	1.8395777	19.366566	-11.573566	-172.66806	26.512367	87409.76141524315
220	1341.8684	1047.9388	2231.6042	56.040043	2331.1326	4.6692576	2337.008	2324.3484	2323.732	100.11111	2457.883	2121.5872	2337.343	8.704384	2347.3374	2316.2239	615.6	1000.0	1000.0	1000.0	879999	172.5311	31.423994	215.27281	-69.84584	172.52304	31.43809	217.51027	-58.68212	0.7170036	1.8274521	29.266125	-10.085967	-172.33832	27.394552	87510.82079982758
221	1499.4532	1018.14154	2244.5923	57.841175	2384.1929	5.786635	2391.0571	2370.9614	2412.477	72.41777	2571.4146	2302.901	2370.4067	7.6444564	2386.3982	2361.1838	679.6667	1000.0	1000.0	1000.0	883999	172.33186	31.573742	215.40846	-58.992733	172.32506	31.57731	217.11963	-59.074615	0.7666946	1.8495606	63.20951	-13.395576	-172.1725	25.710583	87609.7757730484
222	1765.7986	851.0532	2224.8123	64.39346	2229.7585	18.401342	2252.097	2186.006	1789.1895	795.8881	2388.5547	168.02577	2000.1201	641.0361	2243.1328	77.6027	808.4	1000.0	834.8	904.8	887999	172.56429	31.206009	213.50615	-52.825237	172.55856	31.20627	223.02902	-59.280296	0.76752126	1.8718642	28.639587	-11.54958	-172.38213	27.050926	87705.77545166016
223	2173.2544	13.470486	2190.271	2154.7324	2042.8293	17.942644	2068.61	2007.4474	1789.6937	645.76624	2304.7468	358.57962	2072.1228	29.70785	2102.4346	2014.9193	996.5	1000.0	864.9	1000.0	891999	172.60745	31.250107	213.60696	-52.256058	172.60255	31.253899	223.14911	-44.353165	0.8280657	1.9060336	41.826183	-11.833635	-172.42334	26.700602	87805.5786178112
224	2180.512	32.34453	2213.9983	2132.2976	2066.9146	20.007744	2109.8813	2045.6025	2096.4126	114.76754	2356.2324	1964.0793	2094.3394	25.593004	2133.8296	2061.5715	1000.0	1000.0	1000.0	1000.0	895999	172.7397	30.949608	213.22377	-54.766106	172.73346	30.948671	214.38329	-61.338326	0.8595221	1.9382325	26.262804	-10.54818	-172.57076	26.283438	87907.60632133484
225	1742.2029	758.303	2172.597	226.91946	2003.3883	25.663729	2054.8718	1972.7251	1985.9463	249.26903	2319.3489	1501.9541	2014.7972	28.467287	2061.9666	1972.7719	827.2	1000.0	1000.0	1000.0	899999	172.6839	30.903198	213.16434	-62.884552	172.67831	30.900541	214.33983	-50.827477	0.86436874	1.9688559	38.166264	-13.139618	-172.4943	30.469095	88006.44833779335
226	2210.8994	29.242825	2239.9902	2171.5286	2364.2495	5.937036	2376.4346	2356.4238	2344.134	72.428764	2456.1382	2196.1248	2359.6367	12.912477	2380.1755	2341.8428	1000.0	1000.0	1000.0	1000.0	903999	172.55498	30.675497	211.62457	-54.84162	172.5581	30.668434	214.90396	-69.47576	0.8683255	1.9811221	40.114056	-12.410037	-172.36897	27.482477	88107.74304175377
227	2242.232	26.963026	2268.3325	2197.0684	2360.7434	5.8084354	2367.207	2349.2424	2346.972	39.101704	2434.3525	2282.4626	2356.6157	10.07056	2370.5896	2340.4521	1000.0	1000.0	1000.0	1000.0	907999	172.61198	30.248747	215.47914	-50.74103	172.6133	30.235708	212.90833	-37.039745	0.8402582	1.9483666	49.38906	-12.896571	-172.42232	26.668333	88207.18679881096
228	2238.2559	34.042892	2271.546	2181.9658	2281.4204	6.914305	2292.3923	2270.0774	2314.2307	39.335632	2376.7593	2269.1624	2297.513	10.224591	2317.8743	2281.173	1000.0	1000.0	1000.0	1000.0	911999	172.31966	30.575333	212.81558	-51.98465	172.32494	30.562754	214.3269	-49.815605	0.74206674	1.9208719	20.284998	-11.527426	-172.10272	27.439754	88306.87651538849
229	2246.6868	27.88401	2269.059	2199.1946	2368.5437	6.037103	2380.9312	2358.0044	2339.8667	56.30993	2415.4182	2237.2195	2365.8723	5.9181676	2378.2397	2358.3982	1000.0	1000.0	1000.0	1000.0	915999	171.75006	31.189669	214.13477	-45.806084	171.7507	31.160662	215.49112	-41.122856	0.8185208	1.8966461	37.496597	-12.111255	-171.49422	27.608746	88417.23262429237
230	2226.2622	33.39961	2254.7805	2169.5918	2250.441	4.4746857	2257.9253	2241.3015	2149.1401	226.03084	2431.3752	1560.1952	2245.7837	28.043121	2265.5562	2164.798	1000.0	1000.0	1000.0	1000.0	919999	171.6667	31.139137	214.49863	-49.79193	171.66762	31.110077	216.31404	-42.845177	0.81810987	1.8931296	34.329807	-11.545578	-171.4495	28.291574	88525.59186339378
231	2015.7008	438.6912	2268.1206	1139.7141	2282.1233	6.0295033	2289.3853	2266.6023	2295.2236	78.388664	2446.7026	2180.9275	2270.7505	6.0690513	2279.4646	2256.6548	903.4	1000.0	1000.0	1000.0	923999	172.03128	30.651577	212.75237	-62.955166	172.04146	30.619844	214.34215	-44.10824	0.8224635	1.9259387	31.268572	-10.451912	-171.80725	27.415333	88634.51739811897
232	2232.9436	29.642881	2275.929	2195.195	2258.2957	10.099981	2270.6045	2237.2146	2279.1587	124.82711	2487.3792	2128.0803	2255.5369	11.120191	2270.8284	2235.967	1000.0	1000.0	1000.0	1000.0	927999	172.16318	30.60591	216.85352	-75.406075	172.16438	30.582258	219.9378	-85.52309	0.7737877	1.8856372	32.375206	-11.03213	-171.93803	29.937561	88740.0779247284
233	2266.7832	16.317684	2289.5608	2243.6445	2232.9404	11.77851	2252.0679	2220.1318	2233.023	116.957214	2404.2761	1973.2483	2233.2668	17.808786	2265.3489	2209.1526	1000.0	1000.0	1000.0	1000.0	931999	172.33505	30.34103	233.9531	-33.34543	172.3363	30.316402	224.85129	-35.69552	0.9141736	1.9049321	27.422527	-13.796749	-172.14514	25.106617	88854.94866132736
234	2194.5444	22.167692	2232.0962	2174.488	2229.6614	48.112926	2271.9822	2089.9343	2095.3389	162.64021	2432.7124	1922.1273	2192.8862	20.963037	2232.5688	2156.0203	1000.0	1000.0	1000.0	1000.0	935999	173.11867	29.863832	254.04445	-63.83442	173.12038	29.835905	241.88475	-48.747616	0.85572845	1.8945093	28.620827	-14.056727	-172.9342	28.319422	88962.41985177994
235	2240.206	41.7473	2273.6396	2169.705	2298.262	42.888718	2329.075	2176.3486	2280.1472	99.78725	2483.2522	2135.9067	2296.1733	33.698586	2341.824	2215.0642	1000.0	1000.0	1000.0	1000.0	939999	173.63547	29.270578	274.46335	-57.911057	173.6396	29.253473	274.934	-102.46208	0.8201164	1.8794745	26.979216	-16.290886	-173.42564	27.624958	89077.39623403549
236	2262.8096	18.577871	2285.9678	2238.315	2089.1226	32.908955	2154.5664	2047.8696	2063.9216	90.12998	2226.2566	1975.2046	2126.9917	35.90405	2197.4778	2071.2163	1000.0	1000.0	1000.0	1000.0	943999	173.71423	29.130598	256.6483	-92.41498	173.71664	29.102545	259.98032	-69.5697	0.9001817	1.9241116	18.562338	-11.339283	-173.48813	28.499006	89191.59215402603
237	2241.5771	18.139206	2259.9712	2215.1497	2185.109	37.80062	2246.5432	2102.5642	2092.2195	114.878174	2249.183	1876.644	2154.4207	42.460968	2219.5315	2083.938	1000.0	1000.0	1000.0	1000.0	947999	174.00066	29.067081	284.99234	-35.186996	173.99898	29.048332	287.75403	-69.69427	0.864246	1.9602115	26.880585	-12.959392	-173.80359	28.67769	89297.04807376862
238	2214.4177	26.710793	2245.398	2185.6492	2046.9001	26.073277	2109.295	2018.7621	2109.948	117.256874	2252.453	1874.5071	2069.7349	31.576994	2115.5334	2003.6093	1000.0	1000.0	1000.0	1000.0	951999	174.27612	29.262985	337.94287	-95.85852	174.27785	29.245766	312.53583	-70.77423	0.9260827	1.9721441	27.009312	-12.391221	-174.09172	26.861023	89403.91743445396
239	1736.8324	816.522	2237.0747	110.7157	181.66031	206.22115	799.04504	92.41518	904.42303	832.9586	2070.831	94.80002	381.36945	500.03516	1480.3651	96.44168	828.8	163.6	535.2	297.8	955999	174.79913	29.607763	329.10522	-99.27095	174.8049	29.594936	324.63766	-95.73875	0.9343279	1.9938387	27.84628	-12.024858	-174.61794	26.355188	89493.48994922638
240	733.4333	956.96704	2213.6223	78.79997	2068.815	36.824924	2140.4863	2016.9703	2194.3176	129.19179	2326.0552	1923.6362	1935.9664	594.3323	2186.671	156.79869	382.8	1000.0	1000.0	916.1	959999	175.14938	29.889982	316.97467	-109.21295	175.15009	29.862162	321.04453	-116.96973	0.903876	1.9855778	36.124695	-12.224092	-174.93967	28.155542	89604.37712979317
241	2194.9597	35.29259	2239.9172	2149.3655	2245.8577	11.1654415	2265.4285	2228.155	2199.0376	72.648766	2302.9622	2039.3805	2236.95	12.980654	2256.715	2209.467	1000.0	1000.0	1000.0	1000.0	963999	174.998	30.220312	221.30507	-119.62447	174.99973	30.187445	228.58488	-124.80286	0.9102167	1.9585886	23.840858	-11.093081	-174.783	29.903135	89712.39336013794
242	2136.6284	43.870083	2201.8503	2078.3608	2194.5444	10.578585	2220.4175	2181.6174	2134.3408	89.92266	2336.7124	2025.7688	2199.1758	16.606815	2226.2761	2178.513	1000.0	1000.0	1000.0	1000.0	967999	175.20747	30.65984	217.78706	-118.58547	175.2068	30.645632	219.0682	-110.547386	0.92959493	1.9988145	22.703209	-16.495148	-174.99706	28.76812	89820.85452890396
243	2180.8232	10.701143	2194.081	2164.335	2095.7876	52.45609	2182.9434	1986.0548	1838.752	599.61096	2322.215	185.67838	2095.6213	67.14814	2185.9255	1955.0298	1000.0	1000.0	920.9	1000.0	971999	175.44215	30.733343	218.03606	-124.85802	175.43816	30.717611	216.61903	-120.85957	0.8844872	1.9637668	20.428465	-11.5243	-175.22284	31.67079	89930.8187391758
244	2197.4248	19.322014	2220.9395	2175.405	2154.314	43.659664	2236.628	2064.3591	2207.7432	94.3474	2398.6323	2029.2344	2129.0308	25.248894	2178.9253	2098.1113	1000.0	1000.0	1000.0	1000.0	975999	175.40144	30.637568	216.24324	-164.71013	175.40147	30.628403	218.11285	-158.93492	0.83230054	1.9618082	15.210349	-12.519408	-175.19293	26.094418	90043.31593251228
245	1988.8774	397.65564	2259.7375	1301.5806	2234.9932	19.596819	2262.3936	2203.841	2139.9592	181.61543	2315.266	1682.3531	2242.8542	17.76877	2267.8723	2216.294	905.75	1000.0	1000.0	1000.0	979999	175.26796	29.83255	216.46928	-138.79762	175.26405	29.824707	218.57486	-154.73523	0.7524901	1.9049911	18.586353	-11.503309	-175.03049	27.928652	90149.45975399017
246	2214.3699	43.468136	2276.925	2160.2676	2226.5457	11.978679	2241.1013	2203.3987	2198.7612	113.341194	2378.9336	2004.5015	2205.3318	16.812918	2244.0222	2180.8105	1000.0	1000.0	1000.0	1000.0	983999	175.01685	29.133224	305.92615	-166.35641	175.01416	29.126492	302.2655	-113.29118	0.7543794	1.928036	17.892557	-12.712906	-174.78644	30.443083	90256.44978308678
247	2140.3052	59.34779	2202.4023	2063.3772	2110.0325	15.099447	2141.1682	2090.5974	2163.585	114.30426	2368.6255	1973.9749	2107.2944	19.32073	2137.5505	2065.78	993.25	1000.0	1000.0	1000.0	987999	174.74214	28.730051	339.9681	-88.7046	174.74892	28.725231	322.56378	-149.6284	0.7095478	1.9043858	19.606745	-12.073343	-174.50623	29.442331	90362.74880743027
248	1804.7432	547.0383	2136.8394	712.95435	2268.496	20.482111	2282.3896	2209.8281	2188.0496	241.6805	2383.9043	1479.1564	2272.4146	10.841752	2292.715	2250.878	878.8	1000.0	961.6	1000.0	991999	174.45863	28.702059	371.81912	-104.42432	174.45424	28.691133	344.4809	-106.77045	0.69969153	1.9008312	23.615637	-12.88491	-174.2127	27.090422	90471.41024184227
249	1718.5916	696.03564	2175.4907	515.272	1963.7152	7.0825787	1975.3549	1949.1836	1985.9661	103.10037	2211.7708	1868.7743	1843.8607	330.54654	1966.4476	852.55646	815.25	1000.0	1000.0	1000.0	995999	174.28741	28.894384	319.3597	-182.42151	174.2849	28.883259	301.64297	-211.1648	0.7278693	1.9279332	20.431036	-13.685041	-174.03969	29.436594	90581.26327967644
250	729.54785	802.0369	2230.5364	47.7353	397.0462	707.41565	2359.7852	52.854584	448.25308	701.31323	2257.5413	51.685654	1154.4376	1091.8505	2270.872	49.35282	354.85715	191.4	211.2	521.5	999999	174.2089	29.639988	306.02417	-157.09843	174.2045	29.619438	289.39993	-109.0652	0.79863495	1.9308578	15.138234	-11.926716	-173.98862	28.188105	90666.62097287178
