Epoch	AverageEpRet	StdEpRet	MaxEpRet	MinEpRet	AverageTestEpRet	StdTestEpRet	MaxTestEpRet	MinTestEpRet	AverageTransferEpRet	StdTransferEpRet	MaxTransferEpRet	MinTransferEpRet	AverageRandomEpRet	StdRandomEpRet	MaxRandomEpRet	MinRandomEpRet	AverageAdvEpRet	StdAdvEpRet	MaxAdvEpRet	MinAdvEpRet	EpLen	TestEpLen	TransferEpLen	RandomEpLen	AdvEpLen	TotalEnvInteracts	AverageQ1Vals	StdQ1Vals	MaxQ1Vals	MinQ1Vals	AverageQ2Vals	StdQ2Vals	MaxQ2Vals	MinQ2Vals	LossPi	LossQ	Time
1	-31.727188	8.156635	-14.013461	-57.821644	1602.1941	67.24803	1755.1735	1548.8491	-58.805992	13.431041	-33.841373	-84.10241	1608.2389	64.50796	1738.4261	1536.8154	1561.682	54.68266	1654.2349	1450.9231	19.41262	1000.0	31.8	1000.0	1000.0	3999	-1.5110595	2.0933967	7.5269055	-14.727375	-1.5114053	2.0934098	7.4997883	-14.57051	-1.3027438	0.52294767	87.14993977546692
2	-31.741282	9.045759	-12.0241	-99.602684	1569.572	60.689556	1651.3358	1447.8165	-59.973278	15.417057	-40.2318	-78.38088	1565.4021	89.102585	1735.8232	1436.8247	1559.4587	81.93865	1650.6722	1353.6533	19.407766	1000.0	28.9	1000.0	1000.0	7999	4.355111	5.5274644	24.689838	-123.54264	4.355425	5.529216	24.223682	-119.693726	-9.758544	1.5508658	179.3497703075409
3	-61.88437	564.9507	23.234137	-7226.974	1599.9922	65.68984	1661.2727	1461.3695	-50.30002	7.9077673	-39.30585	-65.249825	1563.5248	58.7475	1642.7687	1446.6299	1609.8231	81.23543	1760.599	1458.793	24.635803	1000.0	21.6	1000.0	1000.0	11999	12.484346	19.894863	86.50213	-545.06775	12.484271	19.903297	86.988495	-573.5373	-20.386335	11.746672	273.53284192085266
4	6.1886415	13.502161	54.999462	-22.677702	1564.2134	63.40213	1666.1973	1464.3154	-73.079636	27.441982	-44.834946	-126.03817	1540.1354	77.70624	1641.1147	1338.4818	1603.9407	48.6003	1665.4435	1563.5637	30.751938	1000.0	28.8	1000.0	1000.0	15999	17.4389	29.525707	129.75368	-632.9958	17.43769	29.529202	136.39737	-673.0386	-25.328009	14.430323	368.01821517944336
5	-22.59813	297.42905	72.73021	-2487.4272	1585.8099	74.64768	1764.7561	1462.9022	-56.255302	8.028924	-44.54242	-69.19132	1592.098	67.50033	1733.7052	1528.6909	1656.303	69.33344	1766.892	1565.1465	57.6	1000.0	26.4	1000.0	1000.0	19999	14.281931	33.23592	129.22856	-698.61584	14.280394	33.24657	135.79976	-822.23376	-21.830847	36.750782	462.63324904441833
6	-62.689896	624.43	53.43154	-5884.515	1602.3346	66.98103	1765.5603	1558.8811	-62.434166	23.887852	-44.297626	-128.96959	1582.6721	91.46703	1731.8671	1433.7257	1592.2933	65.21622	1764.4136	1559.5039	45.56818	1000.0	24.9	1000.0	1000.0	23999	8.939293	41.49339	198.05095	-747.3821	8.935828	41.494373	202.89053	-738.3139	-17.130217	73.62408	556.4261538982391
7	12.306741	175.89085	1756.292	-55.935406	1596.4216	63.126446	1763.9028	1565.205	-62.533325	38.276478	-37.592243	-175.95326	1555.2695	39.24939	1634.0719	1533.6696	1567.0522	89.83412	1768.2614	1463.9237	39.82	1000.0	28.4	1000.0	1000.0	27999	6.4266787	35.369556	232.72807	-633.41675	6.4265504	35.339085	239.01869	-649.48584	-14.357692	50.95079	650.9253907203674
8	39.085987	249.3769	2057.3281	-36.834667	1618.4015	79.52682	1757.6027	1554.0792	-96.30457	45.33736	-45.63264	-197.48215	1576.206	49.520416	1638.0337	1535.1094	1627.6165	45.149498	1661.5509	1555.9749	59.731342	1000.0	45.7	1000.0	1000.0	31999	5.3461456	24.70155	309.40402	-471.813	5.3446617	24.739637	278.9338	-448.36334	-12.49275	32.654694	744.6731569766998
9	-78.14582	581.6933	45.176926	-4940.0425	1649.5856	53.471363	1756.21	1557.9268	-88.29221	27.406155	-49.056374	-125.409195	1598.8499	64.08359	1729.03	1527.9742	1619.0364	81.59443	1762.6108	1554.4589	55.94366	1000.0	35.5	1000.0	1000.0	35999	5.706333	25.195633	483.58932	-383.2214	5.7017283	25.22958	498.37927	-344.57538	-12.244296	43.007492	840.7115948200226
10	-24.12119	274.82513	54.27717	-2317.475	1598.5836	66.43307	1757.0894	1554.5974	-73.553024	24.587875	-40.95127	-114.61785	1601.7888	65.03068	1734.332	1530.1306	1590.7253	46.27219	1661.9113	1556.926	56.760563	1000.0	30.0	1000.0	1000.0	39999	4.491966	27.65074	648.8112	-465.80347	4.4854264	27.673399	664.1647	-409.66473	-10.753068	59.97643	934.4828560352325
11	1.5869795	21.767944	53.512703	-58.665432	1569.8385	75.82859	1652.2322	1446.6509	-80.99637	26.302164	-42.129395	-114.65492	1589.8762	67.00948	1730.7821	1526.7756	1578.5356	63.878574	1651.745	1450.9753	48.21687	1000.0	34.1	1000.0	1000.0	43999	3.101277	30.956957	732.6081	-494.24948	3.099208	30.986214	740.1116	-478.66873	-9.834358	66.62047	1028.2113449573517
12	-35.29019	349.4482	80.79024	-3051.847	1564.4736	63.22162	1665.4397	1462.2135	-76.73917	17.613638	-50.57662	-117.39479	1557.6135	64.12439	1628.6404	1427.1029	1565.3143	62.62368	1663.5989	1463.8312	52.605263	1000.0	27.2	1000.0	1000.0	47999	2.1203506	30.824835	801.5943	-529.6064	2.120561	30.829004	789.00903	-511.7478	-8.278471	80.274055	1121.1688113212585
13	-35.533237	401.0134	65.006775	-3408.8003	1592.6848	65.46653	1665.8025	1459.6688	-81.50522	35.06252	-47.52	-172.07483	1539.4443	63.925514	1640.1389	1436.875	1622.3937	49.060402	1664.25	1561.257	55.444443	1000.0	30.1	1000.0	1000.0	51999	-1.0494468	29.71493	838.3453	-641.8833	-1.0560246	29.672773	827.55945	-573.10834	-5.076797	82.13828	1214.9210758209229
14	11.441107	33.64496	161.78897	-40.307697	1605.2251	67.151566	1755.6189	1550.9717	-63.78222	13.974987	-40.755844	-88.666046	1579.3638	48.413857	1641.6301	1538.7145	1645.6937	69.091995	1760.1422	1558.6462	57.492752	1000.0	27.5	1000.0	1000.0	55999	-1.3862437	30.820587	859.83484	-674.58606	-1.3876697	30.822353	861.17224	-629.11224	-4.7676873	85.369705	1309.4674055576324
15	39.974327	338.00162	2838.7986	-80.9864	1589.3406	74.26311	1670.814	1468.1082	-70.00619	25.09698	-45.789444	-135.25847	1565.6283	101.22713	1736.4026	1433.6537	1617.8499	50.18479	1669.9565	1565.5613	57.857143	1000.0	29.4	1000.0	1000.0	59999	1.7305672	35.645767	990.53357	-705.11536	1.7325442	35.65114	936.66046	-683.4842	-7.665397	103.18178	1404.7413973808289
16	8.248031	32.416237	104.07148	-86.540764	1626.822	65.47394	1763.6772	1564.6412	-60.569817	16.512688	-42.19663	-100.93631	1575.337	67.32372	1737.539	1531.4888	1597.0535	65.27553	1670.9004	1463.4352	57.695652	1000.0	26.6	1000.0	1000.0	63999	3.659544	39.815876	923.8701	-623.94354	3.6639838	39.824257	898.11646	-637.42664	-9.294391	76.629074	1525.6572003364563
17	-45.99214	442.18896	68.73574	-3546.2244	1628.5803	65.41508	1673.8163	1472.8573	-86.24922	35.27105	-38.63519	-149.25699	1580.5619	66.91526	1633.0323	1430.9076	1647.6539	41.135616	1672.3801	1565.304	62.875	1000.0	37.8	1000.0	1000.0	67999	4.79727	44.72912	958.9297	-656.89777	4.8012447	44.775585	925.4342	-599.8378	-10.0865135	78.42989	1619.9875235557556
18	13.182864	30.674421	81.410675	-90.50095	1649.6443	59.511524	1768.481	1567.4781	-69.18621	19.67698	-42.35519	-105.098854	1571.6033	48.627293	1632.2283	1529.3403	1628.1057	67.747505	1770.3136	1558.1875	51.28205	1000.0	32.1	1000.0	1000.0	71999	5.0245986	48.113853	866.5425	-641.37573	5.027116	48.129536	883.8734	-546.44904	-10.510299	73.54703	1714.5795197486877
19	4.0369606	31.045538	61.489487	-205.33679	1567.1898	87.498146	1748.1945	1445.5985	-58.970245	17.303698	-38.786247	-86.78624	1593.3873	49.033833	1635.7256	1530.021	1608.777	91.8732	1750.366	1448.0504	42.585106	1000.0	26.0	1000.0	1000.0	75999	6.0298285	52.737114	1010.02484	-584.3508	6.034621	52.746933	1051.6404	-528.21857	-11.168768	67.825226	1809.0226488113403
20	21.763271	173.87769	1577.3594	-69.36667	1598.3264	101.97331	1747.7289	1447.0984	-77.87679	35.271988	-36.31717	-131.49905	1570.8474	49.351997	1632.8223	1528.3237	1607.7976	49.37492	1649.8373	1545.502	47.92771	1000.0	34.7	1000.0	1000.0	79999	8.682509	59.414577	1039.2821	-439.4947	8.68848	59.42076	1017.44116	-441.13452	-13.593033	83.6856	1901.6409513950348
21	15.658414	68.73686	85.40688	-581.16284	1600.8132	81.94781	1763.4377	1454.0679	-67.89704	15.919709	-39.865234	-86.680336	1609.1127	64.31925	1740.1501	1537.6821	1619.3297	80.66825	1759.611	1458.8574	45.625	1000.0	33.6	1000.0	1000.0	83999	10.459536	64.02128	1105.5853	-411.54184	10.464288	64.02963	1138.8329	-369.09116	-15.459379	60.730873	1995.8320360183716
22	20.951025	22.502468	75.20329	-39.29271	1596.6912	45.641167	1669.2048	1564.3635	-72.234085	24.873037	-29.415956	-127.73832	1568.7742	75.968544	1750.4104	1444.6312	1646.0574	88.5513	1768.4008	1463.354	49.37037	1000.0	32.3	1000.0	1000.0	87999	12.376079	67.096306	1153.3923	-373.7119	12.37528	67.09967	1052.8779	-372.85184	-17.457745	59.3779	2091.6119627952576
23	-35.207508	437.46033	64.97649	-3764.7083	1629.8933	67.18373	1773.0308	1567.8088	-67.36099	15.866074	-46.026356	-95.00426	1531.3418	95.13291	1743.718	1439.3176	1630.1111	48.77563	1672.0515	1565.1036	54.027027	1000.0	27.4	1000.0	1000.0	91999	13.648055	65.63712	951.16876	-335.63394	13.647066	65.6612	962.14374	-342.88922	-18.634027	75.933624	2185.9234948158264
24	-75.850876	775.80066	71.767944	-6324.3115	1598.732	66.59284	1759.9878	1556.3915	-75.607765	23.822897	-42.3611	-122.89499	1569.887	90.14343	1738.1918	1438.0764	1548.8065	70.85261	1659.8907	1456.6617	59.878788	1000.0	32.0	1000.0	1000.0	95999	12.264988	60.48274	896.8161	-414.0695	12.26556	60.512756	990.9379	-387.8192	-16.7952	110.20441	2279.873102903366
25	21.093622	98.782845	84.981285	-772.90247	1569.7493	69.595695	1663.6171	1461.5432	-74.7383	24.31877	-40.31583	-115.54285	1575.3546	48.90761	1638.4257	1531.7888	1579.7848	59.37898	1662.0828	1462.173	56.492958	1000.0	32.0	1000.0	1000.0	99999	10.110004	57.117702	1038.0728	-531.83215	10.111393	57.156464	988.8722	-539.72	-14.984092	106.74499	2373.543450117111
26	24.42709	34.614574	71.81977	-142.47646	1606.4066	92.05028	1768.2804	1462.491	-105.80739	40.75905	-52.38783	-168.61043	1567.6923	89.58874	1736.8794	1438.1138	1636.4202	63.948746	1764.22	1564.8595	60.0	1000.0	42.2	1000.0	1000.0	103999	10.011621	59.34789	905.07263	-591.83167	10.009831	59.35584	840.91864	-560.4761	-15.751126	104.751	2468.475177049637
27	22.93422	26.585798	72.77805	-76.91418	1622.1833	79.60717	1773.6799	1568.1794	-73.5401	27.15007	-42.22397	-139.62607	1553.1072	58.745655	1631.8011	1434.4863	1611.0668	68.00334	1672.4435	1462.1324	59.10294	1000.0	35.5	1000.0	1000.0	107999	10.643473	63.54184	903.1461	-575.2109	10.643356	63.56519	853.9207	-588.1897	-16.386965	101.85602	2563.8466613292694
28	32.92656	28.46801	77.7717	-82.37758	1594.1992	46.357998	1668.6648	1560.9592	-80.96925	19.48497	-51.39695	-119.44928	1579.7317	80.75656	1739.6409	1437.2433	1574.7627	104.5717	1764.5107	1362.8721	50.392406	1000.0	41.6	1000.0	1000.0	111999	11.270343	70.19012	975.8335	-540.6233	11.271543	70.20692	997.2404	-552.4791	-16.773624	97.98381	2658.8383734226227
29	-31.480387	590.62994	72.06586	-5174.9434	1601.6193	48.87365	1663.9495	1559.6215	-81.547714	29.537777	-42.172092	-135.35982	1613.5734	87.455605	1734.7761	1432.2883	1581.8928	60.92401	1663.8055	1460.3225	51.896103	1000.0	39.7	1000.0	1000.0	115999	11.672696	74.62136	1049.3807	-523.6656	11.671725	74.67575	1006.05273	-535.212	-17.384203	125.90514	2753.5210959911346
30	36.193428	22.633049	84.06438	-16.404333	1639.8171	59.81101	1761.4326	1559.2452	-66.96681	22.159618	-41.089886	-117.053	1572.3593	63.18945	1643.8499	1445.8441	1599.1155	48.805294	1659.6334	1557.7805	47.164707	1000.0	34.7	1000.0	1000.0	119999	10.83729	72.42589	941.84827	-595.9231	10.837849	72.4466	949.4244	-571.41547	-16.368158	122.48641	2848.956510066986
31	34.590157	23.431944	87.35903	-71.47312	1607.1179	80.65876	1758.2427	1555.0826	-69.83301	22.62169	-40.654167	-108.76549	1537.5077	44.55788	1637.2821	1438.1573	1647.4642	53.33707	1756.2876	1557.8859	43.813187	1000.0	30.8	1000.0	1000.0	123999	11.05331	70.0218	907.9772	-620.1	11.051461	70.03674	893.0872	-654.90375	-16.671564	107.028015	2943.2951719760895
32	34.069862	21.49916	78.5257	-54.861984	1571.8635	71.07258	1664.2886	1458.798	-59.991096	21.219467	-30.431349	-94.76145	1592.6646	66.3372	1742.1234	1542.066	1561.5378	90.46941	1762.708	1458.6672	40.92857	1000.0	26.8	1000.0	1000.0	127999	12.287824	70.96759	869.495	-535.1719	12.2874365	70.98853	860.28876	-542.27875	-17.922625	101.07897	3038.922657251358
33	3.5693123	271.53525	63.174225	-2521.6184	1627.8478	67.33388	1770.9799	1562.5701	-72.57054	45.709915	-39.46141	-203.71483	1607.9772	66.89469	1748.1989	1543.3258	1637.6617	79.68095	1769.667	1561.141	45.636364	1000.0	36.3	1000.0	1000.0	131999	11.891378	67.96145	940.81866	-483.99384	11.892855	67.989174	852.8649	-505.25058	-17.112612	128.3989	3134.0909922122955
34	32.5139	22.756622	81.10927	-72.71282	1611.5405	81.47456	1761.5023	1457.7637	-67.60742	32.176975	-38.613	-158.25899	1590.3499	67.07551	1739.3501	1538.802	1602.0836	65.83134	1758.5992	1558.537	42.860214	1000.0	37.0	1000.0	1000.0	135999	10.889663	64.92354	839.44666	-559.45215	10.886221	64.942696	850.69836	-540.2869	-16.34584	103.255424	3230.172331571579
35	64.17202	209.10127	1902.7616	-12.857354	1626.2501	66.453926	1766.9602	1563.3876	-79.68297	44.21569	-39.23231	-199.8453	1569.1077	64.19478	1640.9113	1437.2722	1564.9863	45.168804	1666.3375	1464.3812	50.670887	1000.0	32.0	1000.0	1000.0	139999	10.554425	66.72151	862.1731	-531.7105	10.551408	66.75899	817.9036	-558.4734	-16.097929	107.00896	3326.2147619724274
36	43.636227	25.235506	93.58054	-75.35578	1587.8754	62.077335	1669.8976	1456.1523	-77.134834	30.873487	-39.181602	-144.05467	1581.8704	65.635216	1737.5731	1536.5989	1608.6149	68.99204	1673.1367	1461.008	47.188236	1000.0	43.1	1000.0	1000.0	143999	10.516075	68.32951	780.0442	-594.7399	10.512894	68.348526	800.94965	-575.6935	-15.981512	110.05134	3422.464713573456
37	39.531517	23.807411	77.88579	-80.73441	1589.9932	44.987404	1659.6727	1559.4418	-77.81592	25.517426	-33.90507	-111.87128	1602.7828	78.04669	1736.3225	1529.619	1620.649	64.288895	1759.2317	1562.0032	46.95294	1000.0	33.0	1000.0	1000.0	147999	11.477438	70.00495	833.13214	-551.5765	11.473585	70.01687	827.5977	-548.7102	-16.764305	100.680435	3519.5419585704803
38	36.337906	30.701508	82.643036	-104.406876	1583.093	60.73753	1664.8582	1460.6451	-64.8787	24.67524	-34.224953	-126.04008	1597.2657	48.90923	1640.1553	1534.4572	1602.6377	66.23396	1665.9423	1463.9791	46.89412	1000.0	32.9	1000.0	1000.0	151999	13.448257	75.04459	917.1782	-543.4098	13.444771	75.04742	915.48846	-494.72128	-18.80535	101.99171	3613.7887709140778
39	17.527967	106.208374	68.5116	-902.7728	1617.2559	67.57536	1768.1537	1564.3805	-63.053352	16.35043	-33.701447	-85.214264	1586.821	80.135925	1735.7509	1438.3739	1607.9918	49.320858	1669.3945	1565.0651	49.296295	1000.0	29.1	1000.0	1000.0	155999	14.465825	80.54404	980.83154	-532.9801	14.461633	80.57543	961.3999	-540.056	-20.059515	123.86539	3710.2673234939575
40	49.078823	182.7763	1613.9923	-34.069508	1581.9973	74.25087	1663.7334	1460.9779	-63.4964	21.178894	-46.950603	-108.880066	1576.3611	49.42686	1638.2418	1534.492	1572.19	93.65889	1761.2986	1365.2579	52.82895	1000.0	34.4	1000.0	1000.0	159999	14.558346	82.43424	1018.6017	-555.83057	14.55651	82.45382	990.1277	-552.64484	-20.174784	126.110405	3806.6683518886566
41	36.01688	30.50456	78.47978	-86.20359	1628.2043	60.39625	1751.0991	1547.2476	-57.91448	17.373238	-28.647123	-95.12633	1571.3186	79.81214	1732.0115	1431.5629	1589.6406	79.1632	1748.7877	1453.3182	47.95181	1000.0	31.8	1000.0	1000.0	163999	15.270436	83.73022	1005.9145	-554.90344	15.268798	83.75522	983.9731	-536.3621	-20.733965	114.92353	3903.6287848949432
42	-2.3420475	268.98495	107.12241	-2168.044	1556.9916	71.14838	1670.6626	1364.8591	-73.70189	22.278456	-45.433956	-123.50094	1612.0518	60.523228	1731.1482	1528.0457	1597.1952	64.68352	1671.8257	1466.2994	60.089554	1000.0	33.0	1000.0	1000.0	167999	16.71407	86.82145	960.03546	-550.06274	16.715694	86.84858	980.84814	-560.9373	-21.889078	140.53	4000.247613430023
43	-18.850258	396.84167	84.208145	-3629.6504	1609.2402	66.821815	1749.8792	1548.2229	-75.13532	11.871207	-55.07322	-102.426704	1585.357	67.30264	1638.0668	1433.0083	1600.4285	50.8648	1653.6874	1547.7396	46.788235	1000.0	21.4	1000.0	1000.0	171999	16.130762	81.256165	910.5602	-547.32904	16.132483	81.29911	903.94904	-535.75885	-21.754007	136.158	4097.3162224292755
44	-99.04408	262.27585	75.959656	-3735.7708	1579.1826	66.85818	1729.9166	1527.3335	-65.664825	6.9182425	-50.56588	-75.30118	1515.1985	74.78299	1635.3275	1433.7367	1608.956	39.124958	1632.0052	1530.4517	20.446701	1000.0	17.1	1000.0	1000.0	175999	24.10066	74.47807	906.8468	-587.5746	24.09844	74.5141	900.4105	-603.9679	-35.294376	165.5421	4193.200000762939
45	-40.53642	338.96686	38.515553	-3317.0154	1568.0306	54.131577	1659.9473	1457.857	-71.70974	18.683872	-47.141476	-111.219284	1609.1742	80.16075	1749.3545	1447.4791	1558.0637	63.734295	1660.1667	1457.527	42.010525	1000.0	35.9	1000.0	1000.0	179999	36.904186	72.31914	922.49677	-586.28784	36.89797	72.365814	952.07025	-631.3737	-46.071735	174.83563	4290.845482826233
46	46.83807	264.02008	2387.4438	-35.498306	1623.757	49.828743	1666.7765	1561.3024	-67.53634	28.03711	-38.388317	-138.55981	1560.3357	40.316147	1642.9663	1536.6804	1623.8523	92.06128	1765.0498	1464.0782	50.1625	1000.0	34.3	1000.0	1000.0	183999	37.103302	71.08519	932.5824	-640.83746	37.098587	71.10217	918.0062	-606.0409	-45.508423	164.40799	4391.0252985954285
47	33.21561	23.802769	71.30259	-61.12739	1562.6542	55.343044	1655.0609	1447.5466	-65.610565	26.610823	-21.789719	-113.768105	1580.6722	49.39064	1643.0967	1538.1895	1592.9578	81.30223	1756.7983	1549.4509	47.891567	1000.0	33.4	1000.0	1000.0	187999	34.178326	70.57027	949.69995	-643.4508	34.17855	70.60227	939.51056	-584.5281	-41.50607	151.28973	4487.770205259323
48	30.900604	30.454554	69.90509	-71.32577	1550.8997	63.007217	1651.1759	1450.6155	-74.42763	28.21386	-31.312143	-113.190125	1564.4921	39.73507	1645.0764	1539.6903	1611.6146	66.92654	1751.9191	1548.5256	49.48148	1000.0	44.3	1000.0	1000.0	191999	30.794678	69.34907	951.16235	-644.59686	30.795683	69.39096	970.0872	-627.12555	-38.03707	149.76547	4584.229473352432
49	-6.6995916	245.13274	63.96541	-2234.4773	1645.1702	76.315155	1769.0172	1560.9038	-76.06961	14.786416	-47.871326	-103.25157	1545.9584	53.34929	1639.0505	1439.4094	1590.4866	66.94424	1664.6195	1455.5149	47.294117	1000.0	34.4	1000.0	1000.0	195999	28.34429	67.74763	922.1664	-612.6236	28.346994	67.791756	943.6877	-655.39136	-34.64479	162.51938	4684.2648985385895
50	-25.198517	444.91364	59.794952	-4167.7427	1587.976	59.730907	1669.0686	1469.4191	-60.346107	15.097563	-37.08759	-86.93096	1599.3301	48.194027	1642.5697	1536.4259	1628.2415	48.34561	1670.6765	1568.1027	45.454544	1000.0	33.4	1000.0	1000.0	199999	23.692745	64.21758	890.65796	-719.9548	23.696144	64.24547	903.6507	-694.9082	-29.453419	150.76003	4783.592426538467
51	31.607918	47.236977	80.14547	-297.95355	1619.7668	67.46353	1769.2245	1567.0469	-100.24007	52.65606	-47.168156	-196.5925	1563.2029	59.069393	1643.0396	1445.5944	1619.3792	91.5774	1769.347	1473.24	54.835617	1000.0	48.2	1000.0	1000.0	203999	18.775774	61.114468	825.05255	-727.1632	18.775541	61.118973	842.50525	-791.6743	-24.372528	151.04344	4883.165896654129
52	38.267128	38.574	89.79765	-208.6574	1623.0419	67.33655	1773.8507	1569.4482	-70.55294	20.045473	-39.312107	-102.36026	1605.5154	48.24146	1656.3119	1553.2262	1601.0271	65.20436	1673.5054	1466.1223	54.767124	1000.0	33.9	1000.0	1000.0	207999	15.792567	58.60316	832.6095	-766.44244	15.787944	58.630352	820.4523	-723.4692	-21.338634	137.69371	4981.0694625377655
53	35.033703	32.94341	78.857025	-67.22465	1620.2013	82.53355	1774.322	1565.2738	-76.05519	18.379827	-48.3181	-99.49725	1549.1731	64.267136	1651.0201	1446.852	1609.8674	50.00762	1674.2775	1560.7399	49.9625	1000.0	38.0	1000.0	1000.0	211999	14.612756	59.59928	860.51526	-658.4108	14.609704	59.64185	936.8042	-676.454	-19.96563	139.27634	5080.117028236389
54	37.285725	28.783253	95.27127	-82.62412	1523.9084	46.344097	1555.3392	1452.2874	-71.35188	16.005905	-51.460766	-112.11067	1594.4291	49.620846	1647.9692	1541.8438	1584.3918	79.19953	1756.0786	1452.8386	53.527027	1000.0	37.6	1000.0	1000.0	215999	14.026361	59.859463	931.43207	-771.7849	14.022018	59.876347	946.9216	-752.5579	-19.109426	133.45879	5178.456986427307
55	30.288874	29.906134	72.33144	-40.62147	1680.8138	83.54564	1771.8582	1568.027	-63.249504	13.915181	-48.988712	-91.21884	1575.9971	77.60536	1746.6033	1447.607	1600.4484	46.183372	1672.4523	1567.9243	45.33708	1000.0	31.5	1000.0	1000.0	219999	13.639334	62.375965	1006.4068	-747.2225	13.637862	62.400776	949.8221	-777.1092	-19.090382	138.08334	5273.625148296356
56	42.637665	26.06418	77.76165	-81.22407	1585.966	39.237923	1664.9015	1562.393	-73.389565	24.015715	-38.254395	-133.42464	1607.1351	79.23485	1746.3359	1449.39	1586.4543	87.15598	1766.339	1466.3973	47.583332	1000.0	40.5	1000.0	1000.0	223999	14.920019	66.98874	1113.1393	-676.65265	14.921509	67.02233	1138.0453	-738.71576	-20.29443	142.6894	5369.008833646774
57	41.360268	35.902866	84.68497	-145.9322	1606.8267	66.97758	1669.1237	1466.3195	-55.323425	12.756519	-35.100452	-76.600075	1565.9954	97.987335	1745.79	1444.8547	1616.7799	67.551735	1767.99	1564.2963	51.805195	1000.0	33.1	1000.0	1000.0	227999	16.258902	74.033264	1081.4141	-688.04895	16.256517	74.06917	1086.6106	-761.6852	-21.85134	138.87437	5469.640404224396
58	-4.024562	365.96075	86.177734	-3345.9666	1576.5059	59.832993	1656.2749	1455.4938	-68.58686	17.042336	-48.21291	-111.52762	1573.7146	65.79776	1647.838	1441.72	1646.2213	95.24374	1756.7976	1453.842	46.941177	1000.0	30.5	1000.0	1000.0	231999	17.382832	82.37699	1170.8219	-698.1926	17.382086	82.42403	1155.42	-725.2724	-23.08669	174.25957	5570.215184211731
59	4.077337	299.33038	79.680466	-2629.457	1619.2494	67.738396	1673.1782	1466.9132	-77.80294	33.86074	-38.268917	-161.33972	1546.901	61.880764	1644.2748	1447.8345	1598.6384	90.397804	1768.7281	1467.2642	50.63291	1000.0	38.6	1000.0	1000.0	235999	17.754934	86.45786	1148.6282	-672.1472	17.749647	86.49375	1150.288	-659.7374	-23.569382	172.30978	5667.760922431946
60	28.51421	29.839598	76.93798	-57.964123	1596.7693	65.91373	1756.1492	1554.7894	-69.48499	11.554822	-49.714172	-86.19316	1582.2686	67.060326	1730.8873	1530.169	1568.2147	69.133804	1661.1373	1458.8617	47.10588	1000.0	29.4	1000.0	1000.0	239999	17.735092	89.57489	1133.2905	-671.92065	17.729252	89.60637	1119.3712	-650.7309	-23.957312	174.00465	5772.65291762352
61	7.5058217	224.6332	68.8214	-1947.8242	1603.1912	65.86916	1761.6066	1561.1208	-69.39466	20.907593	-47.2999	-114.13629	1577.3961	65.51979	1649.6256	1442.2435	1594.2986	45.019955	1664.6464	1562.9885	51.48718	1000.0	31.5	1000.0	1000.0	243999	17.369373	90.88611	1168.7255	-784.77325	17.363049	90.942024	1176.5245	-695.0423	-23.214802	229.68279	5869.844745874405
62	44.966915	91.759094	845.4509	-45.537582	1519.518	60.394886	1640.3008	1438.0717	-73.2932	23.733643	-40.613632	-122.30335	1590.6907	67.31754	1642.5505	1440.7206	1558.7222	59.297943	1639.0732	1438.9471	47.261906	1000.0	37.1	1000.0	1000.0	247999	18.936129	93.32352	1196.5325	-711.49255	18.930574	93.39369	1208.8928	-701.68176	-24.863468	223.4638	5967.402209997177
63	-47.13275	735.06506	69.34179	-6493.591	1581.5896	60.702957	1663.6956	1462.3093	-73.682724	20.83535	-54.187138	-129.86195	1579.3643	64.60981	1651.045	1446.9462	1602.9908	66.53483	1665.4819	1462.4534	51.410255	1000.0	31.0	1000.0	1000.0	251999	19.401516	94.82474	1317.3148	-771.28503	19.39675	94.88342	1308.6924	-721.5794	-25.527168	250.78087	6063.898970603943
64	-30.186422	470.94507	71.534874	-4262.589	1606.526	49.676487	1670.1384	1558.2023	-79.47537	30.876583	-48.65662	-135.99612	1571.7252	87.54583	1752.1182	1450.1799	1595.176	77.94778	1765.9635	1465.1316	49.17073	1000.0	34.8	1000.0	1000.0	255999	18.902294	95.328064	1433.2084	-727.69366	18.90124	95.36219	1429.899	-722.2443	-24.994364	243.55	6160.938594579697
65	22.613491	30.051514	66.85829	-82.492935	1613.4529	50.19462	1665.7041	1561.9264	-63.852253	9.103637	-52.500122	-80.68464	1581.5771	49.085697	1643.2067	1540.6198	1613.6832	66.66388	1762.1315	1561.1906	42.20213	1000.0	28.7	1000.0	1000.0	259999	18.137117	93.84455	1414.4994	-743.1873	18.136393	93.88379	1418.8086	-739.64166	-24.36441	244.7451	6256.512779951096
66	2.2009332	255.35895	61.179638	-2338.5945	1569.732	82.43988	1660.0966	1459.4003	-60.722393	8.353473	-46.997402	-74.62391	1567.0813	77.86102	1736.4417	1435.589	1569.6858	54.756702	1662.9777	1459.9916	46.523254	1000.0	29.6	1000.0	1000.0	263999	17.163582	92.35338	1342.4637	-826.2744	17.157803	92.398674	1357.3506	-818.50696	-23.533926	266.8383	6354.039954900742
67	35.06925	27.176052	79.72168	-51.196712	1582.6212	63.587456	1654.1958	1456.6077	-74.35103	18.593195	-52.825935	-107.61384	1540.6638	70.64959	1653.6625	1448.3335	1602.3601	49.92849	1654.9084	1551.4287	45.804596	1000.0	31.8	1000.0	1000.0	267999	15.804257	92.91305	1228.3044	-898.1671	15.796304	93.00464	1211.2078	-928.1536	-22.93223	259.92444	6451.037970304489
68	38.371063	27.679459	78.48289	-48.15984	1604.1604	48.780315	1666.1239	1561.4635	-74.39168	19.529356	-39.457912	-111.85648	1597.9592	91.5329	1738.3732	1438.6804	1652.169	54.125214	1762.1068	1558.7744	49.0	1000.0	32.3	1000.0	1000.0	271999	15.155156	92.77557	1221.3312	-989.9502	15.149914	92.83809	1228.4064	-1039.1471	-22.566631	280.86267	6547.691205024719
69	40.5737	112.155685	962.40826	-83.607315	1575.049	60.302288	1657.3308	1457.3921	-80.02678	27.91429	-56.288864	-134.17653	1598.4456	79.910126	1739.92	1536.0477	1595.1282	49.42222	1656.4719	1552.6199	52.55263	1000.0	32.9	1000.0	1000.0	275999	14.348871	87.41264	1147.5586	-1050.8508	14.346566	87.47817	1138.2625	-1056.8744	-21.88331	268.086	6647.2854590415955
70	31.60872	28.540293	88.02803	-74.004555	1597.1517	65.90194	1757.329	1555.4509	-63.151726	12.996774	-43.271355	-86.510605	1613.073	75.32014	1733.1559	1531.4335	1616.1758	65.27834	1753.4193	1555.9792	50.848103	1000.0	28.7	1000.0	1000.0	279999	12.324596	79.37096	1087.5209	-884.35785	12.318695	79.40242	1099.3458	-925.4925	-19.690598	243.4867	6744.1259644031525
71	31.294735	25.86832	78.920105	-56.564022	1583.1538	88.05997	1765.3694	1461.6332	-64.570755	20.04039	-36.95033	-102.23464	1574.3391	78.48909	1745.6221	1442.7762	1613.3297	50.114918	1665.5084	1561.2078	48.707317	1000.0	26.5	1000.0	1000.0	283999	11.096098	73.9633	1001.1106	-995.4198	11.09194	74.01617	991.8296	-956.2424	-18.03631	250.84828	6848.7436945438385
72	-32.722332	620.21497	77.7778	-5254.3457	1617.0553	49.33711	1668.2573	1566.6543	-73.96386	18.360382	-50.878242	-110.71497	1581.168	79.9075	1739.9585	1441.5522	1606.6741	67.11886	1768.4172	1563.3231	55.333332	1000.0	31.5	1000.0	1000.0	287999	10.342025	69.4854	949.21704	-929.8707	10.337747	69.54006	958.6492	-883.02155	-16.954355	207.70613	6945.20978474617
73	-10.852975	409.74506	69.67966	-3736.159	1625.2693	79.05769	1766.1019	1555.7771	-62.1874	11.621107	-50.317608	-93.01352	1604.1472	48.91421	1646.2125	1542.5757	1616.2356	90.74672	1766.9056	1468.3302	48.059525	1000.0	25.1	1000.0	1000.0	291999	8.07114	61.979923	874.39026	-1016.36786	8.063062	62.030872	871.14996	-1058.9097	-14.1688	221.64229	7045.657028913498
74	34.413986	23.289305	90.06575	-28.346796	1615.8397	50.50486	1667.7582	1563.0042	-77.54597	26.862713	-51.95145	-142.80116	1621.0515	39.59921	1644.47	1540.4225	1584.3479	38.954952	1662.2563	1561.37	47.440475	1000.0	31.6	1000.0	1000.0	295999	5.5518126	54.28916	777.25385	-958.406	5.551535	54.318157	762.01764	-873.1498	-11.411458	193.77188	7143.42245221138
75	39.95223	24.851427	76.60311	-57.62628	1592.8768	78.70667	1766.8938	1463.4304	-69.67323	20.631046	-51.014717	-112.58251	1563.7732	63.917583	1732.7692	1530.5985	1622.5692	67.02204	1762.8271	1559.5264	47.14118	1000.0	35.0	1000.0	1000.0	299999	4.693866	49.448833	697.0383	-976.68005	4.68875	49.479027	702.3129	-990.8176	-10.529246	157.11014	7239.518847703934
76	34.865845	26.531864	80.86828	-91.37424	1598.1868	49.01847	1659.1611	1553.2904	-58.694714	12.615412	-34.24787	-75.7717	1595.9541	80.067955	1744.3572	1446.9404	1567.7415	53.37524	1657.3342	1457.9138	47.32143	1000.0	31.7	1000.0	1000.0	303999	4.786071	47.11978	694.22955	-1037.8612	4.782496	47.168705	703.17725	-1058.8024	-11.039302	252.35858	7335.680058002472
77	36.40523	23.181686	79.57254	-76.76689	1600.2126	46.982388	1672.7118	1566.7694	-64.94799	19.174078	-45.187935	-101.1606	1576.1204	45.833294	1646.6509	1543.8701	1590.2742	60.426548	1673.279	1469.9644	47.940475	1000.0	32.1	1000.0	1000.0	307999	5.2798176	44.841347	686.14484	-1157.6776	5.2742143	44.893753	670.52783	-1121.0632	-11.229671	200.78691	7434.98122382164
78	49.997272	19.388956	82.88182	-18.098574	1626.1887	92.461395	1768.0215	1462.63	-83.34082	37.984657	-42.18208	-170.68462	1625.3483	61.24182	1744.5411	1541.6713	1607.416	91.75913	1767.5145	1465.8921	52.644737	1000.0	37.7	1000.0	1000.0	311999	5.2342553	44.069164	664.5334	-1143.9692	5.2279177	44.10937	689.9526	-1077.388	-10.890043	174.80081	7530.939335823059
79	-2.811236	345.88586	68.59215	-2972.5234	1580.9148	74.78886	1760.593	1459.0012	-68.9729	18.76569	-40.921432	-104.19246	1558.6628	60.553524	1640.7034	1438.3641	1620.001	49.75607	1663.3665	1557.5084	53.253334	1000.0	32.4	1000.0	1000.0	315999	4.286998	44.873264	622.11694	-1235.0962	4.279961	44.957188	646.3193	-1261.7964	-9.806975	219.33978	7627.083359718323
80	38.097355	20.039492	74.86801	-27.619799	1577.8877	46.58904	1650.3177	1544.8114	-82.943054	24.747128	-40.130573	-132.35101	1592.8367	91.90184	1735.1746	1430.5026	1607.48	80.65096	1749.1875	1543.8303	47.17857	1000.0	34.2	1000.0	1000.0	319999	3.490543	45.18892	638.7673	-1206.5471	3.4865222	45.23597	650.7162	-1284.2075	-9.06536	213.62741	7726.546915769577
81	23.480469	27.956448	62.59965	-151.89687	1604.471	91.41327	1765.5458	1462.5902	-70.95671	20.321823	-46.950752	-109.53214	1544.2656	83.52069	1734.6974	1433.6425	1563.863	64.326004	1665.7655	1458.2516	43.258064	1000.0	34.1	1000.0	1000.0	323999	1.6397263	49.90583	563.9251	-1169.6407	1.6332545	49.968178	545.81915	-1192.939	-7.5190253	240.27234	7822.904220342636
82	39.130985	21.857346	85.68366	-21.047056	1585.0491	75.291275	1766.3812	1463.7589	-70.22426	21.45612	-33.64408	-108.536095	1582.2842	91.04078	1741.9896	1441.6952	1636.3958	64.19619	1766.8662	1564.8389	48.914635	1000.0	36.6	1000.0	1000.0	327999	-0.36157626	54.176777	561.28687	-1348.8534	-0.36807212	54.23807	561.23596	-1313.9451	-5.7401867	272.21106	7918.440094709396
83	37.615047	25.984058	73.79055	-76.687416	1570.5818	63.593353	1673.4365	1468.1932	-66.72321	16.461996	-42.259216	-103.219505	1568.1224	87.255196	1748.1033	1446.8453	1671.8223	78.350494	1774.7471	1569.3274	48.409637	1000.0	35.8	1000.0	1000.0	331999	-0.2185747	54.735485	483.60236	-1329.1917	-0.22754484	54.774757	473.44733	-1458.9991	-5.7525673	275.78284	8020.466104984283
84	39.284046	29.883589	92.01271	-96.05141	1573.626	40.079582	1655.6508	1551.7086	-64.22035	26.663609	-27.114882	-126.38184	1572.3345	60.78104	1655.0573	1451.6256	1593.1926	81.01926	1756.4814	1449.6542	47.46988	1000.0	35.6	1000.0	1000.0	335999	0.32470736	55.417847	494.8567	-1353.5597	0.31622782	55.47594	521.0544	-1316.1268	-6.068046	241.78906	8117.269408941269
85	34.703644	23.584587	76.465034	-51.311817	1556.0227	69.02051	1665.6595	1466.9385	-70.84929	13.597414	-42.008068	-89.1488	1632.5349	78.72516	1736.1779	1526.8326	1597.6804	45.57361	1669.1152	1566.2549	44.164837	1000.0	36.2	1000.0	1000.0	339999	0.64150494	58.37585	454.2299	-1404.8103	0.6319988	58.42595	462.26605	-1434.9451	-6.3340883	218.6436	8214.188712120056
86	34.576946	22.850655	80.89335	-56.797028	1582.4597	74.96505	1763.563	1465.085	-73.551094	25.670698	-48.67696	-140.15579	1588.3068	79.13874	1728.6202	1527.6344	1652.2574	70.03617	1763.1849	1560.8248	43.72826	1000.0	35.4	1000.0	1000.0	343999	-0.32310534	59.750782	422.23483	-1405.8483	-0.330245	59.79975	423.60376	-1397.6329	-5.26467	261.1102	8310.588846445084
87	33.856743	28.274689	69.932594	-44.97337	1575.6998	60.476418	1656.6791	1453.0094	-71.975784	16.355795	-43.52877	-100.12727	1557.5756	59.768322	1641.7089	1437.9131	1624.6521	90.4058	1755.659	1453.998	47.963856	1000.0	30.9	1000.0	1000.0	347999	-1.0758915	60.62889	424.35764	-1342.9799	-1.0801938	60.67901	376.2374	-1327.2402	-4.46641	237.39642	8408.073035478592
88	38.210476	25.627506	82.09543	-62.063793	1563.0427	63.081215	1665.2518	1461.0365	-74.21895	28.852211	-46.030334	-134.33727	1520.4467	54.184353	1628.9127	1427.9164	1642.6494	60.167793	1762.4734	1561.096	46.08046	1000.0	33.5	1000.0	1000.0	351999	-1.2458009	64.279884	337.89124	-1388.6772	-1.2517558	64.327736	338.63956	-1412.9111	-4.229891	208.47412	8505.756771087646
89	38.6652	22.229168	83.49801	-58.828156	1590.7094	63.93886	1662.9664	1459.8674	-67.662605	14.774569	-48.16322	-104.61215	1610.4607	74.347404	1728.5082	1528.9076	1610.7546	102.42223	1761.9421	1462.564	44.01099	1000.0	30.8	1000.0	1000.0	355999	-0.83676916	64.2441	327.88776	-1361.0342	-0.8397666	64.2696	348.2732	-1361.162	-4.4669275	229.14342	8601.805175542831
90	59.67061	168.77762	1517.9249	-47.21864	1585.5332	58.77976	1664.4344	1467.8135	-72.10519	20.507004	-45.262936	-108.85759	1551.66	58.966595	1630.5302	1432.69	1585.2653	38.728065	1664.4156	1562.5037	51.688313	1000.0	33.5	1000.0	1000.0	359999	-1.5518885	68.27459	433.08557	-1461.0642	-1.5565618	68.28265	394.02347	-1434.5027	-3.6493804	237.78062	8698.898347854614
91	48.21232	22.362003	102.54622	-49.7134	1605.6877	49.93627	1667.912	1562.9994	-58.68586	9.095308	-42.960693	-74.30809	1562.1561	86.54466	1743.9733	1444.1692	1615.5199	50.81071	1668.3427	1563.344	50.1875	1000.0	31.1	1000.0	1000.0	363999	-0.6758778	67.915375	534.122	-1505.4547	-0.672244	67.95729	506.4154	-1428.2878	-4.2765646	212.9976	8795.332365751266
92	39.85978	24.157862	81.43518	-41.29866	1621.919	45.995132	1654.794	1550.624	-75.98988	30.791224	-39.929573	-153.05923	1561.5819	75.55424	1642.8899	1437.1506	1622.533	78.84732	1752.5188	1549.9788	46.964706	1000.0	37.3	1000.0	1000.0	367999	-0.62989557	69.534485	605.66516	-1406.9163	-0.62999016	69.54443	584.76245	-1413.7849	-4.6692266	269.9095	8901.580502271652
93	42.63121	15.954101	63.65556	-15.705052	1598.1367	77.895744	1768.4135	1468.3578	-58.161903	14.287415	-40.46989	-92.01593	1559.6553	46.436615	1631.9851	1526.7793	1557.3782	55.136368	1671.6992	1465.7871	49.592594	1000.0	28.0	1000.0	1000.0	371999	-0.09527103	68.45524	609.93	-1398.3947	-0.095201544	68.42533	653.539	-1396.9752	-5.426208	258.2176	8997.753846883774
94	38.750122	20.133667	106.268265	-10.519514	1671.6869	47.617268	1773.0891	1560.9241	-69.686775	16.345488	-50.434486	-102.29563	1551.0112	64.22172	1621.4154	1417.1788	1624.7773	67.90487	1677.4954	1472.7633	47.270588	1000.0	33.2	1000.0	1000.0	375999	0.38886246	67.96104	610.60834	-1318.297	0.38604566	67.97	646.73987	-1338.9105	-5.790093	229.53416	9093.479724407196
95	41.023037	19.56394	79.15445	-19.835012	1607.3767	92.94425	1758.7506	1453.2848	-65.48943	27.341606	-39.541565	-116.95041	1577.7488	65.1573	1650.2125	1444.246	1609.0889	80.975426	1758.6412	1458.4855	48.621952	1000.0	30.8	1000.0	1000.0	379999	1.2630225	66.13583	690.11365	-1378.0247	1.2624176	66.14955	702.11255	-1336.7264	-6.425446	244.19553	9190.911754131317
96	41.788795	22.98906	85.3269	-17.325216	1594.8162	64.230675	1667.6288	1462.3802	-66.15922	24.143187	-36.299168	-105.0684	1584.3042	49.20963	1646.6338	1542.2858	1614.359	92.47066	1767.2102	1463.7511	50.455696	1000.0	34.8	1000.0	1000.0	383999	1.5799717	64.38788	687.06915	-1340.0837	1.576553	64.39517	694.1446	-1295.7726	-6.4325986	217.27635	9287.59162569046
97	42.258156	20.951565	83.30039	-31.803095	1609.8528	67.98007	1760.3884	1555.7094	-70.11783	30.343538	-26.6935	-122.866455	1556.3098	77.88323	1742.6348	1427.632	1619.5714	80.92107	1759.0359	1457.7012	51.24359	1000.0	35.3	1000.0	1000.0	387999	2.4079177	61.36334	744.0645	-1285.9855	2.4017537	61.388557	749.0135	-1303.4739	-7.231848	203.59103	9384.651820659637
98	34.64943	19.188171	66.0234	-19.760847	1634.4998	103.69179	1769.2587	1450.576	-73.15501	22.933598	-35.47659	-108.36555	1509.0166	54.17999	1619.0168	1417.0498	1601.4163	80.07455	1668.1046	1456.8489	46.88372	1000.0	40.6	1000.0	1000.0	391999	3.0631607	61.096798	766.0929	-1281.0654	3.0627234	61.160038	730.3013	-1420.4099	-8.06448	202.51353	9482.175490617752
99	35.802254	25.674726	101.284134	-26.544233	1594.1179	101.717155	1765.836	1458.962	-85.47996	22.588406	-54.385525	-138.10077	1529.0496	94.487625	1619.7904	1318.748	1605.8114	81.18707	1669.5338	1461.3944	50.0125	1000.0	38.5	1000.0	1000.0	395999	4.0828767	60.902893	804.5026	-1330.5826	4.0814123	60.93239	817.2077	-1332.805	-9.142559	195.13326	9578.76099038124
100	44.458828	20.76932	78.54893	-33.555977	1663.2969	77.26105	1764.9269	1561.1431	-55.997383	14.05413	-36.168274	-82.65641	1605.7928	90.28834	1746.253	1447.669	1602.894	66.741035	1762.9363	1561.0002	51.727272	1000.0	36.6	1000.0	1000.0	399999	5.39066	59.705463	922.4624	-1275.7668	5.3885493	59.711926	919.1924	-1275.8601	-10.496291	171.1159	9677.950788974762
