Epoch	AverageEpRet	StdEpRet	MaxEpRet	MinEpRet	AverageTestEpRet	StdTestEpRet	MaxTestEpRet	MinTestEpRet	AverageTransferEpRet	StdTransferEpRet	MaxTransferEpRet	MinTransferEpRet	AverageRandomEpRet	StdRandomEpRet	MaxRandomEpRet	MinRandomEpRet	EpLen	TestEpLen	TransferEpLen	RandomEpLen	TotalEnvInteracts	AverageQ1Vals	StdQ1Vals	MaxQ1Vals	MinQ1Vals	AverageQ2Vals	StdQ2Vals	MaxQ2Vals	MinQ2Vals	AverageLogPi	StdLogPi	MaxLogPi	MinLogPi	LossPi	LossQ	Time
1	3.1341212	3.2165704	12.399503	-6.8451962	21.185684	5.2189307	33.231823	16.382212	36.531803	24.675692	107.40332	19.740334	35.14395	33.317253	133.91414	17.385572	17.181034	25.8	52.7	58.5	3999	5.7400727	4.6782813	21.633093	-5.5117893	5.7401967	4.678374	21.888662	-5.660644	-2.636382	1.5517467	7.0505905	-13.334906	-6.8484426	0.4125931	46.04470443725586
2	2.5870547	3.558628	13.131965	-9.404105	17.518204	4.3922625	23.660946	10.494072	23.259823	12.446355	46.85783	11.106083	25.971094	14.064497	60.656002	11.075188	17.333334	25.4	31.4	40.2	7999	12.072327	9.704353	39.395535	-5.7573314	12.07239	9.70535	39.309868	-5.6969695	-1.1962618	2.12489	13.186083	-13.399015	-13.9087925	0.7686636	106.044757604599
3	11.101826	46.44176	324.5553	-6.913627	90.370255	83.66454	321.89322	38.95754	55.129597	10.855459	71.09484	40.51398	62.222374	18.296982	93.228226	37.660175	31.838709	143.6	76.8	93.3	11999	25.094738	26.996857	114.75016	-6.9110065	25.094343	26.998833	115.07629	-7.323658	0.9823454	3.7645013	19.820742	-14.061232	-29.856588	4.990593	168.15533924102783
4	63.611584	69.386696	323.93704	3.3316274	185.64975	71.19088	319.09222	112.84805	167.85178	103.3538	345.38492	72.48507	137.37837	89.58051	395.56647	83.97012	128.83871	341.5	322.0	224.6	15999	43.42761	36.148293	116.66415	-7.4113216	43.427845	36.15021	115.6686	-6.799512	1.6743752	3.7537398	26.17323	-12.677917	-47.79235	11.747395	239.85048627853394
5	370.426	210.35759	664.2207	102.912636	227.64456	180.44832	656.7437	106.08655	216.98904	165.34743	690.49646	92.4983	202.0812	153.94458	650.2944	65.74243	620.6667	322.2	295.6	283.7	19999	50.203106	35.306786	114.13432	-10.307748	50.20289	35.31099	114.64925	-9.194046	1.7945409	3.5779476	25.170816	-14.698998	-53.61761	11.179012	313.3541352748871
6	298.27386	192.6804	630.01056	70.44902	444.7027	168.45697	671.2602	145.79968	503.50635	187.26096	697.80896	154.96877	476.5362	185.92732	652.7333	189.31427	508.85715	782.6	796.2	793.3	23999	58.471367	35.904133	113.9179	-9.141452	58.471195	35.908993	113.644936	-9.706284	1.7594078	3.427706	26.030592	-12.322177	-61.30266	9.485107	403.7286710739136
7	243.861	232.16861	633.9757	21.01944	591.0918	112.98008	678.13544	332.13788	591.13354	29.995993	659.96265	555.32227	500.44687	141.99985	621.82355	133.4061	415.4	937.7	1000.0	887.8	27999	61.54572	34.105057	120.915085	-11.065426	61.545074	34.109417	118.71486	-10.622976	1.4959917	3.3123984	23.235569	-12.601809	-64.01823	8.758441	500.0449798107147
8	571.30804	29.231297	617.0613	535.85004	295.25214	124.11387	644.90735	144.91649	372.1524	191.76765	699.9114	208.31737	392.04648	167.49208	628.6444	241.87651	972.75	427.5	562.8	624.0	31999	62.778793	31.280466	102.9854	-10.707142	62.777954	31.286272	102.37805	-10.4281435	0.87896085	3.0855744	23.324291	-15.034253	-64.69664	7.414767	581.2468066215515
9	526.48364	141.62424	695.72394	277.40067	503.27545	94.868614	683.1748	372.12265	438.97964	105.137825	550.5753	174.5372	509.9768	89.52064	682.45654	398.10333	798.8	763.1	658.1	778.8	35999	64.51297	29.056288	121.19382	-10.895998	64.51292	29.06154	108.52448	-14.255126	0.43074277	3.064888	20.955153	-14.334822	-66.20859	6.5572515	672.4717175960541
10	659.10406	39.25743	720.8934	613.4355	696.7284	6.7803493	713.7623	690.90826	701.6566	14.712778	726.0649	669.2613	700.5782	8.884671	715.88873	689.8812	1000.0	998.6	994.1	998.8	39999	66.00037	27.785315	100.40445	-9.504949	66.0003	27.790216	99.907906	-25.266787	0.08759017	2.9634182	20.077635	-15.449741	-67.50684	5.56854	772.7493543624878
11	640.6524	47.00197	700.57654	582.59174	382.15045	140.76442	683.075	253.69055	470.45892	185.649	709.45966	266.29248	446.11362	193.17041	658.9989	232.79059	1000.0	550.8	694.2	671.9	43999	68.28979	26.68439	97.44782	-15.3219595	68.29004	26.687674	96.97746	-18.746891	-0.25267804	2.930818	20.149754	-13.342066	-69.67938	4.3607388	857.6966655254364
12	644.24194	23.019522	670.1057	609.7082	569.3782	201.71786	680.3365	-4.3570886	653.74756	50.485218	755.52905	581.20056	641.7596	31.5707	675.0255	586.4982	1000.0	869.7	1000.0	1000.0	47999	70.3486	26.038244	96.584755	-13.132939	70.34833	26.041754	96.90651	-24.030867	-0.47418144	2.9368527	22.372744	-13.664257	-71.66391	4.0379496	955.9317018985748
13	643.559	20.717726	676.1876	619.7601	540.6019	142.57738	702.9623	327.27353	489.8167	217.14789	785.2228	138.81056	470.4266	171.3094	703.7319	201.66237	1000.0	844.2	712.6	713.0	51999	72.59429	25.568167	109.35733	-16.328701	72.59416	25.57091	109.02554	-21.490156	-0.5655642	2.9443493	21.22702	-13.327411	-73.928024	4.155117	1049.8771662712097
14	600.0369	129.68272	684.6666	343.7176	360.84708	144.78442	591.7098	209.22417	492.3383	161.63916	684.5222	241.0767	345.34198	175.00168	684.4431	220.17723	916.4	576.3	776.2	505.0	55999	75.245544	24.891603	98.73183	-24.862715	75.24573	24.893919	98.709496	-49.583927	-0.7857785	2.83113	20.626446	-14.742267	-76.45439	3.6727111	1138.6145176887512
15	685.566	23.941515	714.837	650.64246	236.73799	18.730076	263.842	198.55577	331.83344	162.00922	594.9431	185.52373	299.50836	174.97092	661.0064	154.78535	1000.0	345.1	531.2	457.7	59999	77.99848	24.818394	101.37559	-26.67451	77.99832	24.821003	101.0857	-49.762543	-0.8464068	2.8482091	20.522797	-12.787161	-79.19375	3.5540738	1219.6001977920532
16	577.9817	205.11365	706.94116	222.94496	534.6131	163.15343	695.0149	269.025	432.9261	160.58374	694.3167	261.65558	461.91913	179.17032	692.68036	250.03651	850.75	837.4	665.1	710.6	63999	80.64377	24.597218	103.04085	-17.955057	80.64358	24.600342	102.27892	-33.49486	-0.91804945	2.832517	21.314283	-14.076708	-81.80997	3.547857	1310.6557321548462
17	679.1017	4.502893	685.33154	674.3451	579.19995	185.73164	701.1127	242.97821	430.11914	182.277	778.50757	234.99347	502.3172	165.20158	700.56995	265.96445	1000.0	824.5	629.2	738.4	67999	83.43115	24.168844	103.85132	-19.037289	83.43154	24.168884	103.61326	-30.958069	-1.0246758	2.8664749	24.373724	-14.165108	-84.59525	3.6576202	1403.7571957111359
18	690.7791	22.76357	715.2838	654.0117	528.2442	118.85879	668.6257	298.5753	562.0697	183.98466	700.98126	175.81747	602.68665	130.35468	701.2998	258.73865	1000.0	790.5	830.1	888.2	71999	85.88406	24.246962	106.44005	-30.200655	85.88394	24.249132	106.43012	-35.89823	-1.1285475	2.790983	21.767899	-13.260189	-87.00345	3.7099893	1496.5158162117004
19	674.52277	26.154432	715.1228	651.1427	212.95569	50.63769	318.66617	157.88324	471.40887	222.24565	693.81647	190.06949	210.59258	36.319965	294.86865	163.78265	1000.0	292.6	710.3	291.3	75999	88.37325	24.079676	108.798775	-41.365353	88.37317	24.08183	108.200165	-60.708485	-1.1747221	2.849786	25.634893	-12.74718	-89.50678	4.092953	1572.857708454132
20	685.3142	17.66237	714.62115	669.5963	357.00336	177.1817	624.26465	188.06657	555.4739	175.7516	697.5679	184.21458	361.00992	192.65155	694.14404	176.90533	1000.0	539.2	855.3	535.3	79999	90.52565	23.842903	110.07954	-44.640102	90.52552	23.844164	110.047325	-23.57249	-1.2757809	2.822152	27.181156	-12.901378	-91.649635	3.751458	1659.547238111496
21	619.57916	154.38731	720.4766	312.76	265.77026	111.740944	488.9367	147.17653	251.62314	167.42213	714.08307	134.221	225.45467	98.082	482.47742	158.08992	902.2	368.2	342.2	307.7	83999	92.6591	23.760496	111.728714	-27.879732	92.65895	23.762438	111.437874	-44.085514	-1.3134181	2.8099618	26.797533	-12.532629	-93.76045	3.5767841	1735.5682299137115
22	649.5198	48.254734	695.8646	569.39496	518.79706	174.94888	803.3785	245.6724	522.92346	115.99154	699.79236	371.4521	492.7731	125.74847	705.26605	266.97794	1000.0	749.0	802.4	712.8	87999	94.30981	23.385399	113.06839	-49.297626	94.30983	23.387749	113.24954	-76.64216	-1.3363554	2.8290706	27.426144	-14.315865	-95.38262	3.6631088	1825.0623896121979
23	680.7483	30.76258	719.19965	636.2773	474.3286	198.23804	756.46045	179.54622	331.98264	209.28583	653.10974	160.4302	375.65668	181.37721	654.46936	188.9602	1000.0	682.6	480.6	538.4	91999	95.75821	23.391361	114.55495	-36.92222	95.75841	23.390339	114.426094	-20.26693	-1.3832881	2.8131273	20.96048	-13.763339	-96.815796	3.8604624	1908.125613451004
24	561.1627	130.71281	683.7909	346.63522	433.54752	157.17026	782.4835	184.56221	426.72565	161.00632	729.59625	186.28671	338.81024	190.27144	776.0311	173.46541	894.5	607.6	606.2	466.5	95999	97.21939	23.359814	115.92622	-41.05749	97.21941	23.360521	115.8285	-47.586647	-1.4798695	2.7236905	26.059067	-13.289748	-98.26583	3.784482	1996.6597492694855
25	647.8728	21.65819	669.6586	622.44824	233.28731	62.367443	328.06754	155.34737	295.92398	188.13756	652.1151	146.64491	283.61093	55.78414	369.30273	175.26027	1000.0	316.1	439.8	390.8	99999	98.7118	22.584427	117.60424	-37.17242	98.71172	22.584553	117.33815	-37.390194	-1.5234691	2.7867029	32.323814	-14.430252	-99.75889	3.7912943	2074.0045313835144
26	678.923	17.40933	702.421	655.21246	-4.1023636	6.5015535	2.1499527	-20.636759	-7.295085	3.9298959	-2.3849413	-16.032782	-5.7937775	3.657353	0.9482268	-12.016935	1000.0	32.3	23.2	27.4	103999	100.22941	21.713146	158.54984	-90.22629	100.22985	21.714937	160.99913	-72.12416	-1.5101982	3.0394824	36.936172	-15.0118265	-101.33038	4.841494	2136.764048576355
27	237.85109	311.54715	684.642	-6.6603374	299.81284	175.76857	756.5126	152.15442	289.56464	179.46362	782.73224	95.227905	269.67728	84.74117	392.92538	140.35315	362.0	396.6	378.7	368.1	107999	101.38622	22.669027	159.53528	-109.80217	101.38601	22.66941	160.01945	-86.781006	-1.5791907	2.8188863	43.556007	-13.302306	-102.49201	5.4060106	2211.623784303665
28	562.503	175.91725	686.9495	258.90683	371.1795	110.60002	504.79074	184.0301	406.05093	230.82423	779.76685	193.72537	299.96695	118.24697	468.9096	166.49	846.0	464.4	538.4	382.5	111999	102.31202	22.36909	126.163864	-57.108746	102.31222	22.371202	126.21885	-58.930527	-1.7891982	2.598362	30.95364	-13.218483	-103.33016	3.816379	2292.102883338928
29	664.93164	11.844328	682.22906	648.98254	524.75275	278.711	800.08673	4.3622446	309.80875	237.45094	785.8187	27.938107	333.67465	182.0404	782.2083	173.476	1000.0	667.7	394.8	443.1	115999	103.45563	22.445904	128.07451	-112.85294	103.45542	22.447605	127.71883	-97.03979	-1.7673851	2.6479242	40.79178	-13.226177	-104.445465	3.951787	2374.6784224510193
30	450.67505	316.7938	691.13165	2.7240617	289.41965	75.993385	409.90012	180.70709	335.03003	206.09602	801.9529	153.97769	266.53284	94.19712	395.77786	137.69406	674.1667	383.0	457.2	359.4	119999	104.24304	22.907259	126.18437	-49.759903	104.24318	22.908432	132.10258	-49.589554	-1.8467263	2.5315788	23.308826	-13.495855	-105.20994	3.7449992	2446.1581797599792
31	681.18604	16.428087	700.61414	658.64636	388.37894	169.00821	709.10803	155.52225	617.4943	159.11697	804.00616	219.4944	429.0039	220.22282	748.75256	156.02031	1000.0	577.9	906.2	638.6	123999	105.16658	23.05549	122.4662	-66.31189	105.16709	23.05642	122.32379	-62.861294	-1.8645922	2.5505807	35.206596	-12.973311	-106.170746	3.4474325	2527.5396251678467
32	142.71327	280.06943	705.9521	-19.963617	630.6863	70.84699	731.9173	559.17896	630.63654	61.31223	728.8485	563.5083	603.19006	63.92877	736.07385	563.24756	241.83333	1000.0	1000.0	1000.0	127999	106.89673	22.845568	180.50208	-46.605587	106.89733	22.847376	176.79306	-41.742992	-0.5205721	4.4121265	79.892204	-14.966692	-108.8275	8.100637	2619.8774807453156
33	680.1327	32.80134	736.74756	658.8933	456.67197	132.4427	610.20984	265.97717	479.49454	162.53096	690.2642	239.3516	412.9415	164.09424	687.06903	218.71684	1000.0	685.2	730.8	631.1	131999	112.88541	25.349903	142.37093	-92.675606	112.88568	25.347073	143.96196	-56.388622	-1.113916	2.7414415	27.35849	-14.558032	-114.167435	5.7291074	2701.342435836792
34	739.942	22.735977	765.3117	703.2131	549.4301	141.025	706.21405	259.2995	632.0493	67.64892	707.2098	512.2465	519.5775	150.41968	702.71234	233.23286	1000.0	802.5	934.9	769.1	135999	113.52351	23.538864	132.7264	-90.26614	113.52353	23.538927	132.09172	-88.00636	-1.8232903	2.720767	29.638643	-15.613501	-114.521935	4.8010235	2791.488880634308
35	690.3967	13.552372	706.7011	669.21936	594.9273	148.86795	800.5928	219.55904	503.52496	149.58966	799.41	256.41827	516.7584	148.76819	704.50464	217.28333	1000.0	922.1	859.9	846.0	139999	113.4404	22.216793	130.6132	-41.44875	113.44041	22.218142	130.08936	-77.32587	-1.8548534	2.6332624	26.339888	-13.67871	-114.44354	4.3016534	2879.872972011566
36	684.636	12.391529	695.597	664.56696	423.1494	167.48903	702.50854	218.40115	424.5664	208.85999	745.6866	210.11745	351.96762	163.58241	605.6532	217.93274	1000.0	619.6	610.0	524.3	143999	113.64701	21.787828	133.74336	-62.54199	113.64699	21.785957	134.65341	-54.251865	-1.815982	2.5988307	30.842901	-13.085976	-114.636505	4.3239064	2956.6747331619263
37	693.15784	13.541211	714.08606	677.0431	419.248	186.74312	700.54285	207.31863	425.94003	206.17987	700.48535	130.74774	395.6195	183.345	699.7888	193.9337	1000.0	657.0	703.2	624.5	147999	113.85606	21.322426	142.12894	-50.957886	113.85639	21.322363	138.11934	-23.630913	-1.8866658	2.5681546	29.7281	-12.873243	-114.835	4.369431	3036.7529809474945
38	693.55786	8.337553	702.7553	680.7928	509.25986	150.33789	637.40643	305.38574	544.09814	191.06361	798.94196	277.03537	497.91412	158.78934	721.7237	307.36633	1000.0	814.2	761.0	697.9	151999	114.17548	20.885185	148.33292	-53.17191	114.17553	20.886938	147.0944	-54.32843	-1.9719241	2.565945	29.348438	-12.48117	-115.15636	4.314661	3120.4862508773804
39	693.30786	18.614325	704.4849	661.07355	467.80145	142.21646	706.2581	341.07993	494.32364	155.81302	801.3151	293.06577	373.42307	36.462345	450.3296	326.45126	1000.0	714.3	750.1	623.4	155999	114.7957	20.44727	145.39908	-87.81688	114.7958	20.447117	146.6819	-40.409306	-2.0763235	2.529015	31.393442	-12.246872	-115.771	3.968708	3201.604817867279
40	705.0732	8.8797655	715.418	694.84796	521.2509	211.2163	797.8652	181.29733	617.29285	180.9793	800.07697	176.58162	591.23834	225.85129	796.13184	202.4738	1000.0	747.7	850.3	748.0	159999	115.32587	19.971502	139.24994	-81.89094	115.32665	19.96922	138.65253	-61.370777	-2.0735364	2.541368	35.1562	-12.699947	-116.28868	3.7037494	3285.8275871276855
41	708.89453	21.770845	734.3707	678.915	594.1971	81.94282	798.49005	465.70178	550.7723	73.58173	616.9845	371.97324	554.60394	60.131718	627.4168	408.08804	1000.0	851.1	874.9	856.0	163999	115.58417	19.715187	130.9749	-44.600178	115.58435	19.714972	132.1868	-60.698547	-2.0361946	2.5069764	28.936272	-14.4605255	-116.52742	3.4905484	3373.66690993309
42	693.8834	14.752066	717.08765	680.463	302.94238	44.95169	353.8793	219.51814	328.91565	120.62727	561.9595	215.45404	275.03986	48.6517	354.6902	214.77591	1000.0	418.5	507.5	398.3	167999	115.84937	19.362858	130.81357	-47.33113	115.84936	19.366522	134.4408	-69.82173	-2.0530932	2.5198588	29.661444	-13.603045	-116.77302	3.6925035	3447.34778881073
43	695.7091	22.665972	727.68604	664.9927	589.8559	129.03943	796.90845	397.27267	656.5301	159.57004	798.6943	320.69846	532.5268	127.70172	789.9718	378.36835	1000.0	830.3	890.5	764.6	171999	116.13671	18.715288	131.94852	-47.69826	116.13662	18.71781	130.91223	-75.231415	-2.037155	2.5376441	34.79142	-13.379852	-117.07964	3.760428	3535.400706768036
44	704.8277	12.210585	720.5119	686.2527	385.82672	77.08472	459.71014	219.91946	459.67828	193.51335	747.7669	146.41678	372.61237	110.668594	658.21515	243.9244	1000.0	496.4	635.0	506.0	175999	116.51209	18.374765	150.42355	-51.846455	116.51204	18.375124	150.3421	-48.26703	-2.1045532	2.505772	37.90528	-13.041844	-117.43514	4.123717	3610.4723711013794
45	707.6712	27.172573	749.42914	673.5178	237.82724	340.52475	868.82153	14.594115	429.53058	416.43234	874.8853	-1.150428	429.74527	412.76263	867.1704	-1.559452	1000.0	325.5	520.5	524.9	179999	117.13743	17.785252	188.7227	-95.596245	117.13674	17.792358	188.2714	-47.420017	-2.1661441	2.5584373	33.50025	-14.00201	-118.06154	5.2366924	3686.8063361644745
46	442.51953	246.00813	697.43085	48.168835	73.67737	8.404244	89.24492	57.328106	162.01587	170.81627	508.63953	69.00734	67.10607	7.2717896	82.26503	57.673843	709.1667	73.7	261.5	64.8	183999	117.52731	18.097528	214.86935	-54.03201	117.52731	18.100733	215.8776	-42.397167	-1.901796	2.7515833	28.839075	-14.794712	-118.510735	6.1329775	3748.5036487579346
47	26.351501	61.649296	517.78235	-0.8747332	56.89732	9.297089	73.12496	46.436836	60.355827	9.1213255	81.01623	46.010677	64.054184	12.149041	87.824165	49.114822	44.083332	60.1	62.7	66.3	187999	138.29912	28.43087	213.58873	-42.934456	138.29916	28.43347	212.59802	-56.447296	2.5813084	2.9333682	31.930672	-13.42702	-141.55675	11.77241	3805.700380086899
48	179.13344	182.7224	618.89514	56.707005	769.6765	56.833225	790.7053	599.19543	788.5664	2.0667708	790.4008	782.72253	741.1193	68.19051	791.1073	601.5425	259.6	1000.0	1000.0	1000.0	191999	161.9678	31.898014	192.33295	-60.305584	161.96973	31.885237	192.11052	-44.83407	0.40775988	3.1875598	36.685425	-14.000674	-163.48927	11.809539	3898.832766056061
49	671.29974	19.15565	698.12555	645.59186	765.8417	121.9065	892.9089	435.90396	654.30774	184.75917	892.52625	281.14258	696.1498	104.72989	819.22266	445.9582	1000.0	969.2	903.2	982.5	195999	155.65955	29.545261	187.2931	-91.545784	155.66028	29.536203	185.38112	-58.152985	-1.3368547	2.9911597	49.493454	-14.793833	-156.67955	9.031524	3990.0003995895386
50	681.1181	26.89677	725.58514	655.2059	449.9576	222.70776	798.3399	207.53365	557.1332	184.08708	800.4186	256.29767	477.08316	160.06694	788.03845	267.22974	1000.0	588.7	718.5	655.3	199999	148.04272	28.118622	176.40434	-75.14869	148.04303	28.116632	180.5953	-117.162285	-1.5975668	2.8965995	41.342636	-13.742537	-149.04112	7.4062967	4069.564272880554
51	698.94385	15.535998	717.39514	675.295	351.02316	202.76031	798.7194	178.10106	519.00885	243.5204	798.305	187.40382	407.4986	180.81438	794.5881	223.40388	1000.0	473.3	725.7	544.7	203999	141.96043	26.865763	176.3105	-66.68318	141.96097	26.860958	178.90775	-68.8991	-1.7431817	2.7926283	29.71004	-13.176073	-142.94719	6.0214777	4149.001531124115
52	690.684	21.638525	727.812	673.76404	450.90918	113.79219	675.24615	238.06044	451.67505	140.60295	740.0164	251.7713	474.56567	133.47546	701.1986	247.58342	1000.0	596.5	602.2	653.0	207999	137.14944	25.694681	161.35704	-74.30231	137.15012	25.694569	164.89632	-40.153877	-1.8292007	2.7398827	31.769001	-13.827343	-138.10335	5.5913143	4232.6197872161865
53	707.5803	13.333654	721.1197	687.25885	587.5618	111.25234	701.79254	372.5927	695.41125	52.158993	835.7976	641.9493	675.61597	42.267014	759.747	592.51495	1000.0	872.7	1000.0	981.9	211999	133.22205	24.698624	156.0941	-98.98408	133.22325	24.69337	158.98032	-60.1952	-1.964828	2.6776311	41.69897	-14.240954	-134.14781	5.0661283	4328.227985858917
54	708.29663	23.017641	743.0463	678.6807	486.5604	217.01254	845.9282	270.51028	425.02203	138.75743	730.6136	226.42592	505.79688	114.323326	792.7581	387.65646	1000.0	665.5	735.2	684.1	215999	129.76028	24.252838	158.24355	-50.420475	129.76015	24.25362	158.40465	-76.21197	-2.0182073	2.663824	56.478306	-12.164963	-130.66948	4.7972264	4412.7448925971985
55	231.41724	342.0569	734.0294	-20.905716	-8.469114	0.761169	-7.0565977	-9.663009	-8.439604	0.8353948	-6.926745	-9.445272	-8.143654	0.75921106	-6.8963747	-9.246543	346.75	13.7	13.9	13.9	219999	127.17618	23.66269	235.66017	-51.216827	127.17526	23.667877	238.53262	-106.11539	-1.8660687	3.2352142	71.64777	-13.287822	-128.1922	7.608134	4471.791216373444
56	28.706884	148.91202	724.2701	-14.390019	623.82697	85.726974	793.0328	540.7289	709.59314	82.585434	794.31134	608.54724	729.9808	58.407547	786.45337	627.4299	64.9	922.0	989.7	1000.0	223999	194.95361	52.987156	312.3068	-59.398876	194.95435	52.97265	305.93326	-44.95726	3.0635607	4.5913987	47.150715	-13.997189	-201.98604	32.247684	4566.398615837097
57	712.64557	9.517007	723.79517	701.2305	625.5426	79.43206	799.4258	544.43475	626.534	42.562866	687.02527	562.2802	662.21375	76.4704	796.61115	553.61273	1000.0	1000.0	1000.0	1000.0	227999	199.37276	45.345665	242.30275	-41.486908	199.37299	45.341	255.36958	-58.36386	-1.0378515	3.2876601	46.72949	-15.686083	-200.81447	11.800049	4663.088962554932
58	739.01227	14.063128	760.3994	720.91486	614.59875	119.13882	707.7799	322.18515	604.7899	151.00421	747.61945	313.8354	565.21106	169.90303	745.6674	260.7263	1000.0	867.7	908.2	825.2	231999	186.0926	39.91185	253.53893	-126.77818	186.09428	39.906647	246.8054	-96.86083	-1.8015213	3.0818152	38.84086	-12.7840395	-187.24617	8.752864	4751.660742521286
59	729.91064	8.665433	738.9604	716.1794	592.1756	99.3892	701.1517	418.40027	652.4145	59.17354	713.6479	523.9774	600.8088	63.801865	696.9563	432.60574	1000.0	893.0	977.0	947.8	235999	173.78983	35.717964	261.65005	-69.849556	173.78958	35.720135	261.93857	-44.72856	-2.1424747	2.8853111	45.949486	-14.220896	-174.85506	6.87346	4846.541544675827
60	731.5829	13.713834	752.4592	714.84796	627.7284	184.2148	764.92505	261.41592	476.11972	233.75743	717.23846	211.54732	613.9421	183.24153	709.4971	227.57655	1000.0	868.6	658.6	864.0	239999	163.6681	32.779827	271.31128	-69.615295	163.669	32.78081	291.1185	-77.38676	-2.1709194	2.7950428	44.125774	-12.275887	-164.6993	6.005862	4939.9386150836945
61	571.7043	263.84763	733.2214	45.142265	713.8182	14.151777	756.16284	707.70557	707.7695	3.586929	710.9552	698.02075	707.8543	1.5250285	709.73395	704.488	811.6	1000.0	1000.0	1000.0	243999	155.25781	30.894901	250.57156	-69.015854	155.2593	30.893263	260.54822	-49.32315	-2.1789687	2.6838818	33.90654	-14.999998	-156.23691	5.9411893	5033.607947587967
62	691.33527	4.0111732	697.86127	687.22906	728.7239	31.038239	799.3861	710.46124	746.1653	36.655575	802.6244	709.23694	716.38605	6.745885	732.6135	711.53815	1000.0	1000.0	1000.0	1000.0	247999	148.35007	29.424068	249.26813	-67.617714	148.35081	29.425753	256.7842	-92.085655	-2.2418509	2.6265762	41.836243	-12.419297	-149.31177	5.5628486	5131.895812511444
63	698.8835	8.311176	705.7903	684.8879	635.41327	74.54307	710.04504	480.1678	594.03253	90.42823	710.81946	439.14633	608.882	114.70818	711.2792	328.8063	1000.0	890.9	845.1	915.3	251999	143.1601	27.719173	260.78247	-82.34811	143.1604	27.717514	247.49449	-99.46821	-2.244641	2.5968108	31.673525	-12.788893	-144.10683	4.6521025	5223.321141958237
64	684.9696	4.5025663	690.9901	679.13513	665.4877	41.903206	707.59534	595.195	611.02356	151.51076	708.58154	243.5771	602.408	119.455414	707.9321	409.4446	1000.0	978.2	891.3	879.4	255999	138.66814	26.88832	232.48541	-81.62595	138.66814	26.890965	258.7988	-70.40316	-2.2451627	2.5538557	28.551857	-13.415895	-139.5865	4.257633	5315.445018291473
65	698.3093	31.07748	733.1165	651.23596	631.0153	73.12322	705.02075	470.23108	651.91205	53.13919	706.2294	564.68567	643.2514	50.49519	704.1317	585.21063	1000.0	965.6	1000.0	1000.0	259999	135.19312	25.603115	229.10632	-149.66278	135.19383	25.600842	216.33853	-116.18831	-2.2929924	2.5530186	32.319942	-14.672977	-136.099	4.296409	5409.824482917786
66	684.91833	13.266921	701.3749	664.34375	714.2844	88.96911	799.4189	465.54825	683.24817	81.09094	753.10266	453.08295	715.577	44.56247	794.87384	657.52155	1000.0	976.8	956.6	1000.0	263999	132.18175	24.522236	238.88159	-66.39242	132.18237	24.519346	263.0977	-41.213547	-2.2745545	2.5657046	55.621807	-11.858254	-133.07574	4.103336	5501.7557644844055
67	705.7845	11.152746	724.89136	696.95764	755.48987	54.652653	799.3475	649.12506	778.6531	37.810875	799.8365	702.8724	771.6559	38.184734	798.22375	694.5454	1000.0	1000.0	1000.0	1000.0	267999	129.7168	23.988768	245.05247	-58.07921	129.71681	23.99586	240.19089	-63.33296	-2.3552067	2.4996097	44.758904	-13.581497	-130.59966	3.8363717	5594.645932674408
68	691.6569	3.2938397	695.5894	686.59814	678.70917	37.81044	710.0764	624.0452	647.31665	68.7857	710.991	474.30045	701.5247	22.47607	710.7205	634.15045	1000.0	1000.0	969.0	1000.0	271999	127.78058	23.605364	233.03226	-43.91007	127.78058	23.605133	227.98781	-36.34554	-2.3834252	2.433987	47.02958	-13.850938	-128.65736	3.2201538	5688.583191156387
69	696.0593	7.702423	706.9136	686.1372	759.8428	53.642788	805.3953	671.43646	767.57874	43.531525	803.854	698.7322	746.73584	57.132465	803.9407	669.2335	1000.0	1000.0	1000.0	1000.0	275999	126.42282	23.141785	245.55046	-55.664375	126.42349	23.139078	236.79971	-60.49224	-2.4315698	2.4163685	61.722115	-13.416608	-127.29851	3.698187	5782.330759048462
70	711.2892	15.978476	731.63837	687.5394	774.74493	42.732563	804.6751	705.35913	745.74915	46.66764	806.02673	702.76117	754.5882	44.85408	801.3456	686.8555	1000.0	1000.0	1000.0	1000.0	279999	125.23169	22.803202	202.256	-60.61218	125.23151	22.803165	199.89308	-66.78679	-2.4012113	2.3829737	32.47742	-12.947529	-126.08007	3.5093853	5876.075531005859
71	698.3515	7.4174104	705.9495	686.574	757.83484	44.706566	803.6264	699.3342	742.504	53.215744	820.47906	663.28754	782.3104	49.25094	844.5199	705.2459	1000.0	1000.0	1000.0	1000.0	283999	124.35179	22.483955	215.93729	-85.22301	124.35143	22.483501	217.86229	-59.891205	-2.425145	2.383539	31.762836	-13.332411	-125.23119	3.496072	5970.42236661911
72	694.1328	11.290914	712.80133	682.4466	760.6605	59.916367	861.7002	686.57684	749.83673	91.938774	807.4292	503.50836	755.94604	88.82272	871.7405	546.7748	1000.0	985.9	971.8	968.8	287999	123.70871	21.986216	203.43404	-53.41166	123.70869	21.983238	202.09155	-35.869766	-2.4326203	2.3680599	31.794073	-12.861385	-124.55186	3.2741768	6063.143810510635
73	712.4104	12.363819	732.5553	702.2462	609.7567	193.16171	799.8862	224.39359	613.0633	202.59175	800.5947	233.14192	690.18964	146.86743	799.5373	290.77322	1000.0	845.8	874.4	888.8	291999	123.12049	21.783722	208.15318	-66.398766	123.11997	21.785109	204.19754	-40.48584	-2.4509525	2.3883054	35.111855	-12.711999	-123.96857	2.9551973	6152.997454881668
74	700.6156	14.677346	716.5624	680.4775	699.9373	22.30234	728.0529	636.76465	621.1195	148.5885	724.91205	274.4159	706.1582	7.1527214	723.1583	697.49445	1000.0	984.3	876.5	1000.0	295999	122.80587	21.54526	206.66777	-59.761616	122.80662	21.543606	219.74907	-43.328148	-2.4448128	2.3802156	34.36004	-14.402189	-123.65127	2.6829703	6250.283797502518
75	711.1079	24.81941	752.9593	690.0103	715.8914	34.115128	802.1206	673.18567	722.0005	51.990368	803.83405	663.2954	720.4599	30.41213	773.5044	671.0855	1000.0	1000.0	1000.0	1000.0	299999	122.54193	21.27744	257.36212	-49.53286	122.54156	21.279984	273.12213	-61.802586	-2.4584637	2.3801808	34.74955	-13.67294	-123.37736	2.981477	6345.888417482376
76	710.66437	15.726808	736.56024	696.96454	681.9821	84.94856	723.83295	428.33002	717.5272	36.1219	800.58234	679.9719	733.56177	38.504505	798.66785	685.93243	1000.0	961.3	1000.0	1000.0	303999	122.24153	21.342974	241.72476	-43.638622	122.24169	21.342827	229.08412	-43.60323	-2.4661593	2.3681567	35.899	-13.123943	-123.08286	2.8787894	6437.6193652153015
77	705.0571	19.137987	736.25775	684.5078	694.32263	32.06082	712.7626	628.3565	700.62854	18.798864	717.19745	655.584	674.0094	35.994465	711.0785	611.49414	1000.0	1000.0	1000.0	1000.0	307999	122.23625	21.07783	248.57396	-60.791466	122.23678	21.075212	249.16544	-30.444994	-2.478539	2.345411	38.707203	-14.5502205	-123.067375	2.911567	6537.86124753952
78	708.98444	13.150576	729.53973	695.2968	707.18835	3.2390103	709.89624	699.8897	685.0437	72.0412	711.7404	469.01392	707.09	3.77953	710.05255	699.1328	1000.0	1000.0	967.7	1000.0	311999	122.16699	21.072004	232.23795	-115.607864	122.16687	21.07391	224.56255	-66.725	-2.4890132	2.3505902	26.798992	-13.196745	-122.99881	2.6937487	6634.607053756714
79	722.8008	16.771715	748.99713	704.3978	740.1743	55.45885	804.4831	659.9976	697.2391	74.912	804.1506	539.4503	771.9603	40.93205	799.6753	693.7982	1000.0	1000.0	976.0	1000.0	315999	122.43235	20.757065	245.63297	-62.33687	122.43187	20.759275	265.09818	-69.423706	-2.4879782	2.3287005	47.293587	-13.284592	-123.2756	2.736888	6728.214128255844
80	709.48645	10.779068	722.82196	697.3586	679.8717	33.100445	707.7497	631.3447	686.4676	26.319624	709.3147	646.3201	685.94977	30.99419	710.11005	625.4145	1000.0	1000.0	1000.0	1000.0	319999	122.73538	20.430382	229.11755	-106.436935	122.73532	20.432066	232.76976	-157.46057	-2.503525	2.3341637	37.797855	-12.308296	-123.56879	3.0736692	6823.156910657883
81	708.0824	8.496874	720.6402	696.67175	748.33514	64.761894	802.6172	642.94073	731.5293	58.054573	802.8773	670.7672	761.61566	55.93003	799.8355	671.06464	1000.0	1000.0	1000.0	1000.0	323999	122.65906	20.728338	236.04405	-74.03337	122.65905	20.727558	232.26561	-33.124153	-2.5082593	2.303473	41.492043	-12.667661	-123.48809	2.658521	6917.642189979553
82	700.4376	14.658571	720.41943	683.20233	729.7237	48.890526	803.0129	684.14825	730.15765	49.84171	802.59717	670.6567	714.19855	30.158487	799.8624	692.2269	1000.0	1000.0	1000.0	1000.0	327999	122.64311	20.68688	231.1344	-87.973236	122.64352	20.68669	265.4519	-62.42996	-2.5142815	2.2649298	27.283043	-12.530768	-123.464096	2.7096682	7011.811760187149
83	709.7909	18.547276	733.8963	686.95074	707.7495	56.844913	801.7121	582.64075	748.3368	47.27188	803.36084	679.2336	752.23126	44.887634	805.0575	688.35376	1000.0	975.2	1000.0	1000.0	331999	122.76119	20.375683	243.57701	-70.9658	122.76173	20.375208	255.92903	-56.500053	-2.5225594	2.2741783	41.125572	-12.369481	-123.593285	2.7040114	7110.558274745941
84	726.54926	18.987844	756.6686	706.91486	755.9769	52.88793	800.16943	685.5717	720.40497	68.143906	803.03046	615.2114	729.8155	53.851673	797.99194	678.7259	1000.0	1000.0	981.9	1000.0	335999	122.93236	20.23402	249.12596	-41.53364	122.93236	20.235113	250.67175	-50.10484	-2.5437596	2.2632387	32.994354	-12.434362	-123.76547	2.6326375	7203.163314342499
85	712.6019	8.535649	721.62024	702.51733	722.7272	53.725945	800.6837	659.27814	697.21545	44.562737	800.701	611.656	697.75964	15.667031	715.4888	666.43866	1000.0	1000.0	1000.0	1000.0	339999	123.05537	20.178564	233.08774	-70.398254	123.05557	20.176773	255.13795	-50.209023	-2.5505455	2.2567387	33.0696	-12.021369	-123.879456	2.5766723	7303.867698669434
86	707.2393	11.5799465	724.9323	696.5005	714.08466	7.9135876	726.0028	704.0095	742.70825	41.806683	802.5141	697.3406	723.11847	14.93981	750.42	705.4888	1000.0	1000.0	1000.0	1000.0	343999	123.1124	20.155754	225.83752	-40.76026	123.11284	20.155804	221.61511	-31.396109	-2.5370572	2.284711	35.06697	-14.892611	-123.93981	2.824591	7402.151495456696
87	741.29535	13.631171	760.44464	725.22	686.35535	16.873594	708.37024	664.0958	692.7848	16.868921	708.33	667.1114	684.91595	17.241253	708.21875	664.4666	1000.0	1000.0	1000.0	1000.0	347999	123.2792	20.110312	214.3607	-70.433685	123.27915	20.1093	204.99704	-43.856323	-2.57033	2.2925127	37.069305	-12.130595	-124.108925	2.6177025	7495.3659608364105
88	710.5215	17.338284	731.6832	685.07385	773.6707	45.083683	802.5269	683.993	762.7393	50.82964	803.28577	674.8681	743.4381	54.407032	799.3498	672.4402	1000.0	1000.0	1000.0	1000.0	351999	123.49949	19.954227	206.81038	-83.37045	123.49957	19.957344	220.09366	-54.27015	-2.6045294	2.2239237	27.626968	-14.836897	-124.31623	2.5601666	7588.821826934814
89	720.24396	13.629873	735.2068	704.4736	736.4769	82.933365	802.55	612.1672	715.6749	80.29882	803.94226	585.9736	757.34534	69.92683	802.7461	619.09845	1000.0	1000.0	1000.0	1000.0	355999	123.62316	19.814945	212.70004	-44.19825	123.62333	19.815536	200.91345	-35.96911	-2.607606	2.2231476	27.770067	-12.398991	-124.43361	2.411718	7682.563996076584
90	715.95215	10.50505	733.66235	706.2349	674.1078	61.981377	793.5842	554.90546	707.0531	100.74774	795.657	494.67212	627.453	105.80085	788.5619	480.3787	1000.0	984.5	954.2	931.7	359999	123.72029	19.721424	218.3323	-48.539783	123.72023	19.721872	223.49142	-59.718834	-2.5909247	2.2151208	30.51363	-13.004577	-124.531906	2.3273873	7774.745617866516
91	701.4466	8.905179	709.026	687.0851	776.4032	31.584713	800.7596	706.2523	779.4974	29.099377	800.75507	720.6501	790.7571	15.8799715	797.21185	743.16736	1000.0	1000.0	1000.0	1000.0	363999	123.86555	19.6863	219.31276	-64.52244	123.86567	19.685133	230.19702	-63.744633	-2.6059053	2.1951792	27.75792	-12.220093	-124.670135	2.422084	7868.652092218399
92	734.48926	9.1646385	747.7699	722.5871	694.66614	52.97921	802.1927	659.7646	744.14923	68.68175	802.1301	649.65204	745.964	66.66511	803.34717	659.7573	1000.0	1000.0	1000.0	1000.0	367999	123.96672	19.71559	213.97655	-78.34586	123.96748	19.71678	215.16518	-38.655266	-2.631641	2.1831717	25.965937	-11.813221	-124.77965	2.3378704	7961.244128704071
93	723.5994	13.397302	743.51886	710.3018	817.43115	36.770287	891.13477	795.3774	820.3055	73.19698	893.4936	642.8093	849.25574	28.397034	883.5428	811.1203	1000.0	1000.0	1000.0	1000.0	371999	123.97941	19.585701	228.4406	-71.23243	123.9792	19.588804	249.18391	-47.602283	-2.6660495	2.1991348	27.356827	-14.247784	-124.77405	2.251124	8053.631342887878
94	712.7695	11.031422	726.61957	699.1785	733.6947	63.09617	801.2927	641.0245	764.95703	44.88641	803.6345	699.4949	742.9886	46.569656	798.2071	672.1112	1000.0	1000.0	1000.0	1000.0	375999	124.07765	19.498732	240.04813	-32.403873	124.0776	19.500584	232.18692	-63.076115	-2.6557271	2.1777856	30.246761	-13.555231	-124.87242	2.392835	8146.984005689621
95	715.32056	24.302376	740.8718	686.6635	885.0374	5.0531516	891.1176	878.69073	880.52795	27.662281	891.99274	797.74615	884.71326	2.7424154	886.8504	877.2535	1000.0	1000.0	1000.0	1000.0	379999	124.17353	19.38859	251.43323	-65.07134	124.1735	19.387602	248.28806	-101.391815	-2.6644735	2.2184598	29.056301	-12.416935	-124.971375	2.424199	8239.199917078018
96	723.1809	11.1488695	736.1069	709.04266	755.8453	43.43088	800.0776	706.29694	762.8473	44.05561	799.78564	695.3697	751.2404	43.9687	797.22784	704.57526	1000.0	1000.0	1000.0	1000.0	383999	124.23889	19.300566	299.8912	-33.100216	124.23894	19.300804	306.34482	-37.76887	-2.6904688	2.2141747	28.373026	-12.819566	-125.046295	2.1578085	8331.220691919327
97	721.14075	7.6617618	732.271	710.8413	790.7825	25.603872	800.2132	714.0139	800.1227	0.6555799	801.1275	798.9741	786.39923	32.15928	807.636	714.74255	1000.0	1000.0	1000.0	1000.0	387999	124.44446	19.027418	292.05792	-71.43411	124.44455	19.027813	292.76074	-69.34112	-2.6979723	2.204295	28.316822	-12.149429	-125.23841	2.2884576	8424.4983856678
98	727.5364	10.43241	742.83246	716.59045	727.2195	110.50439	804.2134	489.79562	655.56775	132.62048	802.3872	434.83154	597.09607	130.5396	799.9632	495.68085	1000.0	948.7	891.4	816.8	391999	124.51775	19.115862	340.8322	-80.74659	124.51792	19.117569	312.05417	-58.250088	-2.677375	2.2390604	38.255554	-13.323842	-125.32216	2.291933	8512.937764167786
99	729.02	11.573746	741.3015	710.0493	793.51746	18.842089	803.374	741.10846	783.0985	22.833117	803.34204	740.47095	776.89294	41.14612	827.5791	704.44104	1000.0	1000.0	1000.0	1000.0	395999	124.68108	18.977764	288.79898	-56.847446	124.68125	18.979265	291.6595	-53.517776	-2.6611557	2.1990097	41.37398	-14.713381	-125.47089	2.1988962	8606.014787912369
100	738.7376	19.352697	760.9556	715.2078	802.3022	4.706233	815.6756	799.1986	790.29205	47.16621	884.54865	709.54926	814.194	16.136429	836.61487	795.8826	1000.0	1000.0	1000.0	1000.0	399999	124.84295	18.806541	305.20093	-67.26615	124.84304	18.807436	315.02777	-67.2331	-2.7106006	2.1743364	33.102703	-12.64414	-125.634186	2.0802402	8702.967732429504
101	734.4911	6.14541	743.85455	727.48883	874.67773	37.284794	896.449	800.0363	875.20685	38.181213	898.26337	798.32227	876.8553	24.289799	894.7903	827.642	1000.0	1000.0	1000.0	1000.0	403999	124.97636	18.488068	306.3962	-42.404095	124.97607	18.491116	289.5716	-64.42002	-2.7377727	2.1680696	39.348457	-12.08097	-125.77674	2.3213737	8800.54145860672
102	716.05347	18.872147	743.5307	690.4968	769.79364	18.003351	802.6459	749.7403	793.5648	16.18535	803.52673	756.66895	778.9128	16.261343	799.45544	760.8876	1000.0	1000.0	1000.0	1000.0	407999	124.98612	18.583305	248.3326	-36.53372	124.98641	18.580654	233.98897	-36.130295	-2.715285	2.1622	28.021854	-13.890325	-125.78134	1.7919087	8895.866328716278
103	749.40857	13.992165	763.9994	726.45953	619.28516	111.01558	726.2461	404.47876	665.587	48.181194	725.8383	569.18146	624.09955	104.29506	729.6857	403.93753	1000.0	926.7	1000.0	933.3	411999	125.14949	18.487373	256.8374	-49.796654	125.14958	18.49185	264.14114	-58.265404	-2.6966233	2.1656952	39.20323	-13.176677	-125.94644	2.220307	8989.474656581879
104	724.018	3.6069896	729.83386	719.9289	658.87805	178.07388	802.05084	388.69116	693.07776	166.52615	801.41003	367.44537	623.3158	221.0636	797.0087	194.32901	1000.0	841.3	874.1	794.6	415999	125.34194	18.20717	309.4509	-64.01454	125.34201	18.206902	305.1221	-37.534664	-2.6990569	2.2053492	41.562866	-16.630089	-126.1179	2.120766	9078.57154417038
105	411.82993	328.29712	751.46875	-2.2252054	361.3311	241.64253	530.3875	-11.414866	155.87395	238.9685	526.8806	-3.8933742	268.06842	272.5473	633.3376	-7.2375364	575.8571	712.1	321.3	511.7	419999	125.45562	18.14207	308.95795	-52.355206	125.45636	18.14251	301.14954	-39.897594	-2.5021596	2.6126382	75.60803	-12.524809	-126.33305	2.5529027	9154.664330482483
106	384.30353	326.7871	738.20856	-8.529267	830.98596	39.18543	891.0029	802.35596	811.89	25.924826	889.53217	801.3761	838.74646	19.838142	877.49304	815.6325	608.0	1000.0	1000.0	1000.0	423999	125.76962	18.443827	280.79776	-67.513824	125.77002	18.44262	280.09616	-42.92632	-2.3582036	2.2763855	34.87131	-13.560593	-126.6289	2.8619785	9251.61303639412
107	757.4148	26.485485	786.2736	714.54034	619.172	130.75871	801.494	476.62878	613.49475	143.55138	802.6465	409.39194	658.8391	137.73045	795.5009	470.8078	1000.0	832.3	820.5	865.6	427999	125.88112	18.442453	279.7316	-37.97069	125.8811	18.446102	268.75876	-53.744938	-2.7032022	2.1843324	34.477123	-12.715536	-126.67362	2.2435088	9341.337356805801
108	721.4516	8.371026	734.23676	711.54535	720.2665	22.73535	762.8079	702.742	717.1732	32.21082	811.08624	701.8862	711.5987	24.790867	785.84766	700.6581	1000.0	1000.0	1000.0	1000.0	431999	125.84273	18.724941	238.77646	-54.0346	125.84266	18.723818	228.65424	-42.504673	-2.6362722	2.1375058	26.51819	-12.683449	-126.61264	2.2459633	9437.389778614044
109	758.06976	27.961994	802.40436	727.8605	732.5163	101.45682	799.3176	562.27576	746.74365	103.33372	799.32025	498.0991	702.9584	96.1137	795.9161	571.1466	1000.0	931.9	946.4	901.5	435999	125.83899	18.976208	241.35738	-38.936123	125.83864	18.97735	216.13081	-71.84299	-2.7192879	2.1325746	47.28557	-14.540381	-126.62248	2.2588115	9529.290819883347
110	745.7782	25.948635	782.77185	710.17334	707.865	1.098296	709.0587	705.3623	707.2709	8.8977165	725.5636	686.50006	711.34467	15.577885	757.77576	704.01483	1000.0	1000.0	1000.0	1000.0	439999	125.94514	18.735	218.21457	-40.46752	125.94488	18.737648	189.66895	-50.97222	-2.7466633	2.1200626	34.915565	-12.421577	-126.731544	2.3685753	9624.099442481995
111	749.3998	11.668125	760.5946	733.2645	702.6335	99.30849	801.8695	556.2999	702.6302	108.89772	801.08374	480.78104	704.77844	99.85949	799.78143	524.57324	1000.0	1000.0	987.8	994.5	443999	126.02275	18.47788	224.53557	-65.44974	126.02284	18.477795	230.83504	-60.81082	-2.7565222	2.086835	28.595573	-13.173586	-126.79193	2.0804896	9718.801656961441
112	731.3217	12.406947	745.59235	715.333	693.806	40.401836	751.80853	586.287	738.8546	35.62232	799.92224	705.78595	681.95276	89.951904	759.7556	427.17126	1000.0	999.5	1000.0	962.8	447999	126.05024	18.446516	231.45679	-65.44826	126.04994	18.447802	239.19226	-45.87049	-2.733354	2.0688314	26.93356	-12.563688	-126.81763	2.4236202	9815.930633068085
113	740.3068	18.182283	767.771	722.9751	706.5857	121.13077	802.3021	503.0382	675.59753	140.99574	802.21515	465.46088	737.06995	92.06274	797.9658	584.0374	1000.0	919.7	879.6	948.5	451999	126.02115	18.521067	237.98296	-38.731335	126.02106	18.519806	202.01457	-48.242397	-2.7435124	2.0660465	28.204258	-12.421072	-126.79848	2.0930004	9910.034059286118
114	719.7689	19.73769	747.74884	693.71136	715.719	80.02921	799.16034	583.51227	682.23566	118.56069	799.199	441.0003	744.76575	58.44072	782.5888	576.4249	1000.0	997.4	907.8	975.5	455999	126.17134	18.261295	214.32977	-44.018597	126.17129	18.2612	220.4317	-87.35189	-2.7433863	2.0797122	25.984957	-13.767439	-126.94615	2.1343555	10003.966134548187
115	726.90076	20.054483	761.52924	712.7934	728.3322	47.309044	801.43884	686.82776	728.23157	47.02016	799.4551	677.7172	765.4457	46.09149	797.42523	685.9956	1000.0	1000.0	1000.0	1000.0	459999	126.22394	18.298496	210.31902	-35.527195	126.22425	18.29726	216.90845	-44.532887	-2.7195537	2.0557241	26.467724	-12.577884	-126.99342	1.8846154	10097.76665854454
116	724.3385	18.528212	756.02405	709.01184	762.85046	69.112366	800.75275	621.8846	780.7842	50.267834	799.57904	630.03015	760.9675	70.02667	798.2241	620.3204	1000.0	1000.0	1000.0	1000.0	463999	126.34845	18.12289	209.82037	-59.98728	126.34858	18.121733	190.88289	-48.375134	-2.7351522	2.069404	27.833536	-12.696753	-127.12581	2.0704136	10191.873916387558
117	730.7761	22.23217	761.6216	698.81226	744.3712	50.73184	803.06165	665.68256	656.2305	145.97435	799.82294	343.55557	686.24445	87.41444	798.6122	440.5188	1000.0	1000.0	912.1	964.7	467999	126.33188	18.3533	179.51997	-43.013546	126.33175	18.354778	155.92354	-81.23263	-2.7490244	2.026377	31.37371	-12.155184	-127.09392	2.1901672	10289.463790178299
118	748.3012	16.201742	773.6011	729.33386	744.83167	60.636555	842.0086	698.9343	707.9381	24.96544	775.6474	669.72614	701.8471	2.879285	705.1805	696.629	1000.0	1000.0	1000.0	1000.0	471999	126.51133	17.969223	154.1096	-40.019756	126.51128	17.970692	155.2861	-47.211422	-2.7696397	2.04467	24.902245	-13.194284	-127.27755	1.9403806	10390.923582792282
119	766.52515	15.149846	790.9251	750.80414	846.28235	33.608868	894.8495	800.46704	836.479	30.337252	893.3662	799.828	850.4318	12.656983	862.0468	822.76733	1000.0	1000.0	1000.0	1000.0	475999	126.53396	18.074814	151.9534	-48.02778	126.53416	18.073792	155.55336	-40.691536	-2.7849996	2.0432327	31.346691	-12.570707	-127.299	2.0383198	10486.677663326263
120	754.91895	12.935682	768.6937	734.7895	781.12836	39.162014	806.6457	693.685	792.67303	27.190516	805.6487	711.3546	736.6616	116.68645	800.92316	413.22528	1000.0	1000.0	1000.0	958.7	479999	126.66485	17.849392	151.39764	-70.96821	126.66447	17.849419	149.55194	-56.36315	-2.7681231	2.0547237	30.346073	-12.484555	-127.41822	2.1866333	10580.567940235138
121	772.9516	6.265852	783.0989	766.2911	885.9396	26.00117	897.5392	808.4349	893.854	3.4727912	898.4645	885.04	876.94336	24.845156	892.5724	807.324	1000.0	1000.0	1000.0	1000.0	483999	126.66404	18.018286	186.67126	-51.89353	126.66434	18.01542	179.55698	-65.2701	-2.7791884	2.0350876	22.644848	-15.035545	-127.421844	2.1587358	10673.588855743408
122	744.5895	6.7529173	750.9604	733.7388	751.40955	72.27869	800.74426	567.3273	758.0277	55.592613	801.06573	639.2249	737.7843	92.93578	798.3662	496.31125	1000.0	1000.0	1000.0	991.8	487999	126.78262	17.87339	160.27045	-37.623745	126.78271	17.874256	161.4602	-58.86265	-2.7760885	2.0312145	30.445995	-12.022469	-127.541824	1.8220123	10771.727095365524
123	761.0068	13.921683	779.2868	740.7366	770.0188	46.584248	804.134	687.4067	787.0355	30.620419	803.53455	722.7727	790.18744	22.592577	799.7843	722.4898	1000.0	1000.0	1000.0	1000.0	491999	126.86497	17.7834	207.47891	-42.83253	126.86526	17.781876	195.74226	-35.077187	-2.7987192	2.0219934	34.006958	-15.254046	-127.616585	1.7531701	10868.537138462067
124	761.39514	11.437587	780.2182	749.9811	776.229	37.587635	802.62146	697.8211	785.51324	33.809704	801.63934	688.8881	775.5446	33.093475	799.6362	702.72253	1000.0	1000.0	1000.0	1000.0	495999	126.982	17.492687	205.14078	-63.27717	126.98217	17.4903	203.76729	-70.88446	-2.7798624	2.020778	37.556614	-13.8255625	-127.72094	2.1783068	10963.470724105835
125	738.27954	7.412055	747.4543	727.88983	714.0041	9.344709	729.37744	706.5583	678.39484	71.35083	747.62976	507.3834	696.83545	21.808214	705.99835	631.9806	1000.0	1000.0	958.2	992.2	499999	126.95668	17.852274	188.1574	-80.59169	126.95722	17.847723	184.34233	-44.103592	-2.782182	2.0483668	27.578346	-13.107726	-127.713486	1.9288738	11057.91946029663
126	761.9514	16.675362	786.0229	738.9037	787.2413	30.817852	805.2822	725.41296	802.6452	1.9276044	805.2704	798.03986	783.6785	30.99828	801.73126	719.3116	1000.0	1000.0	1000.0	1000.0	503999	127.11843	17.54673	179.2987	-53.53095	127.11828	17.546572	170.64136	-33.7673	-2.8064127	2.0154421	31.206213	-12.819609	-127.877945	1.84186	11156.015565872192
127	752.5384	15.74581	779.71045	741.911	839.3937	44.030476	893.47217	794.63025	846.0301	60.677174	894.65906	715.5755	810.1238	28.380268	866.85345	794.2586	1000.0	1000.0	1000.0	1000.0	507999	127.18424	17.458326	160.6985	-56.466507	127.18439	17.455761	169.33484	-67.757515	-2.8289368	2.0229034	28.264797	-13.631478	-127.92744	2.026283	11250.347071647644
128	760.30096	10.3625345	776.0945	749.79376	782.90344	29.713896	801.0393	723.41327	753.4542	39.440968	801.5667	702.0572	777.8218	29.79043	798.3824	730.94495	1000.0	1000.0	1000.0	1000.0	511999	127.17507	17.67131	157.87868	-64.90574	127.17452	17.674469	165.57867	-47.61699	-2.7979834	2.0442855	38.910595	-12.350946	-127.93522	2.0938938	11343.88257598877
129	764.10803	11.147048	772.4828	745.1127	827.8859	44.2645	896.3043	794.32	828.2845	43.648064	897.17554	797.9475	828.2289	40.210114	892.4473	798.30365	1000.0	1000.0	1000.0	1000.0	515999	127.16047	17.6869	154.65369	-32.094162	127.16009	17.687454	160.10117	-39.94294	-2.795176	2.016101	29.551014	-13.5338545	-127.90618	1.9657013	11438.084841489792
130	757.6393	10.298438	768.7105	744.75024	884.25525	27.572912	895.4943	802.14923	873.0995	36.400257	895.24005	801.94934	877.65955	22.197205	891.4497	823.2628	1000.0	1000.0	1000.0	1000.0	519999	127.15127	17.553528	160.46826	-73.611755	127.15124	17.554579	166.3505	-45.31811	-2.8326108	1.9886389	31.53778	-13.003971	-127.898315	1.8304772	11530.805772304535
