Epoch	AverageEpRet	StdEpRet	MaxEpRet	MinEpRet	AverageTestEpRet	StdTestEpRet	MaxTestEpRet	MinTestEpRet	AverageTransferEpRet	StdTransferEpRet	MaxTransferEpRet	MinTransferEpRet	AverageRandomEpRet	StdRandomEpRet	MaxRandomEpRet	MinRandomEpRet	EpLen	TestEpLen	TransferEpLen	RandomEpLen	TotalEnvInteracts	AverageQ1Vals	StdQ1Vals	MaxQ1Vals	MinQ1Vals	AverageQ2Vals	StdQ2Vals	MaxQ2Vals	MinQ2Vals	AverageLogPi	StdLogPi	MaxLogPi	MinLogPi	LossPi	LossQ	Time
1	16.651884	3.3234408	33.79601	10.719678	88.60211	27.295408	142.22098	49.219494	64.76297	12.5946455	77.37352	38.677708	60.750996	18.197876	86.27042	33.7406	14.213523	83.5	61.5	62.4	3999	11.070762	7.064136	26.235483	-2.5900617	11.072265	7.063111	26.320177	-2.131204	-2.7647395	1.6300831	8.303735	-12.317288	-12.318641	0.4195483	54.94988656044006
2	17.280085	3.7229226	35.989338	10.738669	74.42205	5.680251	86.11268	64.513084	59.250355	17.990826	81.98157	24.440464	83.284744	14.788429	112.68895	62.918365	14.947762	66.2	61.3	76.9	7999	26.063967	12.643313	46.817696	-7.4542394	26.063366	12.646623	46.71668	-7.168864	-1.823908	2.7827637	22.789345	-12.946357	-28.434526	0.7246089	129.16745519638062
3	23.628326	18.316767	107.25751	10.723806	72.324486	15.620529	87.75604	30.798714	67.39455	16.707829	91.87187	25.179419	61.337177	15.929924	79.57978	32.56913	23.592813	68.6	69.0	67.4	11999	42.12982	17.92906	65.08901	-16.894653	42.128864	17.936945	64.904434	-11.312733	-1.2855036	3.5600712	23.23448	-13.003252	-45.664963	3.8174245	200.8812882900238
4	70.14085	20.59485	114.45829	20.958029	90.78289	26.10551	166.88466	69.59514	92.86179	25.097628	153.05026	50.638554	112.59605	32.334644	172.76323	62.072998	76.92308	72.0	77.5	100.8	15999	55.41411	21.235247	78.13875	-19.806255	55.41064	21.252285	78.000275	-26.810541	-1.3439083	3.682732	23.51265	-13.074829	-58.90127	4.303265	278.4468004703522
5	84.07281	23.97278	152.5182	34.22653	125.55444	45.239708	229.28653	86.03638	102.33068	39.272106	163.58997	38.209137	230.22261	274.99008	1000.3323	90.67201	88.21739	101.3	99.0	208.2	19999	60.480465	26.05623	87.59124	-24.136019	60.48107	26.06122	87.42492	-26.787718	-1.2208232	3.58292	23.480263	-13.789196	-63.693867	4.4361806	353.9797236919403
6	86.196106	28.644081	143.98788	16.27355	158.8151	41.100216	215.92706	86.886536	142.8316	43.44525	211.90988	52.480736	174.0983	244.39172	901.78485	58.402275	101.60526	151.0	133.9	203.5	23999	63.057796	28.755991	92.78965	-21.340853	63.05725	28.761877	93.16548	-20.392761	-1.2941697	3.4927533	22.03849	-12.704698	-65.96386	4.808923	434.97513937950134
7	110.96531	49.43188	258.14526	23.768288	348.68134	321.24915	899.92694	47.268642	413.1647	311.38193	899.1615	113.04923	364.86005	320.07935	900.9096	50.071247	134.53334	398.4	449.9	411.7	27999	63.95455	29.95713	100.4033	-16.730059	63.95447	29.961199	99.88868	-19.643368	-1.3239378	3.3219593	22.214851	-15.131223	-66.58083	5.8183236	523.8859264850616
8	120.80811	66.42585	320.95868	39.708927	122.39107	71.059166	226.84117	19.242718	114.54698	62.244583	228.82649	41.221092	151.81857	46.616135	224.96732	46.879066	162.4	132.9	130.0	142.9	31999	65.17301	30.441608	99.19265	-22.691593	65.17329	30.444748	99.05537	-18.351286	-1.3315445	3.209396	21.6261	-16.174294	-67.53687	6.5867724	600.3930697441101
9	158.36528	142.65123	667.85583	19.225624	780.49066	237.68945	923.2733	131.50075	567.1326	359.66177	978.428	39.918133	705.7325	289.01633	898.7554	104.053055	246.25	886.9	625.1	802.2	35999	65.907974	31.196007	101.82759	-20.818668	65.90793	31.201313	102.09429	-17.094435	-1.3351438	3.1670573	23.000242	-12.636598	-68.069115	8.808218	707.3839616775513
10	193.63289	164.25061	692.3277	28.888494	284.64902	317.35355	922.0196	81.27392	167.36823	240.86165	885.786	42.615753	148.94423	59.079655	272.48953	72.00182	268.53333	337.9	212.5	204.7	39999	68.28833	30.583529	101.744446	-39.615578	68.288704	30.587181	104.26529	-34.293545	-1.3671392	3.1233592	25.47411	-13.974122	-70.34664	8.391814	790.1403167247772
11	195.07962	161.19481	658.0702	57.02395	105.907394	74.669876	304.01184	34.545513	217.00887	332.51443	889.1256	19.655336	229.83699	196.33723	698.604	25.100737	291.6154	183.7	281.2	351.9	43999	70.19892	30.560503	102.386566	-21.571278	70.19829	30.566223	103.316696	-20.794317	-1.433855	3.0521376	25.476856	-14.861876	-72.08669	8.754244	874.0461497306824
12	281.07874	210.75607	689.9693	93.2442	435.48618	315.34314	996.1754	29.243086	411.98276	288.09946	994.601	120.39468	538.55334	279.24536	993.3105	233.04153	375.4	498.9	452.6	591.4	47999	72.002266	30.356583	103.7865	-20.394466	72.00243	30.361225	103.73873	-15.434234	-1.4376242	3.064005	23.157545	-12.894505	-73.784874	8.879137	970.5737810134888
13	356.21136	193.2023	686.411	148.87387	677.4018	321.35294	990.0058	143.66898	660.9501	279.2686	902.2942	227.61394	899.95135	45.52521	986.14886	847.93744	541.625	779.2	753.1	1000.0	51999	74.59317	30.059917	105.16914	-23.874128	74.59258	30.063776	104.64116	-23.19528	-1.5268782	3.0504768	21.449875	-13.956221	-76.28525	7.9718027	1078.8613917827606
14	345.046	250.66414	725.96027	77.262314	758.3981	365.69504	999.34296	161.98566	820.98926	342.63867	1000.3225	86.14683	591.7124	368.8288	993.1143	96.69673	506.25	779.5	838.1	632.9	55999	76.27268	30.20181	106.1579	-18.725382	76.27285	30.20488	109.29741	-15.801662	-1.5261012	2.9198573	24.604393	-13.354648	-77.8583	8.098971	1183.3301379680634
15	577.44055	221.61578	762.2278	204.29309	540.64514	365.95593	999.8983	64.86676	736.9518	396.64984	1001.60846	71.34968	691.488	371.067	995.92834	63.422127	785.8	566.0	742.4	718.6	59999	77.92714	30.310507	107.74747	-22.177448	77.92706	30.312859	107.83408	-21.371706	-1.5352795	2.8946972	26.424015	-12.973781	-79.47261	8.488674	1286.4101696014404
16	529.0739	220.10654	773.8142	167.25963	837.07635	240.39053	992.50446	134.02452	683.38446	350.04987	993.70056	115.52451	916.83154	68.277016	985.52	810.59644	733.8	911.8	750.3	1000.0	63999	80.40804	30.451008	110.15533	-19.891706	80.40854	30.453066	109.120636	-21.652792	-1.6625433	2.859464	27.034481	-13.579257	-81.89728	8.194162	1399.9820029735565
17	551.5042	232.12717	744.0463	191.03998	917.6251	68.68522	988.0583	758.1015	832.9155	175.37306	996.77057	324.13895	816.0786	109.568214	977.87244	612.4308	764.0	993.0	937.7	935.2	67999	82.77913	30.528229	113.83888	-28.640799	82.779274	30.53149	110.25457	-31.773205	-1.6446468	2.8674395	29.961868	-16.339989	-84.20486	8.040227	1529.7618932724
18	491.79028	204.87701	748.31744	234.89543	799.3669	89.93131	972.3385	684.107	804.42224	189.1539	988.33203	296.3703	745.3012	130.00934	957.0882	517.8764	680.0	1000.0	948.3	967.8	71999	85.06572	30.428154	116.207565	-20.284512	85.06584	30.430044	111.57792	-16.421469	-1.6468279	2.9477043	28.979103	-12.363759	-86.48672	7.980822	1649.3748812675476
19	417.14584	267.7254	745.34784	95.51381	880.16956	230.49196	998.56586	209.42328	877.7586	196.38678	997.58795	303.49985	885.7	194.85822	981.0239	311.03464	584.0	904.6	930.2	931.7	75999	87.03585	30.460953	114.37693	-30.526495	87.03584	30.463465	112.09019	-33.38718	-1.7470591	2.899145	29.566795	-13.113707	-88.42897	7.4065027	1761.7415444850922
20	739.6993	12.692888	759.63257	724.3373	466.37192	353.67584	996.17236	77.65854	692.91394	347.045	996.1376	118.777504	502.10968	327.27448	980.9517	126.097305	1000.0	522.4	769.4	600.2	79999	89.14731	30.450218	116.497025	-26.036737	89.1474	30.45089	112.92002	-30.586897	-1.8085494	2.8864532	24.350567	-12.837473	-90.47966	7.394889	1861.1152679920197
21	604.1117	232.66249	788.0505	189.9359	661.56335	297.27737	903.0135	186.64426	746.38007	248.05382	961.55994	322.21698	390.94684	267.45752	905.6756	157.88814	766.2	718.3	813.8	401.7	83999	91.00194	30.468002	115.25387	-30.370735	91.00156	30.468801	115.86105	-20.682316	-1.8221458	2.8346648	25.907246	-12.418834	-92.34057	6.941295	1964.523213148117
22	440.5265	277.3077	787.27966	103.0724	925.1838	91.14405	997.69104	685.84656	890.7985	186.28116	995.3884	363.77133	858.73456	223.93869	979.4507	197.64732	550.625	967.7	913.9	906.9	87999	92.98365	30.486475	116.56843	-38.731693	92.98371	30.48651	117.016106	-24.26133	-1.801969	2.8346858	27.13907	-14.770721	-94.28007	6.924314	2084.4203310012817
23	492.74368	234.62361	810.71857	259.91858	895.6453	46.95023	1001.09656	803.89197	912.4704	40.66102	994.44165	833.82465	919.2751	34.797947	981.3148	892.6894	603.5714	1000.0	1000.0	1000.0	91999	94.54986	30.799063	123.982086	-26.026741	94.54925	30.801489	119.70938	-25.163015	-1.8048239	2.8035965	25.912415	-11.731159	-95.8395	6.6497297	2205.8587188720703
24	797.80707	18.733063	821.271	769.1464	908.3049	51.400307	995.63446	798.8541	751.23376	233.60692	987.77356	286.61182	767.99084	305.52295	987.36945	111.734276	1000.0	1000.0	817.8	829.4	95999	96.5986	31.11242	121.99372	-30.509512	96.59901	31.112162	120.68604	-20.228918	-1.797717	2.808561	25.213356	-12.302314	-97.88293	6.661314	2316.3687686920166
25	532.5222	230.62144	811.0314	267.36517	840.93	198.78487	988.32263	268.34753	851.03546	224.40082	993.0105	187.11578	782.3979	272.46313	975.5849	180.05064	681.8	902.8	917.0	824.7	99999	98.64466	31.174011	123.933846	-26.911264	98.64445	31.174109	122.433174	-20.4898	-1.8271307	2.7726085	28.67381	-17.554033	-99.89854	6.341082	2429.4013566970825
26	807.6708	14.721062	822.5814	783.9905	889.0994	51.174793	986.5749	791.4645	909.31085	47.743313	991.24963	816.3132	908.96356	49.10053	983.386	803.85486	1000.0	1000.0	1000.0	1000.0	103999	100.46502	31.21483	127.14336	-34.540634	100.46542	31.21472	125.08143	-16.427464	-1.7984002	2.7577295	25.45477	-14.690231	-101.711624	6.605256	2547.9209458827972
27	805.2493	6.112854	811.15485	796.00574	898.5031	2.8761928	902.265	893.02234	887.6546	24.400341	902.2054	816.32074	894.6201	5.806135	900.92487	883.7983	998.75	1000.0	1000.0	1000.0	107999	102.21563	30.951958	126.297516	-21.453808	102.21571	30.953888	126.356186	-28.510529	-1.8252743	2.6986723	29.81676	-14.498627	-103.4125	6.6001143	2667.1033368110657
28	684.6093	229.82863	804.68896	225.02435	949.3262	45.622704	999.48883	901.89923	950.12146	46.16287	1000.6447	895.34595	931.74493	40.083645	987.7374	891.08453	852.8	1000.0	1000.0	1000.0	111999	103.58489	31.11067	128.55849	-25.930044	103.58497	31.11161	127.20466	-24.917246	-1.8167166	2.6959538	23.659086	-13.874184	-104.77142	6.3588614	2785.5688729286194
29	790.15735	6.172564	798.9424	781.95605	894.99884	38.11729	972.15485	802.62744	888.04083	27.393488	900.28265	805.9989	905.2692	23.050346	961.5703	891.95447	1000.0	1000.0	1000.0	1000.0	115999	104.92198	31.006014	127.46265	-28.803335	104.92239	31.00563	127.6303	-17.811954	-1.8153769	2.6856506	26.161304	-13.470547	-106.11073	5.9002914	2904.7629668712616
30	766.08813	22.589565	781.3734	727.2593	900.1068	2.5440366	907.01953	897.6185	886.6371	29.355543	900.95795	800.50354	895.9754	1.3156699	898.5012	893.98505	993.0	1000.0	1000.0	1000.0	119999	106.236	30.572245	129.3503	-28.32903	106.23623	30.572939	128.05135	-15.608315	-1.8971536	2.656007	24.63095	-13.196055	-107.39149	5.7388215	3022.4225862026215
31	784.39966	3.4450147	787.9209	778.8856	900.1737	1.1141781	901.7805	898.32104	890.51434	29.806557	901.7267	801.1209	895.41016	3.4577289	899.20184	886.78253	1000.0	1000.0	1000.0	1000.0	123999	107.31797	30.36675	129.01492	-21.848825	107.31841	30.368034	128.30655	-21.674442	-1.8906382	2.6431227	29.388153	-13.20066	-108.46231	5.7332587	3138.272407770157
32	731.531	81.96563	786.30133	589.8357	877.2165	39.312668	899.9409	798.0459	897.86456	1.8174767	900.90765	894.6922	896.53436	1.77942	898.9582	894.2952	929.0	1000.0	1000.0	1000.0	127999	108.53193	29.985401	129.77293	-29.107067	108.53154	29.98761	128.83986	-25.6501	-1.9345782	2.620377	25.835604	-14.378576	-109.6651	5.4172716	3255.9012591838837
33	787.813	16.421417	799.7551	759.5475	896.58704	1.1692523	897.9726	894.52454	884.5669	30.241968	900.9584	794.16504	895.13153	3.4905338	900.1991	889.2008	1000.0	1000.0	1000.0	1000.0	131999	109.45855	29.769516	131.70197	-32.06925	109.45841	29.770082	130.70323	-26.941486	-1.9539673	2.602115	26.550129	-15.926527	-110.57553	5.2543397	3376.2087948322296
34	729.9389	86.05145	799.37054	561.89764	908.8053	25.534107	985.1839	897.5052	853.7882	201.0312	995.81384	261.34528	858.51917	185.99052	980.38983	308.7287	941.2	1000.0	924.9	930.0	135999	110.37016	29.62114	131.62341	-28.73901	110.37061	29.621075	130.98224	-18.77149	-1.9252291	2.6047025	28.13952	-13.193893	-111.47841	5.0733485	3495.664012670517
35	783.8108	3.25558	788.4247	779.9692	889.4049	23.623606	899.8579	818.67737	881.9051	31.528763	900.11554	798.20026	894.8922	2.3681576	897.10455	889.0214	1000.0	1000.0	1000.0	1000.0	139999	111.19196	29.31673	133.17589	-28.214478	111.19142	29.317253	131.48515	-28.0068	-1.9004098	2.5393095	26.063066	-13.598919	-112.268845	4.937924	3618.174300670624
36	776.81177	10.044297	786.45746	760.13116	896.52673	1.3487393	899.26013	894.18604	895.04376	2.3423133	898.5884	890.91675	797.1754	244.56291	894.69635	68.876656	1000.0	1000.0	1000.0	917.2	143999	111.9431	29.313852	132.42273	-25.757204	111.943	29.313093	131.8138	-21.253328	-1.9578694	2.5668964	26.642591	-12.425251	-113.00939	4.978468	3737.1259520053864
37	773.171	4.4669905	779.61676	768.86383	888.4232	30.320395	900.28796	797.51733	897.2689	2.722751	901.12134	892.3158	882.1377	28.191513	899.1526	798.68054	1000.0	1000.0	1000.0	1000.0	147999	112.79801	29.105211	133.3028	-36.445362	112.79838	29.102978	131.15279	-21.266323	-1.9851978	2.574443	28.134169	-13.326295	-113.87704	4.959495	3854.465200662613
38	758.98987	32.52885	783.6167	703.45544	856.6134	35.123592	897.633	777.6356	822.51843	140.73593	892.7333	405.72083	784.02704	197.2382	890.8848	194.18102	1000.0	1000.0	952.9	926.6	151999	113.47602	28.932077	132.41928	-38.62492	113.47582	28.931181	132.35738	-65.316895	-2.0708573	2.5655806	30.29114	-13.402645	-114.52587	4.9221835	3967.7747893333435
39	783.1656	12.524277	795.1924	765.44885	887.1821	28.088194	899.51654	803.044	877.6911	44.984512	898.688	746.6985	881.395	32.14696	894.59406	785.09753	1000.0	1000.0	988.3	1000.0	155999	114.01854	28.614178	134.55148	-30.389746	114.01815	28.613993	132.20097	-30.499498	-2.0210598	2.5539062	33.677586	-13.189119	-115.04779	4.8181024	4083.7578041553497
40	720.381	95.42493	782.5877	555.2813	922.4476	38.59191	1000.0235	899.768	968.4501	42.911896	999.836	898.66595	943.4708	46.32367	995.20245	892.91846	924.75	1000.0	1000.0	1000.0	159999	114.68112	28.335995	134.13751	-48.735683	114.68113	28.333605	132.73296	-24.692171	-1.9980075	2.5097713	33.451366	-14.256789	-115.68715	4.5690756	4201.745532751083
41	760.4296	6.076299	764.8136	750.00885	895.9669	1.8257352	899.03687	891.38934	864.7518	41.613388	898.36145	800.0829	886.43164	12.948838	898.54443	856.23914	1000.0	1000.0	1000.0	1000.0	163999	114.92959	28.48631	133.35028	-24.696896	114.92968	28.484598	133.34854	-23.51229	-2.0115228	2.5261612	47.465195	-14.473197	-115.934	4.8315845	4320.636350631714
42	754.98785	18.240902	775.45074	727.6527	886.71857	30.197102	899.64264	796.28955	897.74414	2.4189527	901.8127	893.84576	884.1771	29.673914	896.7062	795.3783	1000.0	1000.0	1000.0	1000.0	167999	115.57973	28.050402	134.15492	-40.62189	115.57969	28.048141	133.30774	-41.973328	-2.0617814	2.5211465	31.94173	-13.644818	-116.597244	4.8752713	4441.841995477676
43	639.5807	254.29895	788.48834	131.80806	868.3883	38.44201	898.76324	799.6007	850.7703	89.28251	897.984	601.0121	881.4108	19.555567	895.96515	831.6728	827.8	1000.0	981.2	1000.0	171999	116.14334	27.608747	134.8075	-29.851543	116.14289	27.609646	133.49191	-30.674944	-2.0994163	2.5187404	36.464287	-12.934851	-117.14083	4.4746475	4561.896691560745
44	762.97003	14.001389	779.8893	741.2019	868.61926	44.27974	900.07635	798.99567	869.03845	45.233112	899.81494	799.18335	896.0584	1.8489687	898.72504	891.9542	1000.0	1000.0	1000.0	1000.0	175999	116.64482	27.195822	135.27031	-38.066635	116.64492	27.19422	134.39172	-57.707157	-2.1120632	2.4768214	30.365099	-14.0661125	-117.62914	4.5723944	4682.891972780228
45	771.8891	6.6131263	779.9692	762.3377	887.7887	29.046438	898.865	800.67957	887.0789	28.899563	899.0175	800.46094	882.1999	29.16113	894.88306	794.91235	1000.0	1000.0	1000.0	1000.0	179999	117.1395	26.9368	134.4729	-31.834156	117.13944	26.93664	133.71011	-29.801502	-2.1176877	2.4529562	27.421682	-14.195999	-118.12263	4.5666943	4803.743957281113
46	763.0102	18.360483	785.19385	736.1803	880.4129	37.50089	900.3408	803.90967	898.8605	1.255987	901.50714	896.981	897.55206	0.82284707	898.6229	895.95966	1000.0	1000.0	1000.0	1000.0	183999	117.84436	25.970943	159.95296	-32.247944	117.84359	25.973894	174.12515	-27.488464	-2.098398	2.5225608	28.31997	-15.274343	-118.82812	5.122389	4922.498622894287
47	39.641052	132.4119	649.9375	-5.2259626	13.666704	6.9622808	26.055782	1.3896443	15.80887	8.794072	24.727327	1.3897104	15.244222	3.7192814	22.205587	10.681574	101.82927	76.4	80.8	76.6	187999	121.11878	27.261642	217.79497	-112.76558	121.11956	27.266058	221.79347	-108.93912	-0.71832204	3.4165468	39.45186	-13.592044	-122.7881	10.464123	4997.879302740097
48	85.08249	167.71552	666.5947	3.788876	498.61542	361.98978	797.26697	47.233788	235.50313	298.3145	794.2226	32.474705	753.43207	206.05489	845.6846	137.6824	180.13637	639.5	329.1	923.1	191999	137.6579	35.01556	206.87137	-99.68803	137.65717	35.020004	204.93872	-101.16381	-0.12966752	3.0702004	26.80878	-12.766272	-139.36449	10.878571	5101.889381885529
49	81.25511	107.63134	511.4105	29.340363	406.84506	364.9649	901.59973	50.622826	608.0755	363.25223	899.7932	39.197033	407.67136	353.4414	897.2149	22.33756	173.44444	504.8	734.3	487.8	195999	135.72528	35.160908	163.4093	-70.10116	135.72508	35.159008	163.28142	-41.781643	-1.8989877	2.5382996	35.559334	-13.07805	-136.73378	8.004389	5203.801363229752
50	733.19855	46.048042	779.1529	663.52966	879.2062	17.012295	897.80896	852.6516	806.0737	197.06882	897.1406	222.0417	867.88885	57.97994	900.4794	698.87634	1000.0	1000.0	927.6	982.5	199999	130.8113	34.80753	154.92314	-40.156147	130.81175	34.807743	154.5243	-43.33913	-2.0480306	2.6066647	26.807991	-13.7484455	-131.79286	7.852381	5322.218582391739
51	573.9398	311.8065	798.2503	96.5441	903.14075	25.069662	974.53094	872.19855	892.1538	36.18775	960.5574	801.95416	886.5187	13.843913	897.33923	862.2275	731.0	1000.0	1000.0	1000.0	203999	127.54381	33.829052	152.48708	-39.46992	127.5433	33.830784	150.5647	-31.565283	-2.0059736	2.5845277	32.969402	-14.716936	-128.50146	7.2318926	5440.8333830833435
52	755.3555	17.176495	777.64276	732.4224	826.1992	218.2355	902.4528	171.5244	822.8543	224.92818	901.0918	148.11833	596.84216	303.0978	898.7837	181.87236	1000.0	920.9	919.5	678.9	207999	125.20186	32.847992	147.62334	-38.155754	125.20171	32.848034	147.4334	-46.00142	-1.9481319	2.6298077	36.47402	-12.347328	-126.17066	6.793444	5552.536523342133
53	788.3231	6.3392177	793.74316	778.1679	888.17957	29.190933	904.34656	802.1697	895.5582	6.69294	905.3537	883.1152	886.9795	27.090075	901.7158	806.7158	1000.0	1000.0	1000.0	1000.0	211999	123.75889	31.550117	144.64507	-47.440308	123.75834	31.549002	145.02507	-42.505978	-1.9912143	2.6131682	26.857483	-13.45029	-124.72121	6.0004897	5672.387192726135
54	778.3387	16.289618	795.0306	751.5122	890.03046	52.727528	994.4066	799.5271	883.3511	35.664425	903.2064	805.67804	884.3761	32.08708	914.3056	806.69836	1000.0	1000.0	1000.0	1000.0	215999	122.41902	30.931313	142.8523	-34.725075	122.41942	30.928034	143.02081	-26.28715	-2.0458348	2.5820158	27.08247	-14.716145	-123.365234	5.791686	5792.934113264084
55	734.14166	54.218792	780.961	642.19415	888.81964	28.425282	900.5178	803.6324	888.51385	30.867676	900.1898	795.9986	877.2062	38.102684	898.2658	800.5113	952.5	1000.0	1000.0	1000.0	219999	121.60722	30.326977	141.48653	-51.085953	121.60746	30.32549	141.66373	-63.024864	-2.0952816	2.5860364	26.280989	-14.295086	-122.54502	5.3188515	5912.804882049561
56	772.8043	10.121344	786.619	759.75586	881.8251	37.792133	902.59644	805.89514	891.6297	28.146887	902.1603	807.2325	898.4762	1.2577521	899.582	895.2895	1000.0	1000.0	1000.0	1000.0	223999	121.00534	29.273748	140.22923	-31.700834	121.00539	29.271606	140.62617	-30.741058	-2.1129842	2.5313065	29.926777	-13.971786	-121.920876	5.0229697	6030.915266990662
57	778.11975	18.121756	792.4902	747.50354	891.64294	27.51309	904.0117	809.2214	891.32275	26.857136	906.1711	811.0944	898.4551	1.7246346	901.3628	895.04205	1000.0	1000.0	1000.0	1000.0	227999	120.23388	29.268229	140.30984	-28.101988	120.23369	29.268509	140.25919	-45.84815	-2.1226778	2.5407634	28.576387	-13.878683	-121.145905	4.9286427	6147.583312988281
58	788.86224	10.340858	798.13635	771.48364	871.6699	43.05942	901.06226	803.90515	888.39825	29.05885	899.8123	801.31415	886.28534	29.833874	898.02234	796.9225	1000.0	1000.0	1000.0	1000.0	231999	120.13701	28.548265	139.35008	-33.339745	120.13666	28.54784	139.43466	-33.503254	-2.1633303	2.499604	31.780922	-15.740669	-121.03891	4.5023065	6266.402519702911
59	778.9503	6.3524895	789.2185	772.58545	899.75134	2.2993016	902.4625	893.57806	891.1048	28.393682	902.2628	805.9854	898.4795	1.8456935	900.5193	893.4708	1000.0	1000.0	1000.0	1000.0	235999	120.11829	27.90794	138.59137	-75.13811	120.1182	27.90665	142.10405	-24.275312	-2.1951256	2.5166018	31.485317	-12.9472065	-121.031525	4.5351295	6386.6808087825775
60	786.3043	4.623477	793.10803	780.75745	898.9215	1.0119355	900.4559	896.97473	889.1761	29.400133	900.32135	801.02893	877.2106	38.766987	897.3763	799.4082	1000.0	1000.0	1000.0	1000.0	239999	120.08368	27.592024	142.25009	-36.595985	120.08353	27.592196	147.06555	-30.019323	-2.2537198	2.4524384	33.202553	-13.193679	-120.96308	4.0029993	6508.482350349426
61	785.0829	8.846776	795.1427	771.05493	870.3333	43.934727	901.5962	802.508	889.88556	28.189062	901.6839	805.41766	896.62823	1.2187016	898.6794	894.5742	1000.0	1000.0	1000.0	1000.0	243999	120.05516	27.381319	142.03223	-51.694763	120.05549	27.38008	142.01845	-45.79649	-2.21904	2.4617496	29.6441	-13.155862	-120.948074	4.0731063	6630.032204151154
62	780.9626	8.904189	789.35364	766.14307	881.01495	38.326942	902.03625	804.39636	899.62744	1.4968598	903.135	896.89716	898.2214	0.8229446	899.44165	897.1153	1000.0	1000.0	1000.0	1000.0	247999	119.9092	27.316925	139.7891	-42.37693	119.90917	27.31572	137.57835	-35.831738	-2.196513	2.4352293	29.961884	-13.23892	-120.77454	3.9149134	6750.468518257141
63	770.52625	9.185563	779.9196	755.3716	870.75354	44.16409	901.14874	803.1912	890.73535	28.66431	901.77277	804.78143	888.4291	28.89107	899.58093	801.8149	1000.0	1000.0	1000.0	1000.0	251999	120.00864	27.204689	138.82037	-67.50634	120.00866	27.203297	137.93533	-31.177505	-2.2235646	2.4527082	32.930847	-12.472426	-120.88329	4.049997	6869.9749801158905
64	776.2177	8.951983	784.29126	761.0959	901.3043	1.2815284	903.9036	899.57227	900.5316	1.5395033	903.1981	898.5133	898.3253	0.43420073	899.026	897.48584	1000.0	1000.0	1000.0	1000.0	255999	120.19467	26.79173	142.15227	-48.069004	120.19454	26.791111	141.74075	-62.147804	-2.2070186	2.4514186	39.93858	-13.309064	-121.0595	4.1933713	6987.404769897461
65	739.742	56.190155	778.46747	642.8848	898.54346	1.6506449	901.12836	896.1225	888.38245	30.54274	900.84845	796.9266	885.35144	28.503904	897.0991	800.0694	954.25	1000.0	1000.0	1000.0	259999	120.44521	26.672934	151.40042	-62.611523	120.4454	26.674377	149.88837	-38.000214	-2.232243	2.4329693	24.682972	-13.48712	-121.32167	4.1425147	7106.689158201218
66	776.9058	11.663525	789.55804	764.0901	982.2482	36.815807	1002.33356	904.5284	990.172	28.154726	1003.10516	906.321	981.09534	26.396528	997.7735	905.07965	1000.0	1000.0	1000.0	1000.0	263999	120.45233	26.416784	155.93932	-32.86151	120.45204	26.41523	152.52975	-20.012636	-2.2501082	2.427906	30.250668	-12.958242	-121.3125	3.7823336	7223.577102661133
67	770.8358	6.9591317	778.1927	759.5106	877.1012	38.54053	898.9955	799.45447	887.1854	28.759682	899.1074	801.03284	888.00214	11.928733	899.2171	857.8715	1000.0	1000.0	1000.0	1000.0	267999	120.68966	26.112349	158.50522	-33.174892	120.68946	26.112028	157.68225	-21.030798	-2.2553635	2.4056628	28.491589	-13.446481	-121.54722	3.8330932	7342.527321100235
68	773.91754	5.1884665	782.6581	769.131	890.1631	27.937555	902.45856	806.49365	898.90344	1.3784815	900.7732	896.28107	898.0288	1.0555581	899.7901	896.5563	1000.0	1000.0	1000.0	1000.0	271999	120.90708	25.780638	161.11598	-40.92672	120.90671	25.781101	161.82625	-44.357395	-2.3051367	2.4231143	37.307407	-17.57878	-121.74787	4.1457586	7463.939607143402
69	777.03687	6.5155625	786.9381	770.1746	883.8168	37.322155	904.59125	808.80725	923.2589	71.03798	999.71075	806.8456	888.80206	45.800297	970.9087	804.813	1000.0	1000.0	1000.0	1000.0	275999	120.99248	25.873169	165.4093	-37.005203	120.99208	25.872046	166.44118	-25.906189	-2.3195584	2.3970394	34.415813	-13.685271	-121.83339	3.7354665	7585.85754776001
70	769.6985	8.965854	780.5639	756.0126	892.42224	27.889095	903.9093	808.83405	892.7035	27.595564	904.5208	810.02905	881.1247	52.841972	984.08966	806.86865	1000.0	1000.0	1000.0	1000.0	279999	121.23502	25.62712	166.95555	-34.907104	121.23489	25.628454	170.8468	-32.229664	-2.318779	2.4304771	44.27905	-13.759815	-122.08912	3.8170767	7706.864807128906
71	773.6764	7.4167113	781.82935	763.5318	901.31165	42.822384	997.63934	806.23956	872.4263	43.7591	902.57886	804.65265	905.8823	46.43997	981.6594	803.47003	1000.0	1000.0	1000.0	1000.0	283999	121.8799	25.149792	166.50627	-44.627518	121.87988	25.146378	164.71864	-26.561325	-2.3198998	2.4565415	49.75367	-12.430484	-122.74277	3.8009348	7826.785830497742
72	768.11914	6.1544566	775.4958	760.31104	894.3592	36.40147	960.1271	801.2927	889.58563	29.482334	902.723	801.29364	895.6979	9.63397	902.1423	867.14667	1000.0	1000.0	1000.0	1000.0	287999	122.11645	25.041044	177.74722	-66.48545	122.11673	25.038925	173.4358	-62.02097	-2.3855515	2.376191	34.10555	-11.749067	-122.94809	3.5244792	7946.93022942543
73	769.459	7.345107	779.1538	761.08044	900.516	1.8807946	902.24896	896.63293	890.5461	28.197824	901.2329	805.9946	878.9872	37.18196	899.7254	804.5412	1000.0	1000.0	1000.0	1000.0	291999	122.26433	24.949461	170.1761	-32.43576	122.2645	24.949253	174.74841	-41.92432	-2.3911033	2.3883595	48.540333	-13.745143	-123.094925	3.9075484	8066.579587459564
74	767.5802	15.09413	790.25024	748.6569	817.89856	223.29471	908.22424	153.29553	832.0789	201.72173	902.3862	226.93549	734.46295	356.05795	958.92535	17.823488	1000.0	916.2	924.3	805.7	295999	122.39626	24.874262	173.82736	-30.24563	122.39598	24.871859	178.14319	-23.62381	-2.3679223	2.4492939	44.42648	-13.073839	-123.23597	3.6549788	8180.419447422028
75	422.94946	290.879	786.8864	12.790104	893.25946	28.568605	903.83167	807.6112	831.84357	209.59544	904.4505	203.07924	878.5282	30.10126	902.5643	806.484	605.375	1000.0	927.7	1000.0	299999	122.79173	24.877388	170.54143	-57.974655	122.79214	24.875954	170.28377	-72.18143	-2.382497	2.4433572	45.646782	-13.527962	-123.63989	4.418221	8301.181322097778
76	698.3657	83.977936	787.8156	585.1865	882.4175	33.143433	899.92346	800.8598	897.8721	1.4361519	900.8923	896.1332	895.3789	2.7746184	898.4901	888.98444	981.25	1000.0	1000.0	1000.0	303999	122.76461	24.767263	138.35968	-41.428238	122.76499	24.765533	142.49933	-26.29807	-2.4302943	2.2889924	26.496696	-12.79024	-123.57801	3.9284337	8422.840013980865
77	754.76245	14.337584	779.16174	744.34875	901.1872	4.3407845	904.95374	888.88916	900.41425	2.7322156	903.1687	893.5117	899.24744	7.0562234	915.2744	887.1524	1000.0	1000.0	1000.0	1000.0	307999	122.52724	24.782684	137.22507	-65.68218	122.52717	24.782269	138.57532	-31.899494	-2.3885572	2.312053	33.898674	-12.430626	-123.32787	4.1545496	8543.861974954605
78	780.8919	5.526463	788.91016	773.47565	900.3548	1.4940976	903.08875	898.4231	890.0646	27.559933	902.691	807.5755	888.8836	28.889101	900.75433	802.35315	1000.0	1000.0	1000.0	1000.0	311999	122.40131	24.765945	138.28575	-46.585255	122.40073	24.766748	137.3185	-34.394028	-2.3644493	2.2917457	27.909008	-12.622153	-123.21225	3.5702882	8667.542378664017
79	775.149	5.666633	779.9279	765.5124	901.81506	1.0469974	903.3924	900.14056	775.5218	232.09154	903.72455	223.57791	898.3123	0.6619775	899.65155	897.3901	1000.0	1000.0	862.4	1000.0	315999	122.39773	24.807549	141.26442	-43.05831	122.39813	24.80706	138.26723	-43.33825	-2.3772335	2.2799816	26.498716	-12.765765	-123.19408	3.8921425	8788.035720825195
80	778.6288	10.094749	788.7568	761.81805	900.77747	1.2921137	902.6096	898.0178	900.0553	0.87297815	901.3584	898.61926	895.8026	5.253016	900.8501	884.1333	1000.0	1000.0	1000.0	1000.0	319999	122.67371	24.602116	141.76024	-37.284603	122.67363	24.600674	139.63994	-30.608011	-2.3456564	2.3183367	25.436258	-13.846291	-123.48564	3.6024687	8907.635989904404
81	770.6486	6.284722	777.14575	762.48517	898.6686	1.6907871	901.48096	895.66864	895.3911	7.580965	900.3195	880.1539	886.9186	29.054943	899.39325	800.16205	1000.0	1000.0	1000.0	1000.0	323999	122.85266	24.451195	158.93155	-38.759514	122.85272	24.450386	158.34673	-28.364769	-2.3715155	2.3002388	23.56449	-12.572945	-123.63936	3.7002077	9025.93084692955
82	771.1536	4.21541	775.9085	766.2541	899.39905	1.765136	901.58563	896.94275	832.4801	171.85811	900.95746	324.12198	877.549	36.095825	899.1391	798.92993	1000.0	1000.0	936.9	1000.0	327999	122.7909	24.487154	147.40784	-43.16423	122.79107	24.48333	148.6856	-38.537827	-2.338425	2.2802322	29.685076	-13.097699	-123.57717	3.6831737	9146.35170340538
83	775.01575	8.516589	783.5181	760.90094	881.17786	37.89007	900.7968	804.7044	890.2582	28.249483	901.22705	805.5595	888.8494	28.547731	901.0975	803.40955	1000.0	1000.0	1000.0	1000.0	331999	122.86779	24.328041	147.03429	-30.83608	122.86756	24.327038	143.23643	-18.700441	-2.348332	2.2670822	25.864752	-14.815636	-123.65622	3.4407916	9266.767935752869
84	780.53204	7.9426446	793.374	772.10126	880.18066	38.62464	901.6777	802.8817	898.61914	2.1928751	900.94354	893.01733	888.18555	28.695179	900.09174	802.28564	1000.0	1000.0	1000.0	1000.0	335999	123.15909	23.931282	138.55826	-29.065197	123.15931	23.930964	139.93613	-23.765112	-2.3673544	2.2755637	31.539131	-11.941011	-123.97208	3.205593	9387.529104948044
85	772.81946	10.767283	784.825	757.0885	881.03503	38.79851	903.15607	803.296	899.563	1.3791387	901.5079	897.47687	897.7333	0.7419386	898.6656	896.7746	1000.0	1000.0	1000.0	1000.0	339999	123.5234	23.283276	142.90689	-27.898924	123.52351	23.28205	141.79753	-28.210625	-2.3754797	2.2465641	24.432037	-13.642979	-124.32963	3.6911583	9509.096892595291
86	765.15625	8.227367	773.69183	756.1021	856.90497	46.704224	900.69604	799.84204	889.443	27.444082	901.108	807.2114	865.36865	44.65664	898.86835	796.81195	1000.0	1000.0	1000.0	1000.0	343999	123.83095	23.049673	146.63882	-27.062006	123.83096	23.047733	145.71107	-41.38215	-2.411906	2.2437985	25.009815	-17.622166	-124.61744	3.5342038	9628.182154893875
87	766.0368	4.889588	773.5387	759.95404	891.32263	28.605562	903.27637	805.6444	882.43787	38.621758	903.2607	804.28375	888.0203	26.186636	900.8283	810.2053	1000.0	1000.0	1000.0	1000.0	347999	124.19591	22.263401	154.65729	-69.710686	124.19592	22.259882	160.0897	-19.789257	-2.4258232	2.2738836	27.283398	-13.118299	-124.99871	3.3069727	9748.954184532166
88	771.89026	2.2931023	775.6996	769.67615	883.49426	37.797527	904.4128	807.8417	883.43567	36.82763	903.1884	807.1773	890.0724	28.164154	901.5309	805.85205	1000.0	1000.0	1000.0	1000.0	351999	124.57847	21.414434	166.17813	-44.508762	124.5783	21.415136	166.99953	-38.430084	-2.3686826	2.2391057	28.059504	-13.330426	-125.375015	3.713737	9868.232524633408
89	774.113	7.9736733	782.834	764.08887	889.8714	28.71514	902.6264	804.0405	898.3771	2.2617137	901.8485	893.92975	886.41797	29.000208	901.1607	800.1167	1000.0	1000.0	1000.0	1000.0	355999	125.23183	19.99133	169.89243	-51.455082	125.2325	19.990509	172.32718	-36.298008	-2.3319821	2.3221552	25.888763	-13.192033	-126.08266	3.8945386	9986.5305621624
90	770.2817	3.2233145	774.8914	765.80615	883.49915	38.228157	905.4669	806.8848	892.4492	28.518936	904.2994	806.9573	898.1325	1.67624	900.6389	894.95764	1000.0	1000.0	1000.0	1000.0	359999	126.09928	18.36233	179.02739	-29.864017	126.09976	18.363169	177.04025	-27.277075	-2.4249723	2.2439845	28.332235	-14.230075	-126.92203	4.0648727	10105.910965681076
91	207.58731	270.92465	772.6051	51.904236	775.0454	358.53357	1000.65314	62.58657	228.45047	337.40958	903.273	54.26663	338.35635	421.62607	985.33093	50.18438	256.375	811.6	243.9	340.2	363999	126.67461	18.323986	177.69891	-33.870125	126.67426	18.324543	179.97964	-40.53267	-2.3308043	2.356526	31.38325	-12.362641	-127.54647	4.728566	10202.779123544693
92	77.45992	17.428051	172.9648	56.946102	111.25045	13.2227125	134.39406	96.16982	107.61919	19.999027	163.5799	89.47671	188.21043	231.58426	881.18506	95.38489	74.12963	89.2	85.6	180.9	367999	127.95646	19.925755	158.89888	-28.87494	127.95567	19.926807	163.72025	-33.142044	-1.9269531	2.2459705	29.800947	-13.842606	-128.84782	4.490873	10282.023612499237
93	164.79848	157.97849	701.4639	75.637535	724.3318	356.97543	997.191	166.43137	606.40765	353.18332	1000.9262	114.52273	417.8646	338.81348	986.85706	134.8075	178.95454	747.8	626.7	424.2	371999	127.14857	23.013264	147.94621	-31.433264	127.1481	23.016432	145.13266	-22.81304	-2.264338	2.1961846	31.741734	-12.494933	-127.915794	3.8607183	10382.418316841125
94	493.13208	291.16016	785.9997	84.541275	902.1838	1.1283228	903.90656	900.17615	882.251	38.83238	903.42523	804.28723	885.55615	27.57762	900.5966	803.4724	624.8333	1000.0	1000.0	1000.0	375999	125.36648	24.440786	142.63562	-30.483692	125.36615	24.444046	141.3412	-30.276497	-2.3807275	2.1832948	28.24103	-13.688024	-126.11352	3.6259546	10503.467966079712
95	770.26666	5.366176	775.63934	763.64777	884.8495	37.08308	905.39844	810.73083	893.7875	28.267834	905.4447	809.1171	882.81934	35.255447	904.2198	808.4984	1000.0	1000.0	1000.0	1000.0	379999	124.30362	24.948654	139.6898	-52.179504	124.30294	24.948309	139.19754	-53.068707	-2.4168825	2.2545414	28.865643	-13.262066	-125.06438	4.00654	10625.191272735596
96	770.60864	6.9112782	779.9739	760.6622	894.5928	28.04384	906.16425	810.5226	885.16516	37.582577	906.214	809.9699	875.3843	40.97637	904.1623	809.6541	995.25	1000.0	1000.0	1000.0	383999	123.79267	25.022175	138.74492	-42.550777	123.79293	25.019552	138.88318	-37.375435	-2.4373243	2.2142415	27.28916	-14.590707	-124.56581	3.7834737	10746.758936882019
97	774.7657	10.232592	791.4711	763.6159	899.9879	1.2818252	901.90717	897.62085	889.6829	29.103203	901.6663	802.5997	877.15466	39.511547	900.0145	798.1526	1000.0	1000.0	1000.0	1000.0	387999	123.63513	24.871576	139.62042	-43.091286	123.63493	24.869806	138.7938	-47.410202	-2.4668906	2.2247403	31.825188	-13.571136	-124.40314	3.571045	10864.902691602707
98	759.15204	9.229588	773.35864	748.82056	890.4803	29.767561	902.0458	801.24384	885.0321	31.63773	903.3074	804.0693	893.33514	4.405424	899.7452	884.7285	1000.0	1000.0	1000.0	1000.0	391999	123.61554	24.690016	138.27998	-39.80371	123.61552	24.689413	138.87279	-30.67306	-2.4855952	2.2319613	32.42839	-15.062008	-124.39237	3.5350788	10982.246002912521
99	775.17566	13.255697	790.5664	756.68585	905.14343	1.1127533	907.1284	904.10846	887.464	35.55222	907.02625	815.52	900.5291	1.9376104	902.13855	896.6257	1000.0	1000.0	1000.0	1000.0	395999	123.44575	24.773848	139.13025	-33.995686	123.44587	24.772821	137.923	-29.947771	-2.4748209	2.2077293	28.428343	-12.600473	-124.19983	3.4344893	11101.013314008713
100	767.16974	10.588786	778.33435	752.8269	894.4977	27.889992	905.72327	810.899	895.10333	26.691368	907.30304	815.15375	892.3571	26.021908	903.5248	814.6184	1000.0	1000.0	1000.0	1000.0	399999	123.50516	24.587076	138.79204	-37.644047	123.50546	24.586462	139.00874	-30.7192	-2.4709897	2.1855264	33.53821	-15.955996	-124.278854	3.1495845	11221.524876832962
101	780.7554	6.314202	789.88336	772.8903	892.5869	29.142084	903.5271	805.1965	883.32996	38.32399	904.4281	806.5729	894.64197	21.635939	917.6939	844.5092	1000.0	1000.0	1000.0	1000.0	403999	123.78251	24.127583	138.77713	-33.766273	123.7823	24.126299	138.83066	-30.995653	-2.5398283	2.15275	26.302198	-13.670066	-124.54428	3.1419566	11343.304993629456
102	766.09546	8.040356	774.34143	756.853	883.79004	38.451607	903.66925	806.3258	901.63684	1.5739205	903.308	898.42975	870.07635	43.54593	901.4866	802.6834	1000.0	1000.0	1000.0	1000.0	407999	123.83444	24.14354	140.69957	-51.915543	123.83415	24.14256	138.83675	-44.107685	-2.5194478	2.1983993	24.75336	-13.578602	-124.59664	3.04231	11465.085975408554
103	771.7446	5.6135764	779.45184	764.23126	898.4787	58.243107	989.1172	803.6484	925.47205	41.955418	994.7404	894.8991	896.05695	4.699496	904.5239	889.12317	1000.0	1000.0	1000.0	1000.0	411999	124.09823	23.920267	138.51613	-31.469084	124.09792	23.919762	139.73297	-58.43592	-2.5650759	2.1637192	24.186382	-10.950476	-124.85469	3.0128524	11585.128051757812
104	775.0014	2.276737	778.3787	771.95636	882.2357	38.484196	902.9572	804.65234	881.3234	38.074306	901.21783	803.877	888.03485	28.432465	899.9357	802.90533	1000.0	1000.0	1000.0	1000.0	415999	124.23026	23.961874	139.77606	-50.951	124.23012	23.960438	141.11063	-35.316105	-2.557685	2.1562173	34.142113	-11.77518	-124.99027	3.0963867	11704.998396396637
105	771.62354	5.6262164	780.65204	765.22003	893.38885	29.092005	904.88416	806.1627	902.6981	1.2091128	905.13794	901.1381	893.141	17.838942	901.8657	839.80084	1000.0	1000.0	1000.0	1000.0	419999	124.36773	23.824068	138.80734	-29.590868	124.3674	23.823689	141.49861	-35.917656	-2.5585113	2.1650062	23.097778	-12.292673	-125.12178	2.9565332	11823.56868481636
106	772.6205	8.472771	781.27277	758.57635	896.87195	9.447842	902.763	869.0884	886.5802	29.718987	904.05237	801.48425	893.42224	9.820776	900.65295	873.3521	1000.0	1000.0	1000.0	1000.0	423999	124.32071	23.776371	139.39938	-70.46353	124.32041	23.774483	139.08942	-53.368362	-2.5095134	2.1694615	27.822922	-12.478521	-125.08109	3.1235762	11943.346200466156
107	776.2077	2.6859307	779.78284	772.27313	903.21045	1.8728551	907.6178	900.84796	893.08075	27.192896	905.427	811.6421	899.65234	1.6694659	901.9103	895.9973	1000.0	1000.0	1000.0	1000.0	427999	124.35957	23.660604	139.02286	-44.707867	124.35978	23.658613	142.2207	-39.366604	-2.5461357	2.1278105	35.3032	-12.564939	-125.117455	3.18713	12064.93525981903
108	776.52576	6.8186445	784.46045	766.85693	880.1462	38.137127	903.16235	803.8978	879.8162	37.631096	902.76587	804.39374	878.09247	37.567432	901.9803	800.38666	1000.0	1000.0	1000.0	1000.0	431999	124.37215	23.780424	139.48415	-49.31992	124.37207	23.778742	138.44797	-28.72571	-2.5560305	2.1464915	27.655088	-15.110163	-125.12148	2.952878	12188.316375017166
109	782.7851	17.946081	796.1828	752.3267	884.8849	38.79358	908.6025	806.8757	883.9759	38.69899	905.4863	806.3603	858.9495	45.543045	916.85706	808.95685	1000.0	1000.0	1000.0	1000.0	435999	124.58374	23.631582	139.86989	-59.56393	124.58377	23.630127	139.63733	-22.836002	-2.5652165	2.143563	30.693542	-14.868709	-125.34225	2.8967519	12310.20541191101
110	775.9245	4.2987514	780.1009	768.88324	892.6362	28.074265	904.2584	808.70184	903.0653	0.8889851	904.3096	900.89746	900.04376	3.0735123	902.6647	894.99664	1000.0	1000.0	1000.0	1000.0	439999	124.82771	23.340254	139.07686	-34.023132	124.828	23.338474	139.21623	-43.920258	-2.541983	2.130437	25.486212	-13.338704	-125.57631	2.8372095	12431.175162792206
111	788.23486	12.114977	796.5523	767.31903	902.4186	2.4923344	904.5642	896.39026	875.30597	43.666748	905.9167	805.3992	888.57874	28.0417	901.6421	805.22217	1000.0	1000.0	1000.0	1000.0	443999	124.88348	23.30776	140.84137	-24.800234	124.88356	23.30687	142.24033	-27.293905	-2.5788438	2.0982738	23.827555	-13.450397	-125.62181	2.6838014	12551.216649770737
112	780.73	8.242882	790.2282	767.9634	900.8656	1.6544502	902.9269	897.0501	900.7611	1.2878424	903.1903	898.8998	878.50867	38.328068	900.1925	801.4746	1000.0	1000.0	1000.0	1000.0	447999	125.06406	23.077026	139.96689	-18.89057	125.06412	23.074669	140.85297	-19.73448	-2.5524793	2.155365	25.37964	-13.931279	-125.80592	2.8298168	12670.04617857933
113	781.0775	6.0664597	789.2305	772.3677	881.009	39.006443	901.8012	802.19855	898.49915	1.6266198	900.4751	895.25024	895.22754	4.2340574	899.03937	886.73975	1000.0	1000.0	1000.0	1000.0	451999	125.14993	23.01821	139.55772	-43.512367	125.14998	23.017511	138.8872	-27.32455	-2.5591784	2.1170495	25.073652	-12.929607	-125.88934	2.8498628	12787.653155088425
114	779.24335	11.283087	793.0	761.58716	881.1667	39.218655	903.5373	800.1961	901.39435	1.3395945	903.4705	899.04895	877.3966	37.38053	900.22925	802.8253	1000.0	1000.0	1000.0	1000.0	455999	125.27438	22.893763	139.52606	-55.492043	125.2745	22.891973	139.22112	-26.116854	-2.5903215	2.123437	24.293182	-13.709089	-126.02564	2.6502244	12908.182583093643
115	778.48145	3.9135504	784.58435	773.8614	893.9061	29.337265	906.03467	805.98676	892.66785	29.034061	903.73395	805.6138	890.01965	28.760921	902.05096	803.9409	1000.0	1000.0	1000.0	1000.0	459999	125.27606	22.990791	140.0166	-45.421448	125.27605	22.988111	140.75157	-48.297546	-2.5781312	2.108114	26.615463	-13.452514	-126.00311	2.6878638	13029.215609312057
116	758.2627	46.839294	796.2696	678.3151	900.8553	1.7799064	903.01526	896.53076	891.2264	28.587599	902.53033	805.59595	870.0112	42.24501	900.87524	802.9571	964.5	1000.0	1000.0	1000.0	463999	125.30467	23.066994	140.51416	-44.87079	125.30474	23.065256	142.12354	-28.181646	-2.5879269	2.1131878	26.038305	-14.569002	-126.04318	2.7722905	13151.552752256393
117	775.4619	6.216808	782.47363	765.5896	879.6631	40.80972	901.9572	797.05255	879.7443	38.534916	901.8898	798.6868	864.54785	44.610394	898.28046	792.5946	1000.0	1000.0	1000.0	1000.0	467999	125.45208	22.725063	140.55766	-30.7396	125.45245	22.72149	142.75253	-30.94886	-2.5828774	2.0988107	27.094486	-12.306366	-126.184166	2.6735878	13272.36126613617
118	771.4769	10.969698	788.2237	757.79095	891.4447	28.878344	902.5111	804.9678	891.8374	27.558804	903.73804	809.41986	878.1082	37.497505	901.588	802.5316	1000.0	1000.0	1000.0	1000.0	471999	125.51436	22.589428	139.0422	-28.945293	125.51433	22.589308	139.80124	-26.305353	-2.5708222	2.1018717	32.477577	-12.566563	-126.25242	2.925757	13391.2490503788
119	775.0267	6.19562	785.3401	768.8894	900.00476	1.3598732	901.72626	897.08417	888.8846	30.48419	904.6488	798.3872	868.4037	42.394146	900.4781	801.1913	1000.0	1000.0	1000.0	1000.0	475999	125.58992	22.501925	139.82137	-50.69189	125.58979	22.500172	140.42978	-54.694847	-2.5721898	2.133727	30.435522	-14.821201	-126.31986	2.8863087	13509.442422866821
120	776.75714	4.307471	783.116	771.1526	893.744	27.761063	903.7875	810.48987	892.3524	28.09612	904.3275	808.3198	889.3583	28.151615	901.6701	805.7165	1000.0	1000.0	1000.0	1000.0	479999	125.69855	22.288813	140.6692	-49.725536	125.69859	22.286997	139.89427	-36.023197	-2.5889525	2.0836837	28.34169	-13.452719	-126.434456	2.5445063	13628.064583301544
121	782.29706	8.717299	794.37396	770.9409	899.2961	2.0586472	901.9218	895.60016	860.1459	47.777905	901.9413	798.69556	888.0514	29.579636	901.5279	799.6752	1000.0	1000.0	1000.0	1000.0	483999	125.77089	22.364632	139.62949	-36.177113	125.77113	22.36443	140.0579	-35.562973	-2.5601473	2.1221435	25.949896	-15.13866	-126.51006	2.5734444	13748.415551900864
122	788.98083	3.5195272	792.48584	784.6943	880.73126	38.819866	902.1382	802.65015	878.4505	38.86848	900.9078	798.652	896.29736	3.4045072	899.77155	889.0736	1000.0	1000.0	1000.0	1000.0	487999	126.0038	22.015385	138.27869	-23.230705	126.00342	22.016623	139.69334	-28.063314	-2.6051435	2.0684848	29.625525	-11.755534	-126.72943	2.6695445	13870.33342719078
123	778.4866	2.8548882	780.3279	773.54803	901.2406	1.4042497	902.554	897.8697	871.5306	43.74204	901.31195	803.02625	897.11523	3.4206855	900.64264	890.154	1000.0	1000.0	1000.0	1000.0	491999	125.90691	22.209997	146.5746	-34.171085	125.90708	22.208437	142.19316	-25.874296	-2.6025038	2.087384	29.41505	-15.322947	-126.64109	2.8062224	13991.870402097702
124	691.0222	172.81485	791.8233	345.76825	882.62256	36.94571	904.2241	808.8842	893.67126	26.826899	907.1144	813.4415	902.13135	11.22992	932.44885	888.5402	891.2	1000.0	1000.0	1000.0	495999	125.94387	22.147175	138.43726	-33.231434	125.9439	22.145586	144.28146	-44.26983	-2.5734012	2.099458	26.910027	-12.532359	-126.67342	2.9109612	14113.044673204422
125	773.0123	1.9549164	775.87775	770.77386	904.38806	0.8771609	905.5942	902.2957	904.41516	0.92709804	906.631	902.5847	900.2328	2.0626059	902.34393	896.0053	1000.0	1000.0	1000.0	1000.0	499999	126.06191	21.978994	141.54927	-48.9273	126.06168	21.979496	139.74864	-32.42989	-2.6062937	2.0877764	30.957504	-14.119166	-126.79155	2.7124	14233.839691638947
126	784.4516	6.213587	791.6374	777.29816	892.36884	28.874	903.7759	805.8156	892.8331	28.916393	904.3502	806.1434	888.8043	27.004759	900.6282	808.20087	1000.0	1000.0	1000.0	1000.0	503999	126.22621	21.951458	144.93375	-39.484463	126.22613	21.9504	151.65083	-35.20934	-2.6116047	2.0886872	59.230354	-11.953547	-126.960396	2.6673381	14353.65449166298
127	788.0105	5.216854	794.0983	780.7752	893.4969	28.754932	904.1711	807.2475	891.6823	28.786709	903.8599	805.6219	880.03406	38.247463	901.7159	802.50635	1000.0	1000.0	1000.0	1000.0	507999	126.35437	21.775541	150.94234	-36.213028	126.35445	21.775423	149.85143	-63.587437	-2.6272771	2.0781472	33.377594	-14.296263	-127.079124	2.8789947	14472.418843746185
128	780.0152	8.726576	794.0137	771.17084	882.53986	38.472744	902.6723	805.1123	871.9621	44.640564	903.359	801.96875	888.4701	28.976698	899.51373	801.59174	1000.0	1000.0	1000.0	1000.0	511999	126.49535	21.6386	150.76225	-40.429165	126.49556	21.634995	150.7086	-27.765558	-2.6287842	2.065085	29.776014	-12.419268	-127.20677	2.582649	14590.641407728195
129	774.2193	5.2017093	780.10803	767.6907	879.2041	39.273224	902.166	800.4173	897.95575	1.388497	899.8157	895.4827	895.229	3.3041964	900.39105	888.2687	1000.0	1000.0	1000.0	1000.0	515999	126.42029	21.77145	159.07549	-33.449516	126.42031	21.770414	169.52623	-25.363703	-2.635114	2.0924563	49.273926	-13.192562	-127.13972	2.4999702	14711.073609352112
130	656.5072	213.22578	788.9362	287.32294	900.5211	1.783608	903.66626	897.2004	892.2878	29.063917	903.53467	805.13556	899.45087	3.700584	902.3107	888.8549	841.25	1000.0	1000.0	1000.0	519999	126.44302	21.511269	166.06541	-21.741158	126.44307	21.512112	168.06493	-31.304035	-2.6638625	2.0477848	33.736343	-12.289201	-127.153145	2.2020593	14832.185628175735
131	652.7094	245.6164	782.0788	161.63892	889.9752	30.131437	903.0634	799.74603	888.9378	29.4221	903.12213	800.91077	879.75085	39.542248	900.7306	799.86676	841.8	1000.0	1000.0	1000.0	523999	126.59829	21.20634	165.3557	-43.296432	126.59807	21.206505	159.62062	-26.005434	-2.6827416	2.0378518	30.066126	-11.890345	-127.307945	2.4812071	14952.92084646225
132	745.9234	52.074657	780.495	655.90985	891.77423	28.861475	902.9131	805.2077	881.7116	38.647972	902.8952	804.0442	878.71747	37.721645	900.4369	803.0801	955.75	1000.0	1000.0	1000.0	527999	126.72705	21.170727	154.13707	-36.689495	126.72674	21.170692	154.35875	-43.749172	-2.6540375	2.0494158	26.855442	-12.763872	-127.43635	2.8000035	15072.395608186722
133	765.57007	7.6974077	774.35535	755.8208	881.9754	36.800552	901.39905	807.36755	900.38464	1.6189828	902.4967	897.7729	895.56067	2.4685135	898.62714	891.0623	1000.0	1000.0	1000.0	1000.0	531999	126.70205	21.471392	156.78166	-33.680244	126.70246	21.47094	151.17697	-28.518896	-2.6331804	2.0370653	28.858025	-11.770992	-127.40537	2.7804296	15189.689737558365
134	777.0123	7.344732	786.82697	769.7422	890.3327	29.541847	902.4945	801.8659	881.4961	37.97332	902.2363	805.246	892.33575	18.439621	900.2228	837.25757	1000.0	1000.0	1000.0	1000.0	535999	126.8065	21.43902	147.727	-20.496752	126.8059	21.43955	146.8939	-31.179125	-2.6384318	2.0716863	31.164766	-12.708481	-127.51816	2.737054	15309.165660142899
135	785.6252	14.959711	806.66156	771.1911	877.0835	38.432625	899.4039	798.07074	887.5582	30.199366	902.32477	797.2658	892.5216	0.9401517	893.686	890.02716	1000.0	1000.0	1000.0	1000.0	539999	126.91356	21.261654	146.1345	-23.342182	126.91365	21.260784	143.22873	-37.178364	-2.6227002	2.059029	28.358479	-11.9080715	-127.616936	2.9687197	15430.800179719925
136	771.5181	3.707382	776.1281	767.2044	872.45325	45.0314	903.11957	801.9916	900.7288	1.9813726	903.5671	896.50037	879.0415	37.979446	900.16705	802.3866	1000.0	1000.0	1000.0	1000.0	543999	126.91552	21.237457	161.92984	-81.84542	126.91517	21.237589	165.77737	-37.829174	-2.6578069	2.060285	40.336433	-12.07025	-127.62734	2.6771014	15552.624836921692
137	782.8832	6.721723	790.08997	775.24084	901.14417	1.1829163	902.49927	898.30505	901.2674	1.0613508	902.37683	899.2969	888.59534	28.791756	901.3388	803.28613	1000.0	1000.0	1000.0	1000.0	547999	126.89592	21.248411	167.03683	-44.99543	126.89629	21.247215	170.93105	-45.674633	-2.636821	2.0249257	55.272114	-13.137329	-127.595856	2.5975397	15675.083953380585
138	783.6744	5.6411214	792.7263	777.1925	891.6631	28.791874	902.19525	805.3024	901.1095	0.7973832	902.0532	899.2177	880.1427	38.27974	901.1033	802.2856	1000.0	1000.0	1000.0	1000.0	551999	127.03061	20.928892	166.53264	-57.398975	127.03089	20.927565	156.98526	-27.683783	-2.6661515	2.039927	31.604439	-14.086521	-127.75	2.6517508	15796.390736818314
139	780.15515	4.289268	787.4454	776.37646	891.28186	28.670914	902.2675	805.2874	891.7992	28.715698	902.85736	805.75195	880.37354	38.44649	901.2249	803.3696	1000.0	1000.0	1000.0	1000.0	555999	127.05625	20.761934	175.67938	-26.39685	127.05586	20.763393	177.91455	-35.49408	-2.6567106	2.0486145	26.886326	-12.170773	-127.757965	2.4610612	15916.323571443558
140	774.28375	11.442353	783.61847	754.69574	903.46155	1.8503184	906.20087	899.4562	874.65784	44.09907	909.19794	806.4157	872.09875	43.213478	902.35016	803.9213	1000.0	1000.0	1000.0	1000.0	559999	126.99379	20.942917	175.24626	-53.80744	126.99397	20.941341	178.69043	-40.337315	-2.6378374	2.0336478	27.763021	-13.105037	-127.68936	2.5739508	16034.081669092178
141	774.3294	1.3083507	775.57495	772.2372	889.9093	29.282806	901.4637	802.10754	889.88806	28.924526	901.4196	803.1598	877.89246	38.497837	899.6119	799.21423	1000.0	1000.0	1000.0	1000.0	563999	127.04416	20.698011	183.5232	-28.41242	127.04411	20.69804	185.63843	-34.85776	-2.6340613	2.0720506	35.246994	-14.41012	-127.741066	2.7312021	16153.506300926208
142	768.87164	8.398141	777.975	757.2722	905.1185	1.7493428	908.5649	901.75183	914.65594	28.076845	998.49274	899.45715	885.8254	34.85295	905.38763	813.4288	1000.0	1000.0	1000.0	1000.0	567999	127.13923	20.549747	219.4555	-36.78616	127.13974	20.546932	213.06784	-24.416258	-2.643559	2.0234363	35.570763	-13.360334	-127.827934	2.48585	16273.965890407562
143	786.4613	5.2152157	790.96576	777.5779	890.54456	28.449568	902.1715	805.3723	890.4797	27.968822	902.4318	806.725	877.6452	38.05152	900.0722	800.98285	1000.0	1000.0	1000.0	1000.0	571999	127.03766	20.880175	213.13814	-58.595478	127.03773	20.879667	217.61417	-29.853508	-2.652839	2.0386071	27.918755	-12.42338	-127.732735	2.7409887	16394.367221593857
144	786.1943	7.8489475	798.7611	777.21606	899.6156	1.2031407	901.4367	896.64813	899.2176	0.8809694	900.6699	897.8587	880.1084	35.111626	899.8072	800.39307	1000.0	1000.0	1000.0	1000.0	575999	127.19159	20.610071	233.22049	-23.721659	127.19149	20.611517	243.93584	-21.890215	-2.671349	2.0435688	31.68903	-13.024479	-127.89657	2.6245894	16517.10038805008
145	775.96857	6.9098477	786.79675	769.7082	899.17413	1.4158466	900.80695	895.81464	899.3456	1.0493495	901.29315	897.28284	886.16223	28.480883	899.64484	801.60706	1000.0	1000.0	1000.0	1000.0	579999	127.32667	20.402029	264.5246	-47.060055	127.32659	20.40013	258.68378	-55.724346	-2.6591191	2.0377564	28.633682	-13.149902	-128.02322	2.7054486	16639.22867155075
146	787.1826	10.259252	799.74866	776.6013	921.9733	55.522926	995.6402	807.3238	885.2643	38.657845	908.35504	806.79425	890.52844	27.812576	903.8877	807.5035	1000.0	1000.0	1000.0	1000.0	583999	127.32185	20.47259	256.74915	-22.697104	127.32191	20.471645	261.3899	-25.824856	-2.6798453	2.0277398	29.811844	-12.6759815	-128.01305	2.8345702	16759.308428287506
147	457.19168	363.86078	782.1465	12.744626	796.0093	257.45038	904.48987	32.231716	805.114	261.80035	904.138	24.3531	901.30273	1.1088327	902.3695	899.6136	589.0	908.1	908.3	1000.0	587999	127.51311	20.429728	259.7683	-59.685	127.513	20.428185	269.56406	-53.76706	-2.6468472	2.2105753	34.20158	-12.688189	-128.21983	3.2110868	16874.815366983414
148	753.46643	35.01878	781.7134	693.45526	882.9715	38.309544	903.2054	806.2284	911.48224	29.01257	998.3803	897.9031	900.1914	1.2646435	902.25354	897.62854	1000.0	1000.0	1000.0	1000.0	591999	127.40965	20.445124	221.85936	-55.526314	127.41017	20.443869	215.02524	-81.77325	-2.7060308	1.974723	34.15159	-12.511907	-128.08748	2.7712786	16993.08279967308
149	761.70776	9.215789	774.7726	749.1779	913.86365	52.871113	1001.44	804.5873	910.47784	65.19385	998.12415	803.61725	927.4608	43.850418	992.36255	870.91907	1000.0	1000.0	1000.0	1000.0	595999	127.247	20.245436	194.78885	-50.989334	127.2476	20.245853	198.50931	-52.2507	-2.6433697	2.0204666	24.841703	-12.421317	-127.92994	2.9110067	17113.623965263367
150	779.6492	5.1614814	787.6995	773.8112	893.1276	28.85403	907.7274	807.1912	912.32263	29.341587	999.78253	897.89386	859.0789	41.905857	900.45166	804.37726	1000.0	1000.0	1000.0	1000.0	599999	127.16741	20.108488	189.05127	-34.98108	127.16759	20.107143	185.33914	-36.219585	-2.662533	2.0015237	29.069958	-12.809153	-127.85683	2.6043575	17236.547512292862
151	782.11804	6.6246204	792.93134	775.37946	910.85675	29.298157	998.64294	899.5297	890.5243	30.60641	904.92017	798.9524	897.701	0.78656435	899.07733	896.37274	1000.0	1000.0	1000.0	1000.0	603999	127.12292	20.20032	182.64598	-46.93722	127.12293	20.200863	176.69144	-27.96838	-2.6463664	2.018649	35.686703	-12.954772	-127.81128	2.5368876	17359.582785844803
152	792.2082	5.8871174	799.61786	783.24304	892.5366	28.995405	904.14996	805.6138	891.4372	28.697529	903.28955	805.4587	898.776	1.7731528	899.93756	893.6238	1000.0	1000.0	1000.0	1000.0	607999	127.30121	19.87591	168.00455	-24.907648	127.30137	19.875566	167.76198	-31.649237	-2.6640708	1.9915806	33.320602	-13.313578	-127.9783	2.3572295	17480.28165125847
153	783.3142	6.1632953	789.99805	775.64075	894.46826	51.04681	998.52374	808.9387	904.52844	2.313609	910.1653	902.31934	882.3913	36.622906	905.99414	806.37604	1000.0	1000.0	1000.0	1000.0	611999	127.3158	20.144688	182.17363	-46.09663	127.31612	20.1446	183.59499	-27.363268	-2.629503	2.0211766	27.85334	-12.745039	-128.00354	2.7598135	17599.794208049774
154	782.3025	7.666209	793.3739	773.9115	890.74695	28.004898	901.78986	806.79034	898.00525	2.187099	899.8731	891.8442	896.52014	2.2882276	898.56104	892.2885	1000.0	1000.0	1000.0	1000.0	615999	127.47567	19.892855	185.83371	-41.466984	127.47584	19.891535	186.28987	-36.640945	-2.6754375	1.9978441	28.667988	-12.644716	-128.16437	2.454419	17718.97913503647
155	721.07745	98.022316	787.166	551.6079	888.04474	30.377468	902.0897	799.87836	890.6256	26.263117	901.4547	811.8995	867.65186	45.124672	898.76227	798.04974	928.25	1000.0	1000.0	1000.0	619999	127.61477	19.743465	196.98708	-27.148218	127.615	19.742924	199.0395	-24.191643	-2.6971288	1.9639632	26.077387	-13.339735	-128.29678	2.357858	17839.166639328003
156	776.5143	2.7085848	780.2109	772.5763	873.38025	41.26573	903.3291	800.466	875.20966	40.413902	902.0159	797.4205	888.1014	30.325977	900.4902	797.33295	1000.0	1000.0	1000.0	1000.0	623999	127.61752	19.868101	201.49586	-27.736584	127.61763	19.867966	197.18292	-20.59895	-2.6861413	1.9647291	37.300873	-12.667546	-128.30313	2.272543	17962.368410110474
157	786.0709	5.5613575	791.6561	776.95624	901.0397	1.5383239	903.878	898.2531	891.20996	29.48726	902.8164	802.8814	900.5316	2.7897103	906.72473	896.02045	1000.0	1000.0	1000.0	1000.0	627999	127.78078	19.59177	218.75493	-24.913006	127.78001	19.59307	217.01341	-24.062454	-2.7305315	1.9721106	32.745354	-12.564243	-128.46625	2.6687896	18083.52853870392
158	775.5571	11.670277	792.01624	759.79944	875.7482	39.589455	901.34326	803.19543	889.81775	29.267794	901.4256	802.06366	877.7848	38.332695	899.5465	800.4698	1000.0	1000.0	1000.0	1000.0	631999	127.78422	19.547771	182.79532	-32.762062	127.78424	19.548483	187.92113	-42.73938	-2.6614215	1.978317	32.009537	-12.002552	-128.45947	2.4616342	18205.48858141899
159	772.9638	13.719241	786.62024	752.0044	888.6124	35.98634	912.40576	816.4294	905.60046	3.2169662	911.6989	900.7288	882.45654	36.703644	905.80743	809.18256	1000.0	1000.0	1000.0	1000.0	635999	127.73177	19.743574	190.01169	-36.714336	127.73126	19.742195	193.79636	-23.251993	-2.6660562	1.9582978	30.548782	-14.211286	-128.40874	2.3686242	18327.298287153244
160	774.61053	2.8280337	778.7	771.20435	900.3085	1.7200919	902.3446	896.2023	899.8947	1.2375985	901.51074	896.81555	866.0946	40.594215	900.3178	811.8953	1000.0	1000.0	1000.0	1000.0	639999	127.77611	19.608072	199.22887	-32.677727	127.77549	19.610186	197.88992	-29.882166	-2.6765482	1.9834063	31.750982	-12.958977	-128.44821	2.1777728	18449.166196107864
161	682.2778	179.63028	786.59875	323.35345	903.2521	1.638587	906.5136	901.01935	883.7918	38.21457	905.7552	807.2014	889.3576	28.139585	901.3131	805.1543	882.2	1000.0	1000.0	1000.0	643999	127.7296	19.839325	168.96227	-24.034979	127.72935	19.838741	166.68944	-23.24836	-2.6468635	2.0162024	33.998264	-13.557212	-128.40854	2.5645611	18569.092201948166
162	783.08936	6.220658	789.2763	775.2553	892.17346	28.368265	904.1264	807.14886	881.28894	37.428303	902.3952	805.974	879.38635	37.597034	903.06226	803.2208	1000.0	1000.0	1000.0	1000.0	647999	127.82299	19.739552	193.16772	-42.954437	127.82241	19.741217	182.56956	-40.08555	-2.676448	1.976068	28.179596	-12.535122	-128.50485	2.7538333	18688.43243908882
163	780.5825	7.000311	788.2527	769.39655	923.20184	36.101868	996.3464	902.38135	905.4088	56.75284	997.9068	814.49426	893.7775	27.609503	904.75507	811.06744	1000.0	1000.0	1000.0	1000.0	651999	127.86276	19.552673	177.35152	-19.847958	127.86248	19.552874	176.78996	-17.640764	-2.6787312	1.9712709	32.66983	-11.44156	-128.52635	2.526977	18808.054941177368
164	778.6139	9.035141	786.93896	763.36206	884.2623	38.689064	904.83124	806.3184	902.4017	1.3661712	903.88043	899.14777	891.65753	28.977264	903.19836	804.87463	1000.0	1000.0	1000.0	1000.0	655999	127.95724	19.428068	178.022	-67.48578	127.9574	19.42728	177.47171	-44.820587	-2.711015	1.9632869	34.409016	-14.355634	-128.6269	2.4993455	18928.154233455658
165	773.7571	8.484657	784.8964	761.13477	879.3874	40.433163	902.0786	797.0397	888.67706	28.455038	900.695	803.49927	886.5082	28.715714	898.4326	800.53845	1000.0	1000.0	1000.0	1000.0	659999	127.87011	19.650692	187.34648	-20.101963	127.87077	19.649109	184.40256	-27.997995	-2.7072115	1.9737921	30.842686	-14.667278	-128.54234	2.55163	19050.42884540558
166	773.1693	8.661888	785.6538	762.9542	889.3003	30.827778	902.22437	797.01666	899.7329	1.231885	902.6796	898.2058	888.3071	29.686573	900.82764	799.4551	1000.0	1000.0	1000.0	1000.0	663999	127.92407	19.457756	190.1063	-28.40888	127.92395	19.458279	198.55423	-29.96934	-2.6756747	2.0020163	39.534893	-12.416202	-128.59514	2.186272	19173.612957954407
167	775.1034	6.3421235	785.73175	769.71405	880.7251	38.301502	901.59546	804.14655	889.97266	27.638445	901.4463	807.31616	877.9445	38.509792	900.4691	800.5956	1000.0	1000.0	1000.0	1000.0	667999	127.99999	19.445002	168.96884	-23.328249	128.00014	19.443274	174.19466	-25.753012	-2.6974134	1.9428605	31.627817	-13.892745	-128.6534	2.8339593	19294.347645521164
168	777.63165	8.955208	792.12604	769.7151	901.13947	1.4894991	903.33887	898.7172	891.1873	27.63877	902.063	808.3283	888.5885	36.331116	926.5143	820.7659	1000.0	1000.0	1000.0	1000.0	671999	128.00755	19.39513	155.28964	-24.545866	128.00726	19.39341	157.25476	-20.026535	-2.663599	1.9780308	27.536175	-15.281376	-128.67368	2.2626748	19413.439602851868
169	772.9866	10.153068	784.062	760.3223	892.82	28.439772	906.111	807.68774	901.88947	1.5288053	905.1777	900.03687	880.2626	38.86981	901.11664	801.56714	1000.0	1000.0	1000.0	1000.0	675999	128.14792	19.040913	169.99727	-35.656242	128.1476	19.039906	157.95134	-30.30933	-2.653602	2.0031865	32.108948	-16.467203	-128.83215	2.7788358	19531.750381708145
170	623.7318	289.13397	788.1129	45.83718	894.09424	29.711279	912.6478	805.4139	891.85156	29.750414	905.80786	802.7642	902.55927	6.137108	920.2867	896.7341	810.0	1000.0	1000.0	1000.0	679999	128.15189	19.033722	172.26093	-28.745388	128.1525	19.032211	159.40462	-31.160128	-2.6324866	1.9834175	26.241077	-12.140028	-128.81425	2.578325	19651.901720285416
171	780.42755	4.979849	787.81616	774.4713	900.0797	0.69018984	901.3611	899.11365	890.174	28.208145	900.8382	805.5776	886.43524	28.487324	899.77203	803.7112	1000.0	1000.0	1000.0	1000.0	683999	128.12012	19.044382	159.89255	-33.118984	128.11984	19.0456	158.42317	-23.033161	-2.6835563	1.9403825	28.90113	-13.359494	-128.78885	2.2778683	19772.724459409714
172	779.79156	10.074191	793.5215	766.69434	891.9129	28.00926	902.23694	807.928	893.0579	28.552362	904.5146	807.4352	890.6094	28.148596	901.9483	806.3034	1000.0	1000.0	1000.0	1000.0	687999	128.03671	19.264929	150.79298	-31.150612	128.0366	19.264181	152.4623	-24.90946	-2.7087789	1.9377242	32.029358	-12.361519	-128.68568	2.423524	19895.016894817352
173	768.6937	9.238361	783.5163	760.11884	912.02765	65.473076	998.1634	806.4593	921.796	56.277332	997.9057	808.45215	908.41296	33.863697	966.62573	830.842	1000.0	1000.0	1000.0	1000.0	691999	128.06288	19.074703	183.64232	-37.316563	128.06361	19.07216	186.75969	-22.74633	-2.6937776	1.974262	38.364155	-15.419995	-128.72723	2.4696958	20018.230940818787
174	776.0129	3.2051334	778.5063	770.53815	913.34247	28.441584	998.6012	901.0288	931.5482	42.878757	1000.422	900.49194	924.4201	27.619616	973.9798	894.71185	1000.0	1000.0	1000.0	1000.0	695999	128.11469	18.772251	182.51086	-58.325256	128.11424	18.771769	183.25754	-50.199863	-2.6884441	1.9247286	33.686058	-12.73911	-128.78561	2.508638	20140.282881975174
175	784.1643	3.2110503	789.6686	781.8285	884.65656	38.706444	913.5258	807.04974	902.1582	60.35932	999.2345	807.2198	902.5674	8.805179	917.4768	884.6574	1000.0	1000.0	1000.0	1000.0	699999	128.09933	18.690735	174.2612	-55.105354	128.09975	18.689402	163.2645	-17.002243	-2.691331	1.9628149	30.829943	-14.649783	-128.76819	2.4100206	20262.098308563232
176	765.8165	5.2663474	770.04926	756.8897	892.81006	28.699492	904.78107	806.7592	901.735	0.91860396	903.18005	900.13214	896.39777	3.739204	901.2116	891.0154	1000.0	1000.0	1000.0	1000.0	703999	128.04372	18.604439	172.22437	-44.82923	128.04404	18.604023	171.06897	-25.664558	-2.6927943	1.9202018	28.98208	-11.625988	-128.69843	2.7875717	20381.994625091553
177	776.19556	3.609392	779.65436	770.5031	920.2433	37.54143	995.4961	898.49677	901.3823	1.1065196	902.79504	899.56934	880.4183	38.97832	901.7003	802.4628	1000.0	1000.0	1000.0	1000.0	707999	127.98199	18.587042	196.21611	-50.321384	127.98218	18.58644	191.77878	-32.82346	-2.717809	1.9329082	29.189552	-14.307015	-128.6485	2.3613107	20500.9862575531
178	774.26324	8.446836	784.35614	761.85815	881.1693	38.921116	901.50104	802.7006	890.6219	29.081068	902.9585	803.58124	899.39325	1.7992924	901.64197	894.72614	1000.0	1000.0	1000.0	1000.0	711999	128.07532	18.555552	187.32664	-48.99772	128.0754	18.554066	193.54213	-34.35897	-2.722272	1.9385259	30.026154	-12.355377	-128.74168	2.63033	20621.102979183197
179	763.5674	6.51838	774.7147	758.32385	902.4832	1.2617105	904.24854	899.508	913.25195	29.216747	1000.8547	901.86334	913.8678	23.09217	946.5076	865.5325	1000.0	1000.0	1000.0	1000.0	715999	128.20988	18.231565	207.69725	-31.251583	128.20953	18.23054	193.33273	-22.753256	-2.7505975	1.9156352	36.46002	-12.229473	-128.86407	2.365627	20743.090040445328
180	767.19086	5.2878127	775.4168	761.8802	891.39734	28.430424	901.89496	806.1438	901.173	1.2606341	902.76227	899.54645	897.1136	4.799424	902.2802	887.4868	1000.0	1000.0	1000.0	1000.0	719999	128.22772	18.381712	210.29901	-26.035645	128.22722	18.38175	209.73534	-23.809315	-2.713153	1.9324598	32.206947	-15.014823	-128.87985	2.4859567	20865.343686819077
181	766.44824	3.2535896	770.22363	761.3225	882.49036	38.53095	902.69366	804.82117	892.2721	29.09594	903.38696	805.0114	898.1164	2.7020118	900.7507	893.71423	1000.0	1000.0	1000.0	1000.0	723999	128.08035	18.877241	199.1516	-22.54514	128.07993	18.874552	188.82573	-22.066387	-2.7073824	1.9237629	28.514908	-12.748071	-128.72752	2.7482495	20990.197172403336
182	677.5776	166.55414	786.2601	389.42038	884.1444	37.45885	905.1605	809.03455	893.4468	28.881079	904.68823	806.91455	901.55774	15.222488	917.8888	860.155	878.5	1000.0	1000.0	1000.0	727999	128.179	18.679367	182.37836	-28.202967	128.1784	18.68078	169.3323	-34.233696	-2.7053788	1.9309119	37.559082	-12.70945	-128.82251	2.1405818	21113.17863345146
183	772.9105	5.6387644	777.9736	763.39374	901.43097	1.4706913	903.86664	899.5115	891.9826	29.068848	903.87146	804.8634	889.6958	28.223059	902.1039	805.37286	1000.0	1000.0	1000.0	1000.0	731999	128.25894	18.567247	175.88951	-23.944231	128.25865	18.567461	187.04088	-35.506927	-2.688409	1.9398353	31.351164	-12.300358	-128.91348	2.513342	21234.343414783478
184	776.48395	5.9752584	785.16876	769.65393	889.4427	30.12579	902.10535	799.1902	899.3127	1.2863489	900.84296	896.8665	885.4772	29.891806	899.6921	796.6288	1000.0	1000.0	1000.0	1000.0	735999	128.1757	18.562788	179.86142	-56.04079	128.17561	18.561785	175.9007	-27.039629	-2.7209141	1.9143249	32.688614	-13.197152	-128.81305	2.3155668	21353.28908443451
185	774.01483	3.7224152	779.32635	769.18317	882.43555	37.96112	902.59436	804.4596	892.6131	29.093403	904.1766	805.3727	900.3138	2.1190495	902.517	895.78613	1000.0	1000.0	1000.0	1000.0	739999	128.16264	18.397364	171.70471	-64.78324	128.16261	18.39599	186.5181	-30.822985	-2.636296	1.9240298	37.8132	-12.644892	-128.79404	3.0037553	21475.330607652664
186	764.9948	5.1773233	772.381	758.2236	892.546	28.766905	904.2259	806.29224	891.4458	29.702057	902.5547	802.3847	860.90247	46.17431	901.07086	802.6243	1000.0	1000.0	1000.0	1000.0	743999	128.0859	18.510138	178.31079	-49.14541	128.08601	18.509394	172.86842	-33.279	-2.6879594	1.947773	67.98384	-13.264402	-128.73738	2.2921467	21597.207044124603
187	771.55725	8.742227	784.7997	761.03235	898.6619	1.6339539	900.2351	894.5301	898.14667	1.657166	900.6421	895.60156	875.0031	37.89706	896.0262	794.9737	1000.0	1000.0	1000.0	1000.0	747999	128.1926	18.149227	176.45312	-40.440933	128.1921	18.148403	164.4576	-19.380865	-2.6989117	1.9174439	34.70005	-12.595064	-128.84486	2.3367364	21720.10960793495
188	635.0967	264.09528	772.8784	106.97031	881.85205	38.565372	903.06714	803.97473	901.1341	1.8491414	903.55804	897.50256	888.2666	29.01139	901.5191	801.9889	828.2	1000.0	1000.0	1000.0	751999	128.38301	17.36322	189.20792	-26.656223	128.3828	17.365	174.6666	-23.206863	-2.6454465	1.93268	45.719715	-13.8456335	-129.03409	2.5826705	21842.690942287445
189	770.005	9.9084425	778.5137	753.1615	883.18585	38.72683	904.6267	804.99493	903.12305	1.4763206	905.04877	900.5711	880.81915	38.08782	902.83984	803.67865	1000.0	1000.0	1000.0	1000.0	755999	128.43526	17.286194	157.7502	-36.947964	128.43507	17.287249	168.01389	-27.612406	-2.6499836	1.9163291	36.31464	-13.087463	-129.07886	2.0723448	21963.372359991074
190	713.5141	108.403114	773.42596	497.02176	882.8953	37.742134	904.06134	806.9335	893.1273	28.2039	903.5662	808.5277	886.8088	29.508516	900.9669	799.46796	926.8	1000.0	1000.0	1000.0	759999	128.3845	17.6708	160.5181	-29.851429	128.38435	17.669807	159.76624	-46.25286	-2.7105927	1.885816	30.579556	-14.04279	-129.03085	2.2776763	22084.7693066597
191	769.2024	5.882915	778.9805	763.26917	893.5671	28.977861	910.3725	806.95605	902.5713	0.7097598	903.4213	900.93567	889.6174	29.086096	901.2111	802.51276	1000.0	1000.0	1000.0	1000.0	763999	128.40776	17.598455	153.61838	-27.780407	128.40787	17.598764	154.16003	-32.64215	-2.6866047	1.917896	30.746613	-12.875268	-129.04875	2.2340014	22205.169615745544
192	770.0564	3.3063776	773.2804	765.2553	836.02783	44.840874	902.34674	796.11945	884.3096	49.029247	903.9513	737.2924	878.09393	43.283142	903.9956	783.46375	1000.0	1000.0	1000.0	1000.0	767999	128.42624	17.595854	165.28119	-41.09468	128.42584	17.5966	161.42815	-19.847218	-2.6765215	1.9012365	32.959206	-12.038873	-129.06503	2.5201876	22323.630610704422
193	767.7608	10.110421	775.3754	750.3564	893.90857	28.00787	904.05493	809.90405	893.23987	27.213186	904.15186	811.69366	890.50586	33.508816	917.76733	816.7143	1000.0	1000.0	1000.0	1000.0	771999	128.29553	17.880962	149.77971	-28.782284	128.29588	17.879553	147.93275	-27.865032	-2.6769297	1.9292349	34.769646	-12.918804	-128.91904	2.4832149	22444.17683672905
194	768.28955	2.5059438	770.13043	763.9748	874.06134	44.513283	904.20276	804.30707	902.3009	1.5839484	905.0607	899.38586	889.4072	28.387732	902.0761	804.40454	1000.0	1000.0	1000.0	1000.0	775999	128.37286	17.923304	165.17406	-38.300076	128.37183	17.922077	167.31479	-39.255123	-2.725091	1.9029382	46.755398	-12.191523	-129.00386	2.3394864	22564.844002723694
195	748.0682	50.451668	786.8128	661.8815	874.56885	43.28563	905.26526	808.0946	874.6994	43.861103	904.6482	807.2561	899.11786	2.7138028	902.5663	894.36127	970.0	1000.0	1000.0	1000.0	779999	128.417	17.743587	181.41704	-30.588488	128.41759	17.741066	191.94695	-25.043154	-2.6820831	1.9187391	31.973318	-12.857494	-129.05363	2.6399243	22686.64718723297
