Epoch	AverageEpRet	StdEpRet	MaxEpRet	MinEpRet	AverageTestEpRet	StdTestEpRet	MaxTestEpRet	MinTestEpRet	AverageTransferEpRet	StdTransferEpRet	MaxTransferEpRet	MinTransferEpRet	AverageRandomEpRet	StdRandomEpRet	MaxRandomEpRet	MinRandomEpRet	EpLen	TestEpLen	TransferEpLen	RandomEpLen	TotalEnvInteracts	AverageQ1Vals	StdQ1Vals	MaxQ1Vals	MinQ1Vals	AverageQ2Vals	StdQ2Vals	MaxQ2Vals	MinQ2Vals	AverageLogPi	StdLogPi	MaxLogPi	MinLogPi	LossPi	LossQ	Time
1	3.2877252	3.3811169	15.831208	-4.6851163	17.755484	1.149956	19.427416	16.23678	17.403242	3.0181217	20.407005	8.856967	17.52036	1.093551	19.492826	15.817274	17.61674	22.0	22.0	21.7	3999	5.865188	4.780754	22.455107	-7.7420893	5.8655977	4.7811956	22.702972	-8.168221	-2.5561724	1.57306	4.755105	-13.381125	-6.9928455	0.41637385	44.91935157775879
2	2.2194357	3.6194577	12.040342	-10.572448	52.185986	7.452491	65.09641	41.88728	45.57653	8.485659	63.444736	34.613686	59.795113	28.03721	137.43025	35.500984	17.64	59.9	48.0	74.7	7999	17.161833	14.118845	65.38483	-6.655703	17.161184	14.120814	65.26296	-8.2627	0.57382244	2.8083868	14.852287	-15.015644	-20.153511	1.6243689	100.4747269153595
3	10.870151	38.945766	325.25705	-5.919705	160.86105	57.381016	236.65686	91.786026	191.56735	99.7809	477.32272	111.29826	171.7508	35.064194	237.03908	112.585175	29.962122	251.7	305.0	276.9	11999	30.674507	26.91956	108.823425	-8.174538	30.675262	26.92111	109.03485	-7.5197783	1.7659948	3.174701	17.720156	-15.755614	-35.412632	7.2930584	165.04768776893616
4	204.60292	143.85832	598.9142	7.30954	285.65005	127.77416	545.3956	181.82787	354.44852	170.33914	721.3664	193.83232	324.39575	179.24405	624.6955	173.89552	341.81818	427.2	559.6	466.0	15999	41.49754	31.931915	106.805954	-12.599627	41.498642	31.93234	106.58565	-10.374983	1.7246281	3.3330524	19.402424	-16.544176	-45.452343	10.893173	237.77142548561096
5	313.96597	151.42235	660.884	155.68663	327.8034	118.50095	577.72687	186.2123	370.6041	121.5206	594.69617	205.05286	332.66357	86.27801	438.67398	204.36455	494.875	501.5	572.8	510.5	19999	48.553406	31.655449	105.38878	-13.461866	48.553886	31.65584	105.02933	-12.946924	1.8207946	3.309164	21.64974	-13.810774	-51.73015	8.028435	312.5122516155243
6	452.02417	207.96407	671.4581	203.52367	174.17914	38.9305	205.07732	74.45477	197.06522	41.71843	255.32138	122.29188	191.42111	40.099197	280.5283	117.39291	719.0	273.5	325.8	307.1	23999	54.17013	31.320747	96.53279	-13.68304	54.17079	31.322279	97.64215	-13.378775	1.4524978	3.2145221	20.419771	-15.176769	-56.67136	7.465831	378.7251226902008
7	351.5734	208.69127	630.842	140.94026	345.32596	165.02327	623.7359	176.29509	402.14804	145.5212	678.1241	180.39473	295.77972	119.17484	455.5285	179.43915	568.2857	564.3	676.8	486.8	27999	58.801987	30.887924	101.078415	-11.6024065	58.80198	30.88969	97.691696	-12.018929	0.83263415	3.2539668	19.63631	-15.356652	-60.935516	7.4222445	455.1461124420166
8	442.46613	129.36058	641.6303	241.05638	465.29535	151.20319	677.2529	162.80325	442.26398	179.17328	681.1398	143.10725	448.11108	95.70859	680.6927	339.02722	729.6	739.1	722.6	724.4	31999	60.63137	29.66421	102.78094	-20.667297	60.631336	29.666718	100.11685	-19.789679	0.2982856	3.0931554	20.623627	-15.095795	-62.43283	6.410758	543.8923816680908
9	574.29675	16.924652	588.9229	547.4818	226.06372	94.035164	379.99686	88.42938	243.28853	102.12277	356.23477	78.173225	195.85664	69.78619	325.89096	89.56735	965.75	438.8	501.3	390.5	35999	62.61475	28.46625	101.00481	-15.379362	62.614754	28.46834	99.41401	-27.923931	0.2026117	3.0505664	18.020084	-14.062167	-64.29006	6.2536125	624.0025427341461
10	441.1076	166.67369	636.59375	169.96652	229.49724	94.289925	385.721	161.13593	349.60358	137.59706	548.4484	159.84723	272.11273	115.25077	435.77014	144.72209	744.2	381.2	645.2	461.2	39999	64.615395	27.845715	95.31661	-20.34865	64.61532	27.84725	97.58423	-30.557636	-0.07573203	2.9740117	19.386587	-14.5961895	-66.15974	5.2426805	697.3542530536652
11	621.0028	10.305658	635.66565	609.02905	473.42075	169.94087	622.7472	117.62341	372.30048	159.4898	549.9102	132.4248	434.26947	167.40271	625.03326	178.89662	1000.0	767.8	614.0	697.5	43999	68.30792	27.441196	97.81108	-24.259666	68.30775	27.44434	99.29906	-30.579449	-0.28647977	3.024977	21.884342	-13.825319	-69.8159	5.1463804	778.0918183326721
12	642.4632	12.233129	660.2301	625.903	261.75885	109.96804	403.17554	121.814064	419.57343	176.71571	627.3013	103.58233	293.033	83.95751	439.71103	125.48151	1000.0	420.3	707.0	463.4	47999	72.074005	26.779547	97.96578	-32.578487	72.07384	26.781876	98.51526	-45.483223	-0.5335894	3.067628	23.212963	-13.182327	-73.49563	4.8246126	853.378350019455
13	627.75616	18.944706	646.4315	599.42316	338.1689	176.46301	624.6664	166.32297	309.45108	172.13237	599.52765	122.98442	369.4605	135.48557	582.6167	162.85077	1000.0	573.9	519.3	616.9	51999	75.35959	26.288406	101.21721	-26.12529	75.35933	26.290668	101.36909	-20.912888	-0.6311251	3.03616	21.557419	-12.801015	-76.72728	4.6701097	931.0315554141998
14	621.4639	17.132158	633.6906	591.9082	420.0822	145.83476	691.10223	218.72511	405.99915	190.05109	692.08466	141.23534	431.17572	107.82086	688.979	321.63556	1000.0	751.7	683.9	702.8	55999	78.822975	25.816486	110.08018	-55.59111	78.82255	25.819735	112.66982	-32.77546	-0.73476344	3.0568106	24.386036	-15.197578	-80.19006	4.9581375	1012.3581247329712
15	554.944	113.240906	634.87744	330.74704	298.76755	115.04093	512.7452	123.0669	333.46967	141.13725	596.41956	193.59778	299.31293	145.8123	520.9685	130.09883	911.8	541.3	581.5	541.7	59999	82.199265	25.371246	116.21295	-37.602135	82.19903	25.373894	119.49299	-43.132244	-0.8238001	3.0266948	26.639109	-13.691533	-83.531654	5.634866	1087.7201368808746
16	467.64175	188.29759	618.0481	135.37799	362.21454	188.64572	596.46936	90.18288	425.32892	160.55516	598.24316	171.04666	297.03906	117.014534	500.08636	94.21524	771.0	629.0	728.9	518.9	63999	84.93252	25.218195	113.071686	-60.783806	84.93214	25.22182	113.28337	-54.625866	-0.9675711	2.8908627	24.472706	-13.083932	-86.21714	5.9679074	1165.704513311386
17	428.911	179.24416	619.07495	178.9245	325.13132	134.07675	583.78406	239.53374	294.88785	103.57738	548.94977	198.34935	233.06294	43.16884	291.39032	115.93903	708.0	564.0	508.9	374.6	67999	86.98562	25.31493	111.94568	-52.336964	86.98514	25.316545	111.69433	-89.8998	-0.9830353	2.9095361	24.41363	-13.396261	-88.2463	6.7063055	1241.181746006012
18	402.90924	170.6466	611.88293	253.55095	265.43945	152.14882	570.4765	182.47379	360.3715	156.80229	576.1559	149.92719	301.24234	187.86229	592.64154	112.05188	677.2	443.8	627.0	503.3	71999	88.87551	25.017685	118.881325	-50.009403	88.87532	25.017765	121.05802	-41.027843	-1.0484327	2.982156	21.737045	-13.139463	-90.120544	6.049087	1316.2839846611023
19	559.9464	115.6516	637.2018	332.02692	339.31696	127.036285	506.61652	104.822945	414.79498	145.56815	602.0918	189.19559	285.6795	53.39702	356.25806	193.11191	909.6	610.6	703.8	481.1	75999	90.49437	24.171291	122.47604	-50.15002	90.49448	24.170797	121.91002	-49.550346	-1.2244499	2.9606984	23.582815	-13.344982	-91.675644	5.935709	1394.4207708835602
20	618.74744	24.930563	648.13214	590.8567	319.7188	163.23418	544.6066	94.48754	359.41864	146.23239	556.1135	157.6504	379.84485	136.30734	555.03394	156.46246	1000.0	557.5	628.7	643.4	79999	91.72502	23.489298	127.16473	-33.189346	91.72471	23.490618	128.17937	-31.179817	-1.3189147	2.9638517	26.817692	-13.157404	-92.87145	5.6853833	1472.799810886383
21	651.6585	15.208657	674.1743	633.66766	402.68042	154.35666	561.83624	108.245026	516.0814	91.359505	596.6491	259.72043	466.40265	119.339355	565.6719	225.072	1000.0	695.7	940.0	848.0	83999	92.8317	23.10345	135.85498	-40.174393	92.83165	23.103615	137.45117	-50.906483	-1.4512191	2.9073596	25.260715	-12.69194	-93.92756	5.867482	1558.6092031002045
22	650.83417	19.885674	673.6366	624.16595	210.33736	98.04751	445.90842	102.57792	413.81485	195.00555	693.23895	118.93386	370.73364	205.77039	759.0604	150.16055	992.5	349.6	661.2	571.4	87999	94.52244	22.853903	151.41156	-61.458942	94.52239	22.856726	157.03639	-79.32873	-1.5384922	2.9889836	27.501165	-11.9739895	-95.6563	6.2058277	1632.343086719513
23	122.55154	133.61841	463.21915	7.354263	426.94916	299.974	674.73193	57.319717	549.671	243.68182	673.75244	56.874153	478.18246	289.76874	669.8705	8.424771	209.26315	642.0	821.9	722.2	91999	96.34095	23.672163	152.92502	-75.972534	96.34057	23.672995	153.98254	-60.95774	-1.4938347	2.9921935	27.942501	-13.253278	-97.44949	7.4877157	1713.8534717559814
24	543.6416	116.16888	642.5034	345.74084	547.72205	79.14789	637.70526	378.32803	602.79944	111.399315	701.03723	367.51492	530.14	91.178986	654.2889	389.2993	906.25	844.9	914.6	819.1	95999	97.88747	25.299124	139.9981	-73.49539	97.8873	25.30408	141.23877	-88.180695	-1.3953841	2.8245776	23.54674	-13.521466	-99.00771	7.5846887	1800.5659232139587
25	619.7716	32.396637	673.6123	588.01605	397.9906	230.05292	745.7248	15.111294	366.77313	227.26537	683.0428	4.8995934	364.69537	236.02477	770.24457	74.305984	1000.0	715.2	682.2	674.1	99999	99.3491	25.298212	135.7991	-64.36754	99.34948	25.300062	135.73532	-87.41053	-1.4509103	2.7299845	22.987194	-13.387093	-100.431725	7.0670643	1884.5597567558289
26	454.72366	270.42953	660.24194	56.895508	470.2719	169.54514	764.56665	271.95084	305.02972	67.77518	442.70435	243.12311	286.37897	32.39975	381.85803	267.35886	737.0	739.1	552.4	501.0	103999	100.05866	25.166592	140.51942	-56.665073	100.05954	25.167892	138.84435	-57.85156	-1.3953323	2.7463892	22.802193	-13.00062	-101.09968	6.956881	1961.6545372009277
27	590.8657	61.239655	644.0768	487.23044	649.5001	104.50442	873.3864	445.81537	615.776	127.26121	867.8606	408.39273	598.9583	114.49514	731.88824	406.34125	941.5	940.2	925.4	875.1	107999	100.3387	25.089594	135.70483	-86.69158	100.33875	25.095308	136.38905	-94.724434	-1.3308122	2.749753	21.090858	-13.674551	-101.35839	6.5076704	2052.210667848587
28	328.7638	214.04263	621.13727	48.067654	722.75555	105.05781	791.9608	439.8006	601.79694	211.00201	797.22406	254.90918	713.2225	147.45103	793.40155	303.36203	518.5	955.9	788.4	923.8	111999	100.57962	24.89438	130.45612	-41.397903	100.57898	24.904015	130.98425	-57.50913	-1.4008471	2.6543825	20.670168	-13.204568	-101.55308	7.5457997	2139.8953001499176
29	525.9771	148.70819	621.4087	268.69363	290.84802	163.95119	732.0962	124.859	499.42636	176.80313	739.74274	248.43242	264.50293	68.41593	365.36124	143.08379	859.5	380.4	676.9	341.3	115999	100.6194	24.885881	130.83954	-40.561348	100.61921	24.89536	131.38559	-76.02478	-1.533535	2.6148942	20.141922	-13.888901	-101.53811	6.169828	2212.3723990917206
30	622.65015	9.406407	637.816	612.14325	321.1049	46.897278	383.40378	242.35687	558.5566	189.4489	795.0254	150.68007	402.97516	136.5979	664.358	277.74048	1000.0	418.0	773.2	529.7	119999	100.43795	24.670866	128.09587	-89.67679	100.43794	24.677387	129.46452	-54.693504	-1.5430039	2.603087	24.178308	-14.084967	-101.351	6.7612605	2288.533832550049
31	615.2232	16.72289	634.2615	591.68353	236.94556	24.605387	268.51233	183.79164	379.74933	149.33176	606.61	179.01898	234.45285	48.065025	341.71857	175.54143	1000.0	310.0	575.8	305.9	123999	100.36626	24.190691	126.71041	-38.842354	100.36748	24.197063	127.98556	-85.60791	-1.5703888	2.6146457	19.964018	-13.4320545	-101.26817	6.2453427	2358.4891452789307
32	480.2421	181.43118	597.68835	127.59822	374.07608	154.20073	794.5307	245.31267	405.4159	209.70482	799.82996	187.06491	328.07416	96.59121	497.34363	163.48775	801.8	515.5	575.7	451.4	127999	100.22508	23.992197	127.0102	-64.2006	100.2245	23.99884	127.81377	-49.567936	-1.5325077	2.593889	24.755428	-14.056004	-101.11237	6.2278614	2432.596423149109
33	629.9742	22.983974	654.4932	604.1409	446.14258	191.26456	795.07275	277.99094	444.51434	225.15262	797.9111	189.6651	345.41425	122.68343	698.1923	231.36331	1000.0	576.0	565.3	452.7	131999	100.49222	23.390314	127.287926	-67.334946	100.49191	23.397327	127.98417	-52.803467	-1.6408619	2.5468266	21.99627	-14.821707	-101.33992	6.274641	2508.038319349289
34	621.7829	19.030807	646.09827	594.7306	523.3101	60.04897	695.374	473.22665	576.0494	84.829475	699.1302	485.63406	562.1653	73.32866	705.33466	496.04065	1000.0	875.3	925.1	915.4	135999	100.56151	22.856861	125.104675	-54.15064	100.56196	22.862616	124.1021	-42.379322	-1.7150675	2.509936	24.563223	-12.797104	-101.39508	5.5894375	2597.6409509181976
35	619.0664	14.825654	635.9233	595.2507	588.5376	106.0515	765.0829	338.79062	569.4674	181.08759	795.45544	310.4282	598.8292	102.64457	688.91736	311.23904	1000.0	916.3	792.1	922.9	139999	100.77619	22.62881	123.96306	-111.795456	100.77652	22.636158	123.355225	-41.547413	-1.7190667	2.5087578	26.22057	-14.608353	-101.6281	5.4862895	2684.959985733032
36	604.9599	13.121002	625.64703	589.78894	415.12305	247.39825	793.5932	182.87994	342.83667	167.75209	676.9114	175.24553	333.7045	104.73831	543.15656	193.16562	1000.0	589.0	507.4	483.1	143999	101.25436	22.279871	123.40325	-93.736694	101.25472	22.287321	122.925674	-51.53585	-1.7686911	2.4620526	22.293758	-13.70605	-102.07176	5.5147295	2761.516044139862
37	490.68768	177.42056	638.7847	224.07047	268.1574	166.10187	606.0413	115.772606	384.9152	210.88393	605.29974	110.10621	166.84561	34.476093	235.24438	111.87501	779.6	430.5	628.7	257.9	147999	101.58955	22.120506	123.12156	-63.857567	101.58914	22.133526	124.04175	-66.083206	-1.7959162	2.4628503	21.581484	-14.790598	-102.41641	5.4096766	2840.217530965805
38	483.55234	194.02504	633.4507	195.65965	220.74129	24.48569	250.1886	171.47237	199.62267	47.157818	290.9463	119.568985	223.92465	21.024807	260.3725	189.50522	774.1667	338.9	295.8	340.8	151999	101.84326	22.090372	123.05221	-86.4442	101.84241	22.095364	124.31089	-62.21978	-1.7750839	2.4277503	24.794327	-13.13109	-102.64361	5.4289274	2916.0858759880066
39	431.17938	178.33635	600.6529	205.33226	355.02426	193.21579	693.7281	169.73842	358.1043	176.97702	693.0621	148.2123	408.15918	145.81116	692.43054	192.22314	713.0	535.0	550.0	604.0	155999	102.22197	21.931252	123.79522	-53.730907	102.22216	21.941214	123.03822	-41.206203	-1.7883586	2.4252863	24.43557	-14.210268	-103.02667	5.431964	2992.315863132477
40	540.2525	130.90887	622.49054	279.07303	378.12497	220.56496	692.1721	159.03911	396.2878	219.81781	726.69403	166.64287	368.0587	176.74178	633.8387	191.52525	884.6	566.6	590.7	539.7	159999	102.55326	21.91321	124.405396	-53.42327	102.55329	21.922287	125.34267	-53.253582	-1.756601	2.471077	27.367113	-15.201543	-103.355225	5.6279726	3068.867889881134
41	547.1407	115.16458	620.36	347.8202	266.51862	65.99163	356.96152	162.58047	300.60342	142.52605	683.06433	169.71931	279.91083	66.244705	386.53214	195.68024	884.25	346.7	398.2	362.8	163999	103.08106	21.688755	124.096756	-20.63519	103.08046	21.696005	124.66238	-60.230896	-1.8068321	2.4418037	26.207626	-12.91578	-103.87939	4.533781	3135.9724085330963
42	535.9877	142.62798	634.83466	252.26732	250.57292	58.418713	383.70914	179.52858	312.77927	166.4654	618.9377	138.6711	240.85713	73.601234	390.29556	160.4001	881.6	374.4	478.8	351.4	167999	103.39067	21.70583	123.326294	-89.2812	103.39184	21.709816	123.48108	-57.012978	-1.8556789	2.4569416	25.828754	-12.88488	-104.17408	5.129503	3205.042914390564
43	585.17773	26.710108	614.1423	543.86005	224.07593	52.980404	319.9194	170.01321	188.83029	20.730045	224.19325	156.48755	189.2072	37.18687	289.55176	159.96516	969.25	323.7	278.5	276.3	171999	103.61505	21.493704	122.76105	-33.430984	103.6167	21.50389	123.66606	-103.1524	-1.9344605	2.388987	22.433712	-12.31785	-104.380264	4.340742	3271.340871334076
44	638.19586	13.83245	658.2889	619.95856	209.24382	17.753273	233.56088	178.24529	262.544	142.20695	606.1915	165.57841	201.4546	26.543068	249.07674	171.46686	1000.0	314.7	404.2	297.7	175999	103.77472	21.298317	123.57076	-77.72048	103.77455	21.306763	122.96675	-78.94936	-2.010114	2.354	23.064203	-12.646154	-104.52984	4.7447343	3339.1116869449615
45	639.02576	12.61511	653.4372	619.839	407.04688	139.04015	607.8729	256.41812	505.29297	157.84525	687.19543	240.86417	349.34836	117.36364	692.31537	268.55466	1000.0	637.4	794.9	519.5	179999	104.078	21.18479	122.399574	-70.50256	104.07688	21.190027	122.91107	-67.10626	-1.9670931	2.38632	23.79044	-13.535532	-104.83389	4.9886584	3418.7028069496155
46	617.9977	23.314072	649.3693	587.0819	244.71162	45.71273	366.29465	193.29593	366.92697	176.81642	640.6662	177.87816	283.6337	138.11192	690.0882	190.50095	1000.0	381.8	610.8	428.6	183999	104.4182	20.922619	126.34685	-140.91843	104.41856	20.926275	125.20682	-51.122875	-1.9523603	2.3989692	24.854015	-12.784182	-105.17558	4.6099668	3492.3782007694244
47	614.6136	16.225628	637.54877	592.20544	472.98065	217.52626	693.4073	172.3651	507.50665	170.06757	717.7991	182.64886	488.60553	186.32675	631.3046	177.16003	1000.0	738.0	808.7	788.5	187999	104.52152	20.7362	123.731224	-75.266075	104.52127	20.746275	126.20884	-76.78567	-2.0259707	2.3525481	25.7114	-14.335456	-105.274414	4.5865564	3576.7616107463837
48	658.371	12.136827	671.8535	638.75037	299.19733	97.63285	563.19635	193.51772	494.24942	175.97237	695.7765	178.74945	328.33368	94.97556	567.9258	237.21188	1000.0	478.7	813.3	527.1	191999	104.72581	20.75768	124.05881	-68.30805	104.72583	20.759537	124.23498	-44.343475	-2.096124	2.3326793	24.646904	-13.421305	-105.46902	4.396712	3654.936507463455
49	649.36487	17.924963	672.687	628.40094	461.47305	185.50876	696.986	224.04024	594.1969	63.983105	695.13794	438.56876	606.6919	127.52901	695.4099	233.78163	1000.0	719.8	959.7	935.1	195999	104.98665	20.630938	127.87383	-59.714256	104.98715	20.636747	126.682556	-52.952946	-2.1044147	2.338368	21.743355	-14.433386	-105.74384	4.1574063	3742.4850618839264
50	641.2415	27.476376	664.6001	596.1025	535.82983	221.15875	743.7603	219.96959	595.14655	178.67445	723.2613	140.78146	427.86304	203.10727	693.2605	207.51039	1000.0	778.3	879.1	653.5	199999	105.42118	20.552666	124.785545	-50.328743	105.42189	20.555433	125.564896	-61.446754	-2.121817	2.3236125	24.980629	-14.449377	-106.15717	4.6477785	3826.616085767746
51	643.984	14.427958	659.86346	624.4502	550.05493	68.92192	637.36505	385.71674	514.1084	169.97556	692.24756	166.60799	499.6787	139.11339	599.331	193.9192	1000.0	934.5	861.5	840.9	203999	105.84118	20.21042	124.642944	-56.570423	105.84183	20.214146	125.06913	-40.416977	-2.1896257	2.3359616	27.50257	-11.87513	-106.58692	4.138839	3915.0292532444
52	633.65936	24.955101	660.4175	592.91205	650.40594	152.48093	768.83325	393.8234	639.37744	163.05269	823.09064	323.44196	616.68616	74.07351	707.18463	468.55627	1000.0	867.0	874.0	923.7	207999	106.13141	19.848383	133.3734	-71.66158	106.13148	19.857832	124.174126	-107.19754	-2.1944861	2.3322437	25.510384	-13.950012	-106.8789	4.1495166	4003.817946434021
53	616.7179	20.0647	649.20605	595.9953	478.9795	166.65335	694.8613	265.09293	386.06155	140.98198	601.4027	206.05833	533.25916	152.01898	719.89825	319.24002	1000.0	750.6	621.5	810.1	211999	106.54081	19.461842	124.18997	-109.58373	106.5407	19.472551	125.11416	-93.7504	-2.1933115	2.3181963	23.94141	-13.088185	-107.27601	4.4896483	4086.265388727188
54	568.3936	92.88616	656.28076	416.87662	379.654	110.432816	553.2445	233.9244	323.7183	156.81061	651.8499	195.44493	313.6326	55.16414	426.79675	234.34148	930.0	592.7	514.5	469.9	215999	106.92784	18.979422	126.23576	-33.401836	106.92877	18.990057	124.862885	-71.32617	-2.2226913	2.3172722	29.50098	-12.526208	-107.67015	4.3576217	4167.04164648056
55	626.46545	15.72088	645.8699	610.697	574.3529	193.52786	722.67065	217.50058	687.51263	64.74246	792.1978	559.77124	634.9413	109.956474	693.31287	314.53775	1000.0	820.1	973.3	927.5	219999	107.0802	18.98005	124.78778	-70.1849	107.08137	18.98398	125.343864	-79.41321	-2.2000413	2.2238514	27.21543	-13.531872	-107.79671	4.2019243	4257.734235048294
56	625.3722	22.487488	653.84644	592.9046	451.1585	128.68295	675.97864	216.83807	479.41357	154.60147	677.3674	241.82925	525.02374	131.17139	692.5441	287.56854	1000.0	678.5	749.2	783.1	223999	107.34419	19.296453	125.260796	-71.416016	107.34497	19.307121	127.075645	-98.264046	-2.2149763	2.2695851	20.579674	-12.407033	-108.079094	4.5320864	4341.085275650024
57	631.00867	20.995127	665.43774	610.20575	254.76059	62.30884	426.49423	198.97406	351.996	156.45679	611.9396	193.39395	331.4041	173.60757	690.0874	208.61795	1000.0	388.7	574.5	501.4	227999	107.65344	19.022346	125.611206	-42.06741	107.65405	19.026085	126.476974	-26.147772	-2.302121	2.2414324	28.997631	-13.254326	-108.39294	3.7766285	4415.408852338791
58	646.646	7.5748887	654.0972	635.29785	293.91083	213.85355	674.58136	93.9452	378.2906	191.30367	695.5686	94.36833	245.0994	203.99823	691.7154	98.06822	1000.0	569.2	717.3	482.1	231999	107.99641	18.475094	149.44763	-50.065468	107.9956	18.490616	152.61115	-74.97493	-2.3287413	2.2876487	28.56692	-12.711699	-108.75171	4.62701	4492.487916707993
59	568.6241	66.70606	646.13806	499.1491	353.6147	160.21828	668.9263	224.08322	391.21198	172.68588	670.54425	193.19646	428.50082	215.91812	703.30743	216.54654	1000.0	518.1	575.8	616.9	235999	108.02778	18.518017	147.81181	-84.59662	108.02821	18.523624	148.786	-64.36693	-2.303289	2.2771351	25.518824	-13.114465	-108.770004	4.2849813	4573.282358646393
60	625.4022	30.955168	653.44257	573.41144	283.80905	140.44676	660.497	117.65725	447.87396	207.2662	657.5157	122.754425	458.18408	201.49503	717.3502	252.47516	1000.0	416.0	678.9	665.7	239999	108.16561	18.650188	124.748795	-58.745945	108.16479	18.656588	125.81692	-60.327785	-2.3278518	2.2471542	26.852894	-12.813369	-108.879486	3.8925529	4656.398012876511
61	636.80804	7.3991623	648.7335	629.06525	395.32568	215.38791	685.93097	156.08134	374.9287	201.97133	689.79205	154.84705	458.41714	107.18848	619.40497	258.57916	1000.0	602.3	573.3	700.0	243999	108.39503	18.575901	126.51891	-74.62632	108.39395	18.577068	124.731346	-99.96714	-2.316956	2.2083	22.30293	-12.793417	-109.11018	3.4313817	4737.917627096176
62	618.7997	23.285824	639.388	579.3146	550.5877	189.10344	773.31793	219.63147	481.2138	200.6152	774.11914	238.09074	707.5646	23.824915	759.8754	680.6274	1000.0	811.3	694.6	1000.0	247999	108.59252	18.537434	124.87402	-123.05766	108.59226	18.539845	125.90578	-32.69018	-2.3468711	2.209066	23.570454	-13.703868	-109.29492	4.1399393	4824.579254627228
63	640.19934	12.782731	658.1753	625.2366	574.1193	162.65472	749.7684	318.36417	496.88492	136.63782	759.2151	314.5677	483.0913	169.13121	746.0101	261.97894	1000.0	872.7	805.5	727.6	251999	108.66401	18.767311	124.66266	-66.945496	108.66275	18.770357	129.68893	-47.52236	-2.3378527	2.2202325	23.789276	-12.640554	-109.35998	4.2420406	4909.75679063797
64	641.0597	16.215029	657.85596	617.8359	498.97705	91.44423	646.9892	363.3879	486.95688	105.987144	622.3759	315.1851	537.0962	82.884224	647.27655	430.74915	1000.0	843.6	853.2	894.1	255999	108.8848	18.744638	130.7731	-96.259834	108.88505	18.75351	126.241875	-75.983055	-2.3402066	2.2253444	23.63101	-12.916821	-109.59032	3.7932107	4998.0385909080505
65	91.570305	216.10803	632.3577	-3.9012156	617.9457	106.02844	691.6228	320.24493	568.6465	174.28479	686.5349	150.54445	678.3431	13.651692	698.19824	650.8137	167.7037	985.4	925.0	1000.0	259999	109.26456	18.302614	272.57852	-78.9151	109.2659	18.308826	265.81268	-84.85454	-2.2575538	2.446485	68.00638	-13.026714	-110.03431	5.6987596	5089.868891000748
66	625.50854	10.906142	642.88434	614.8401	347.0904	168.75108	558.97736	170.5717	387.80038	173.22766	660.4173	158.2286	366.02463	148.02512	540.07733	174.73419	1000.0	527.1	588.9	575.2	263999	109.17748	18.519838	193.61328	-34.63062	109.17863	18.524788	201.98468	-54.99622	-2.245423	2.386793	27.63023	-12.763534	-109.945915	5.241517	5170.921831607819
67	617.8775	11.570203	632.3361	601.12866	491.0962	144.77325	668.4975	268.90384	510.9162	132.0155	635.27625	261.8369	580.3595	128.60376	697.8241	282.00623	1000.0	775.7	825.5	903.6	267999	109.1281	18.615574	126.824295	-72.659874	109.1296	18.624805	129.94608	-69.18452	-2.3840218	2.1426232	23.990765	-12.369674	-109.82331	3.858898	5267.6625463962555
68	634.8664	9.689629	643.8374	620.22577	235.11617	54.849495	375.4329	189.17906	290.127	149.77887	605.70624	170.13696	215.65971	47.502964	315.63916	180.40527	1000.0	357.6	466.0	318.4	271999	109.37712	18.580908	125.68482	-79.30837	109.37693	18.593033	127.1175	-61.037327	-2.3717387	2.131434	21.722513	-13.235364	-110.0829	3.546766	5341.958259820938
69	647.62317	5.067764	654.6359	642.29156	558.36	151.27696	675.52997	253.09409	598.4203	125.87671	697.98444	233.74092	492.57993	189.48515	696.5456	255.4008	1000.0	874.3	931.8	749.7	275999	109.60115	18.384092	127.16634	-16.442417	109.60168	18.395248	128.74243	-52.900177	-2.3619046	2.1403577	24.538599	-12.553931	-110.291405	3.7288241	5428.46862578392
70	622.87695	8.9791155	635.7012	610.7685	286.6551	175.51834	668.7832	171.07481	290.39838	147.49493	653.2868	162.87303	244.6901	111.35898	529.7574	162.06316	1000.0	403.3	427.0	347.0	279999	109.81869	18.362791	126.81403	-67.141426	109.81829	18.368404	127.573425	-38.23959	-2.377715	2.1600902	21.227861	-13.165904	-110.52161	3.6612697	5497.75116443634
71	490.84073	198.09132	627.61676	97.126724	239.07285	53.358025	369.10785	196.67471	501.34406	186.07039	693.87115	214.43776	267.54166	72.057976	427.4194	206.37712	828.6	337.5	744.0	387.4	283999	109.99086	18.163769	127.199486	-113.77268	109.99178	18.174334	127.073524	-87.41997	-2.3943965	2.1837473	20.674896	-13.202758	-110.69414	3.5063918	5572.552777528763
72	620.66376	33.266064	664.0411	570.5454	313.69305	39.217037	415.55255	273.0515	506.9314	196.94748	708.53485	273.17932	320.73547	32.83002	369.1609	264.70517	1000.0	438.0	720.3	457.3	287999	110.09722	18.11378	127.43274	-68.52255	110.0981	18.124256	127.86743	-88.07513	-2.3913777	2.1736548	23.89586	-14.086876	-110.78864	3.8698308	5652.04047870636
73	619.0022	19.449797	641.4591	590.97046	439.41895	142.82005	721.9099	297.2089	567.7265	176.3434	801.0211	291.08792	546.4078	198.47594	797.3126	317.67786	1000.0	629.1	820.0	740.3	291999	110.36076	17.723166	126.87592	-57.154125	110.36079	17.73059	127.68826	-63.621597	-2.4357834	2.1292965	20.609783	-12.729552	-111.06874	3.9455638	5747.573443651199
74	616.6111	20.86276	642.8736	584.6377	209.26974	64.28943	383.1066	149.14304	312.83868	183.19467	676.4956	136.64752	208.06169	46.94467	293.80402	153.2336	1000.0	311.4	469.8	314.9	295999	110.47506	17.677631	126.33161	-85.393845	110.47467	17.683903	126.84119	-45.5945	-2.4822266	2.0865984	20.607357	-14.381323	-111.157814	3.604642	5820.396643400192
75	624.32965	18.42799	654.55096	605.0035	335.69766	168.9297	622.74567	169.35085	282.6879	174.01788	609.1162	151.38638	481.82733	222.74702	697.96814	155.50316	1000.0	492.7	415.8	718.3	299999	110.65846	17.503922	127.53109	-205.57118	110.65869	17.507849	128.07747	-74.141785	-2.4731915	2.1039064	22.820885	-12.829867	-111.3521	3.9093652	5897.946836948395
76	618.7653	25.370071	646.72705	592.4205	203.98341	72.14088	328.22433	127.96474	287.54974	212.51826	710.30707	126.511894	202.96448	63.160046	308.2283	130.97516	1000.0	265.1	387.2	265.7	303999	110.72353	17.37663	129.28735	-58.524982	110.72332	17.384388	129.75528	-85.50277	-2.4413939	2.122317	32.282707	-12.691704	-111.419	3.5596247	5965.185063123703
77	605.15356	10.725858	618.71686	591.78845	180.49622	76.30782	288.52997	88.15438	195.83945	177.26584	560.74286	95.36972	155.23137	82.284485	338.70102	90.688065	1000.0	264.3	308.6	218.4	307999	110.86198	17.162083	130.25899	-75.7504	110.86257	17.176052	127.04182	-71.511894	-2.4359343	2.0976	19.031338	-14.304473	-111.54869	4.0337462	6030.353251218796
78	600.5123	16.063866	622.7022	580.05426	337.52594	183.77864	660.9933	163.76234	256.1727	150.766	590.6759	133.48727	327.34564	179.83179	660.80176	143.59094	1000.0	487.6	367.5	467.8	311999	110.99522	17.031073	126.54122	-53.37205	110.99614	17.039038	129.71254	-81.075714	-2.4133523	2.1193483	20.733063	-13.5775385	-111.673584	4.038471	6102.255214214325
79	606.37427	17.711063	632.2623	582.8568	471.02368	268.43628	793.86273	187.67845	616.1952	263.86075	794.0048	190.15048	526.4527	274.61334	792.6092	169.4363	1000.0	617.5	779.3	667.9	315999	111.05221	17.203894	128.73965	-30.896812	111.05193	17.213747	129.01337	-93.64133	-2.404532	2.1131566	20.463755	-14.529727	-111.744835	3.8468502	6183.118570804596
80	614.6544	23.12462	650.5996	586.51105	239.32841	59.209846	310.5363	153.2935	245.54546	131.39323	548.08264	124.94554	215.95679	64.47016	348.1965	133.87175	1000.0	362.3	377.0	318.2	319999	111.14994	16.990429	127.29429	-36.102516	111.14922	16.995428	132.2417	-46.894005	-2.4661324	2.0358675	21.8008	-13.38933	-111.81848	3.6348417	6254.040826320648
81	616.4186	12.88016	629.51624	596.07733	384.30225	208.47075	788.092	171.72513	518.73987	246.61836	789.38464	159.08646	423.71918	238.89822	794.4578	167.05856	1000.0	521.8	705.3	565.4	323999	111.07072	16.982386	127.65111	-66.1418	111.0703	16.988985	131.13115	-61.446594	-2.4657557	2.0700142	21.282606	-14.560677	-111.751175	4.120173	6332.9625861644745
82	618.9784	23.1199	658.7351	602.45404	397.48795	211.94968	795.8611	158.14746	400.03265	191.70915	605.42456	159.00003	253.50615	100.2101	428.7793	175.72656	1000.0	560.4	630.8	335.4	327999	111.16614	16.765554	127.66231	-67.131165	111.16593	16.765469	127.6035	-53.226894	-2.5067415	2.0626087	22.705418	-14.559132	-111.83939	3.3819544	6408.317092180252
83	615.25476	9.866048	625.2018	599.9531	199.68878	74.066025	307.62628	118.70061	303.01385	206.52519	626.30225	108.86597	206.87671	101.99678	414.72052	112.42732	1000.0	266.0	461.1	279.7	331999	111.17625	16.666418	126.37923	-36.810337	111.17679	16.672178	129.12001	-59.834515	-2.552798	2.0391214	20.120743	-11.973211	-111.85344	3.8227577	6478.760046482086
84	607.77344	20.865332	641.61694	587.46063	219.85368	102.74054	485.0107	130.93567	310.29135	160.51625	597.7095	138.07053	239.93477	114.922676	516.1013	138.58047	1000.0	300.4	461.5	351.4	335999	111.15071	16.75974	128.63794	-160.66855	111.15229	16.763992	135.83708	-44.533115	-2.5270677	2.0311117	21.800425	-12.699144	-111.832275	3.6787333	6550.038994312286
85	628.1609	19.455112	652.1249	597.83826	184.22719	91.483696	363.11087	108.024124	284.63565	163.16806	562.5703	91.64033	215.9725	90.57797	352.28882	104.971794	1000.0	283.0	471.7	345.4	339999	111.21853	16.853174	126.419235	-39.269444	111.21805	16.855679	128.41273	-70.525764	-2.5022502	2.0272799	19.646482	-12.079213	-111.88636	3.6119444	6619.8160128593445
86	620.9608	7.668514	632.3976	610.9456	265.81403	112.77515	489.25864	167.55956	320.0032	165.73851	541.8322	148.64369	238.55835	104.23828	434.62833	135.31166	1000.0	404.6	572.6	366.6	343999	111.44818	16.417622	126.72862	-89.66144	111.44861	16.42101	129.13481	-71.84226	-2.497303	2.0687404	22.031477	-13.969728	-112.12404	3.5193322	6691.563142299652
87	597.89716	81.756584	674.0009	460.69675	439.79263	226.60687	794.0446	198.67079	543.90454	260.25537	793.34467	157.77501	527.54	265.36453	789.5117	174.74274	938.75	601.9	717.8	679.4	347999	111.61509	16.459019	128.87631	-32.180023	111.61399	16.46404	129.74544	-42.96197	-2.508826	2.0676634	22.47175	-14.287221	-112.28996	3.713685	6773.325232505798
88	638.2602	3.033382	641.35	633.36835	205.88985	90.45619	416.91833	129.37415	253.73364	136.0136	548.0831	115.23317	243.85336	145.10068	517.9844	112.18824	1000.0	289.6	388.0	351.7	351999	111.79642	16.420122	129.08636	-80.707596	111.79512	16.422417	129.92244	-55.696396	-2.557704	2.0055344	23.23579	-13.128874	-112.46431	3.7429185	6842.859676361084
89	627.24805	10.356033	638.52185	612.418	225.84482	115.00093	567.1176	154.43185	304.40427	126.09458	493.58194	180.00168	274.90503	97.93802	401.58844	184.31012	1000.0	310.3	492.4	410.7	355999	111.9229	16.316547	130.22289	-28.75116	111.92446	16.330725	130.2557	-94.51622	-2.5110617	2.0265734	22.794569	-13.031507	-112.58314	3.7866356	6914.317054748535
90	613.31824	9.340181	623.5503	602.2823	463.8355	194.61041	750.192	235.43077	598.35645	138.69804	751.237	325.71066	407.69977	76.440834	560.29706	293.55234	1000.0	702.2	914.0	683.4	359999	112.12207	16.279709	130.14197	-53.656788	112.12239	16.28836	131.06703	-89.20887	-2.5257866	2.0153778	20.775408	-13.237978	-112.791016	3.7259698	7000.123683929443
91	635.3975	13.062107	655.78033	620.55304	386.5362	157.57631	637.892	234.67648	356.25507	133.44608	631.6211	196.4119	376.91043	129.78777	616.7222	258.29843	1000.0	573.7	540.7	550.6	363999	112.19661	16.234537	129.88936	-46.03035	112.19794	16.246988	131.01054	-92.0196	-2.572983	2.0051606	21.178802	-13.817926	-112.8647	3.453622	7076.022386074066
92	633.01874	16.64615	652.04175	612.9051	268.96042	73.00087	425.6611	184.04764	272.6289	129.76518	612.1431	144.917	269.37134	79.79723	451.43466	210.81995	1000.0	407.1	410.4	410.3	367999	112.2537	16.1877	128.9229	-125.69851	112.25407	16.197262	129.6255	-67.658676	-2.5635395	2.0024114	24.17191	-13.365303	-112.923615	3.428131	7146.499351024628
93	615.0365	8.244612	626.72174	603.41815	347.77267	135.92247	531.6785	179.95142	328.54083	165.64214	646.2629	168.50021	291.93396	119.166435	528.2904	202.28667	1000.0	511.8	478.7	419.8	371999	112.42862	15.930755	127.90109	-29.377377	112.42845	15.930983	129.09776	-64.899956	-2.5701358	1.9836009	23.445524	-12.67845	-113.088585	3.2314653	7218.866506576538
94	618.93445	10.930615	633.05554	606.4549	248.33138	129.86986	541.1055	146.68184	294.0457	159.45837	607.67865	154.45155	230.15779	83.72981	372.702	140.64514	1000.0	386.9	474.6	342.4	375999	112.52054	15.946536	129.28781	-50.301773	112.52095	15.955999	128.64745	-21.023163	-2.559518	2.01453	25.156641	-14.961788	-113.19751	3.2610726	7288.974990844727
95	620.0243	16.204205	636.79736	594.3167	291.80988	95.968475	512.3302	211.15945	357.13382	162.23138	670.887	213.99677	331.8777	185.38585	839.64966	227.55737	1000.0	421.2	515.0	449.9	379999	112.78295	15.761306	131.30269	-72.64794	112.78408	15.764428	129.42264	-74.156746	-2.595345	1.976497	21.513378	-13.983224	-113.46399	3.205454	7365.361336231232
96	640.23755	14.513584	661.93805	623.13617	722.5873	62.919704	794.8942	557.41895	642.5668	149.06181	795.6954	295.97247	701.4672	68.260124	793.9812	537.66925	1000.0	985.2	887.2	975.6	383999	113.06972	15.765008	129.87389	-86.55901	113.06988	15.765653	130.68956	-69.7258	-2.5758069	1.9770621	21.749334	-12.633991	-113.739204	3.3987157	7457.195389032364
97	637.4023	9.624612	645.61804	621.0013	399.946	119.95196	703.4038	259.82996	454.68622	236.76591	864.2054	234.0258	426.02213	155.57103	800.3088	293.21884	1000.0	560.4	598.0	581.6	387999	113.25096	15.794937	129.93138	-64.16295	113.25218	15.798298	133.92163	-79.81346	-2.6184473	1.9648436	20.45675	-12.594041	-113.91669	3.4540527	7533.965815782547
98	630.9956	12.893493	645.17017	611.1304	401.41962	83.74335	543.1633	243.8363	392.97427	120.67352	648.51404	248.91818	342.90045	106.77753	617.1607	247.1049	1000.0	576.0	574.4	503.1	391999	113.38434	15.831181	130.74539	-36.937553	113.38555	15.832354	130.27756	-43.04403	-2.668835	1.9531413	21.371965	-12.828005	-114.05524	3.589915	7612.204876422882
99	624.60095	9.985286	639.6822	614.031	397.29102	124.60296	716.48724	288.44952	414.28287	105.132256	663.23724	292.8053	443.78204	153.12949	739.22845	276.3	1000.0	553.6	581.8	612.5	395999	113.68239	15.384157	131.45169	-120.115685	113.68334	15.376	130.52135	-86.298195	-2.6832325	2.0088983	29.45057	-12.602643	-114.35932	3.5391266	7691.2809817790985
100	618.3671	13.456883	640.855	606.7561	285.19843	103.838135	453.25256	177.19263	266.40778	123.61462	595.2733	165.3837	263.8439	107.92989	448.2782	174.26653	1000.0	449.1	412.2	420.1	399999	113.74425	15.14272	128.8179	-50.295097	113.74356	15.145045	130.3074	-108.59485	-2.6810718	1.946472	24.02336	-12.856405	-114.405266	3.2993438	7762.279632329941
101	624.93176	13.866326	647.459	613.01825	372.60977	148.70439	647.7694	220.46631	347.88507	153.01125	628.091	187.01027	331.39026	160.77599	774.66156	220.74152	1000.0	515.4	492.7	451.6	403999	113.76271	15.304661	131.24312	-44.162815	113.76235	15.299471	132.42365	-29.251677	-2.671691	1.9614317	22.57612	-13.058336	-114.426346	3.1494882	7835.2519907951355
102	626.2715	3.1505435	630.6654	621.893	616.63293	215.8422	851.77563	248.2006	603.87195	179.73416	851.1203	302.16565	587.21136	222.66379	855.53723	230.22054	1000.0	808.9	834.9	770.6	407999	113.85113	15.518848	133.90547	-44.907413	113.85165	15.523785	133.50171	-57.267586	-2.646209	1.9785807	24.70318	-11.828877	-114.513985	3.3072097	7919.438308477402
103	618.0146	3.4015968	621.9283	614.0138	396.61923	173.28151	715.74097	209.72398	399.33038	143.85432	602.2482	199.7849	382.03113	167.66252	765.1052	196.1037	1000.0	578.2	613.0	544.6	411999	114.12643	15.170518	142.9608	-56.591057	114.12735	15.181057	140.77805	-70.07011	-2.630077	2.015388	24.713636	-13.502753	-114.79648	2.9584584	7995.6029052734375
104	630.5129	23.34395	662.6742	606.09766	398.37006	159.94067	796.77216	245.60123	334.39276	134.21916	623.5585	222.40111	343.44043	199.54102	795.8736	206.41508	1000.0	535.6	483.8	457.5	415999	114.32685	14.918935	141.7771	-80.18779	114.32842	14.911209	138.7965	-40.229008	-2.7015584	1.9530293	22.707436	-12.534899	-114.97924	3.471966	8074.879927396774
105	619.2014	12.326895	639.46686	606.31274	266.19263	110.52259	422.66513	153.5933	261.6527	85.83763	422.68686	170.5082	242.29106	105.38568	499.817	165.85414	1000.0	377.8	362.9	336.4	419999	114.42041	14.588844	140.16443	-63.06631	114.42091	14.595765	133.53474	-75.20005	-2.7316673	1.9185793	28.09145	-14.074111	-115.07078	3.0360465	8144.000057458878
106	623.70654	24.082104	655.8643	588.02527	179.81363	29.641436	238.96239	138.97218	337.32187	183.7073	643.99347	134.95709	378.81616	152.1141	703.3705	184.80309	1000.0	237.2	498.7	520.5	423999	114.34204	14.50722	149.40588	-34.71786	114.34264	14.5047655	143.1457	-52.41794	-2.7059157	1.9276361	22.945877	-12.914595	-114.9968	3.4963121	8215.35984635353
107	627.3469	15.973808	646.1886	602.22174	244.25957	47.948208	363.06305	200.43385	356.60443	196.33553	789.7951	171.71507	321.88095	99.811455	452.18842	193.2145	1000.0	352.7	516.2	465.8	427999	114.32654	14.451744	157.73041	-83.50257	114.32833	14.455646	157.14488	-61.879177	-2.701744	1.9353492	23.449486	-14.696152	-114.974724	3.5189846	8287.211785554886
108	635.2956	1.812868	637.37445	632.505	299.10144	75.90675	416.6076	214.23248	363.9602	159.00523	587.56604	183.33734	287.0637	58.042217	366.72787	213.78899	1000.0	455.8	588.0	447.3	431999	114.2318	14.634583	139.68878	-35.739998	114.23246	14.639636	136.53162	-48.9204	-2.715232	1.9169164	22.760395	-13.848396	-114.88014	3.154343	8364.11367559433
109	627.9762	9.514433	638.73157	612.63525	301.5149	103.82142	457.06467	198.42966	411.9781	146.30737	611.1371	226.4093	240.14282	35.378017	341.90393	213.0433	1000.0	469.7	684.1	343.9	435999	114.24333	14.753004	130.56482	-53.308167	114.2439	14.759483	130.729	-76.01723	-2.7130046	1.9096195	20.322433	-12.788118	-114.90261	2.933995	8438.831761598587
110	635.6125	5.481588	641.5284	626.97906	286.7348	59.39907	453.42923	234.64005	365.4572	152.06245	636.6406	213.82999	304.62006	64.937355	420.68668	238.5335	1000.0	406.8	554.4	457.4	439999	114.36582	14.802234	130.74785	-26.136528	114.36548	14.804715	130.28337	-72.80434	-2.7494054	1.9117353	19.866184	-12.759757	-115.01695	2.9470932	8511.905287504196
111	633.488	12.616725	643.35016	611.84326	259.77005	72.83469	386.0517	204.15886	310.3851	159.69518	629.3	169.86258	265.0477	78.46701	403.65076	186.73766	1000.0	366.4	453.6	373.6	443999	114.45458	15.065697	129.69925	-31.065973	114.45414	15.055187	130.24396	-47.181908	-2.7644491	1.9074278	20.070385	-11.232019	-115.104416	2.573624	8585.53313279152
112	617.2535	16.933569	636.6622	593.99084	371.83914	46.67168	480.71082	315.8983	442.6229	86.89415	625.868	332.7416	390.07245	44.482563	472.79172	325.66888	1000.0	551.1	664.6	586.9	447999	114.7558	14.81425	131.8762	-39.527485	114.75667	14.828743	131.66608	-125.92272	-2.7307742	1.9479901	21.700245	-12.248726	-115.41977	3.2336388	8666.180009126663
113	636.8091	10.657323	653.8776	626.43835	509.86963	189.42303	799.7392	290.5562	446.80615	176.92397	799.6185	260.0386	521.1947	173.06148	799.34186	264.0011	1000.0	695.5	618.8	724.5	451999	114.90759	14.891394	135.62775	-40.957382	114.90768	14.899268	132.3447	-93.84821	-2.7527807	1.9421117	23.788706	-14.819618	-115.556984	2.886994	8747.177079439163
114	645.28516	12.535006	663.3103	627.8984	311.00626	135.38554	550.5499	187.34593	276.85388	73.04779	402.20517	204.99657	298.69263	111.4133	530.61334	213.08624	1000.0	424.1	372.2	401.4	455999	115.11837	14.832975	136.7742	-86.54879	115.11918	14.829951	132.11348	-41.888767	-2.7874184	1.9157984	27.255514	-12.039135	-115.776344	2.7085195	8817.265307188034
115	641.889	8.299791	653.27264	631.5003	670.5001	68.157364	799.7995	604.8978	681.80896	50.65404	798.8022	595.2695	729.5741	56.69289	798.0767	661.03723	1000.0	937.7	964.6	990.4	459999	115.25219	14.847679	134.14308	-40.311672	115.25257	14.854399	132.03413	-23.047066	-2.7567112	1.9081991	21.796425	-12.89192	-115.908646	2.7556348	8908.134531497955
116	622.35767	8.046495	630.4686	609.73596	397.81137	78.452354	607.0722	332.9463	486.71518	113.236496	644.72473	320.98618	395.1674	86.30784	584.11346	293.827	1000.0	606.9	744.5	597.1	463999	115.29977	14.814287	136.45747	-23.244884	115.29921	14.817335	134.36256	-73.129036	-2.794187	1.9109378	27.525045	-12.27979	-115.94897	2.7562842	8988.05962729454
117	636.00586	14.742312	654.14905	618.08344	304.64935	92.27237	457.75406	187.00421	336.1065	158.52498	644.87555	194.39243	262.5323	86.73463	456.27054	179.5205	1000.0	436.1	490.0	370.6	467999	115.4091	14.662809	130.95627	-39.648785	115.41051	14.6687	132.5774	-39.96789	-2.8045616	1.895393	24.514402	-13.025251	-116.06105	2.6465437	9059.531513214111
118	629.35187	10.168335	641.70245	613.66425	308.72958	112.10043	486.69125	213.14685	317.23895	101.22984	507.2692	209.83932	433.46518	103.894646	547.13666	214.23329	1000.0	444.8	459.9	684.6	471999	115.44487	14.575304	131.00404	-23.803572	115.44448	14.57671	132.60738	-42.627968	-2.809875	1.87602	25.62974	-14.498571	-116.0983	2.4873621	9136.435230731964
119	652.3579	12.928882	665.5056	633.1394	347.3818	126.1684	492.1546	210.1144	405.1633	157.89055	617.73596	236.31007	349.81998	134.54181	621.40564	233.59097	1000.0	550.5	634.5	549.0	475999	115.52195	14.8251705	131.91223	-31.115992	115.52213	14.8264675	132.5909	-57.40022	-2.8015947	1.9051282	25.87365	-12.526965	-116.17092	2.9317634	9217.703713655472
120	637.58545	10.763667	655.8288	627.88715	497.40714	136.88304	700.4224	289.37418	511.73544	87.274506	605.44025	282.0925	520.79236	114.35946	650.73016	292.96405	1000.0	724.9	741.1	768.0	479999	115.60468	14.931377	133.5783	-11.1358185	115.60519	14.93863	132.53307	-38.47808	-2.77745	1.9017954	21.15225	-14.4322605	-116.25823	2.565129	9301.282264471054
121	638.42505	3.868085	642.892	632.6624	525.74084	279.6504	884.96094	200.02542	493.63116	278.13022	889.2127	218.73027	456.58105	224.63103	854.04706	210.51932	1000.0	687.7	635.7	633.5	483999	115.59896	14.671597	135.28271	-74.86837	115.59851	14.6696	135.58455	-77.59841	-2.7543347	1.9103873	21.215622	-12.618131	-116.248924	2.5854142	9380.85889005661
122	632.2365	14.028176	646.976	613.29675	736.3014	147.36656	866.35046	354.21823	645.0094	161.061	862.1174	373.09637	656.3968	158.95168	827.6085	309.8548	1000.0	949.8	874.6	890.1	487999	115.67653	14.596393	132.87282	-26.061935	115.67679	14.597547	133.02838	-69.202354	-2.8248878	1.8527899	20.679077	-12.051447	-116.32318	2.289898	9469.780133485794
123	644.2778	7.1124697	654.82605	635.21606	389.17352	95.89866	467.8535	203.48526	423.2849	97.09528	583.0854	264.31406	346.475	123.71181	500.86597	202.73201	1000.0	612.5	697.9	555.4	491999	115.73028	14.716754	138.60153	-79.39767	115.72986	14.707402	133.17259	-36.835567	-2.8193035	1.8555505	22.146582	-12.314784	-116.37559	2.359456	9547.256120443344
124	635.2898	5.101523	641.0984	629.8811	492.04938	112.78638	662.26917	348.4899	479.5652	175.96335	672.9214	219.26965	528.1343	62.37116	665.657	463.84848	1000.0	746.6	730.9	821.5	495999	115.77214	14.434275	131.94696	-16.244036	115.77207	14.429873	131.6981	-18.667257	-2.8408437	1.8527128	21.95478	-12.139732	-116.41387	2.6458867	9633.293768405914
125	634.5645	10.994591	651.74097	623.98846	387.75317	114.554085	579.5379	252.23753	377.2308	149.677	635.2688	200.77083	392.61276	139.6582	617.7941	219.78346	1000.0	574.1	579.9	599.7	499999	115.81307	14.55744	131.74202	-59.19372	115.8133	14.560387	135.1528	-111.69447	-2.8553061	1.8297437	26.688942	-18.353216	-116.45639	2.4285753	9710.68024468422
126	635.39655	17.769302	663.94653	615.5095	654.47437	44.474133	707.39056	592.15967	659.15564	46.2482	707.17834	570.04144	670.4584	61.03757	796.4561	600.76715	1000.0	938.4	943.8	944.2	503999	115.84331	14.572372	132.66696	-48.2516	115.84338	14.568639	133.03845	-81.81158	-2.854974	1.8643253	25.71455	-12.837039	-116.49794	2.4638054	9802.393056631088
127	626.9823	7.3984585	636.8175	617.37744	699.7348	19.568024	721.9348	646.2694	763.14026	48.293484	801.66675	672.9303	708.5708	19.5606	756.63513	694.8202	1000.0	1000.0	1000.0	1000.0	507999	115.91632	14.592687	132.23354	-21.012299	115.91628	14.594408	132.7064	-29.219513	-2.8624754	1.847654	30.406204	-12.001928	-116.56425	2.2477553	9896.8026034832
128	638.05444	10.96264	653.3708	622.45215	429.425	151.00926	802.7585	292.8372	529.3266	137.85495	801.3923	275.99615	447.23422	121.253426	801.35187	343.96875	1000.0	603.5	778.5	658.1	511999	116.11674	14.272917	133.52032	-8.499355	116.11736	14.274411	132.73515	-79.0848	-2.871687	1.818328	24.872414	-13.227022	-116.768234	2.2825048	9977.266655683517
129	648.0999	15.537938	666.7593	630.5336	696.6158	72.00717	801.68475	628.67395	643.4666	58.598278	802.3176	583.16266	717.6297	65.53719	799.5855	645.4883	1000.0	989.4	961.7	1000.0	515999	116.08179	14.262392	132.10793	-8.553795	116.08095	14.254493	131.93387	-78.390205	-2.8554373	1.8254058	34.233925	-11.774475	-116.72055	2.3928258	10068.851961612701
130	656.05444	4.470044	660.5961	648.8554	585.0961	78.02737	671.80536	411.57608	583.1543	89.36902	659.5185	378.06067	469.27377	47.72742	553.3535	412.63937	1000.0	921.1	918.1	716.5	519999	116.17203	13.955286	131.87602	-51.162434	116.17174	13.951775	132.63223	-28.880032	-2.8716257	1.8284076	21.811834	-13.399129	-116.81694	2.1504073	10156.637073040009
131	635.5272	17.301584	653.13116	618.07825	304.59033	35.683075	353.3683	255.67543	331.84467	105.64572	506.93127	190.167	281.8973	26.287584	316.30072	242.5565	1000.0	478.6	635.0	447.5	523999	116.23396	13.876063	131.46207	-53.73227	116.23365	13.869015	133.35997	-32.262165	-2.9007246	1.815308	21.100119	-12.989344	-116.86779	2.3554697	10235.357964277267
132	631.4487	10.500928	644.5988	615.7606	579.8375	52.060947	620.7722	482.5932	560.90735	96.573586	632.5125	382.26758	494.4209	39.72249	556.1327	446.29642	1000.0	939.9	899.1	795.6	527999	116.31855	13.767067	132.98291	-108.892204	116.31834	13.766284	134.35146	-9.722357	-2.8311877	1.8502538	21.664408	-12.748258	-116.96206	2.2049453	10324.887953281403
133	644.20276	4.944458	650.6601	636.85486	257.44434	64.13679	439.93045	207.6878	426.56146	148.40086	635.2811	210.09206	276.5898	122.97821	641.0649	211.30542	1000.0	396.0	703.0	429.1	531999	116.44829	13.703018	132.16795	-33.554882	116.44832	13.706816	132.89676	-8.583165	-2.8304355	1.8368919	28.66201	-12.353986	-117.08761	2.3032348	10400.140605449677
134	639.89404	20.636366	670.4387	612.21716	505.13043	105.38321	605.41327	280.82944	511.21274	129.51064	698.7494	257.7556	493.65683	141.37283	605.68964	272.29105	1000.0	768.7	771.9	747.3	535999	116.51311	13.630222	133.93858	-92.9281	116.51399	13.624769	132.90372	-10.017807	-2.8378172	1.822487	20.808447	-13.047019	-117.1543	2.7264981	10483.970084428787
135	631.3144	18.35372	658.5201	614.11096	715.6933	105.02337	802.8387	567.38116	686.4135	124.80752	801.87415	511.4236	594.83093	194.86255	799.8212	271.55194	1000.0	966.8	925.5	802.1	539999	116.46304	13.737305	137.89487	-34.523376	116.46248	13.730281	134.3611	-12.084646	-2.8695688	1.818574	23.095974	-15.2032795	-117.096466	2.462118	10573.017112731934
136	651.7653	20.112131	667.1827	617.29675	359.00604	167.75157	654.6356	224.25967	300.67606	123.83295	550.6984	191.85829	445.11884	201.3268	664.8439	224.91296	1000.0	540.7	481.7	680.4	543999	116.70583	13.77365	132.10626	-82.04207	116.70448	13.764479	132.60202	-11.879915	-2.8833313	1.8324722	21.346624	-13.252092	-117.34531	2.2471826	10649.945316314697
137	638.0065	13.399063	648.5796	615.77374	306.403	89.60829	442.3305	220.43633	346.42267	91.164116	442.8288	198.9885	275.886	79.21392	404.9257	176.69244	1000.0	479.9	666.0	426.2	547999	116.87246	13.765474	131.69125	-70.50718	116.87331	13.761317	132.25409	-15.509234	-2.8805726	1.810736	19.546001	-13.439082	-117.520546	2.2118132	10725.29790520668
138	632.80066	20.320698	663.51733	613.2623	399.95636	106.98433	596.20184	256.9786	474.95517	146.02303	663.60333	252.93071	475.02484	96.17448	651.9618	340.1594	1000.0	592.7	719.1	701.7	551999	117.0409	13.709121	134.24876	-76.31618	117.0428	13.706128	135.35649	-10.197342	-2.8376305	1.8423948	19.510307	-12.36891	-117.68095	2.518104	10806.093664169312
139	644.6787	9.713133	659.2252	631.8745	453.77142	193.48582	664.7041	240.91832	428.68378	172.39241	646.9836	231.90508	367.8553	183.94765	661.1371	217.787	1000.0	696.5	700.5	567.6	555999	116.99615	13.75727	135.92363	-36.900455	116.99578	13.751013	135.53146	-9.64456	-2.8388894	1.8359401	21.268394	-12.590208	-117.63978	2.158255	10886.084114313126
140	644.90045	7.996181	653.1616	632.7471	528.40436	203.53687	792.6541	276.81873	534.51056	183.89642	799.0228	234.68887	567.16125	206.99992	823.6073	269.46436	1000.0	729.0	813.9	785.6	559999	116.94191	13.972973	134.23836	-73.46748	116.94268	13.973742	134.60112	-10.945123	-2.89313	1.8070271	23.500092	-13.090651	-117.57164	3.1040168	10972.132375001907
141	638.3377	12.391823	652.3809	618.43463	751.52106	56.635998	790.498	652.986	733.43665	49.738075	792.1704	672.0404	684.83167	9.550381	700.4158	667.1283	1000.0	1000.0	1000.0	1000.0	563999	117.16858	13.582587	133.00923	-47.577976	117.16902	13.592559	139.73772	-15.138585	-2.90776	1.8076123	27.66793	-12.616234	-117.80811	1.9532176	11065.71703839302
142	620.24567	10.1031065	629.9649	603.39246	708.1777	47.955845	785.4973	656.32904	696.16974	54.0751	789.1656	623.2107	653.88153	37.99105	706.31146	583.7653	1000.0	1000.0	1000.0	959.3	567999	117.1943	13.429532	132.61406	-46.06916	117.19552	13.430307	132.91959	-8.987318	-2.9099925	1.7746013	24.690248	-11.76713	-117.81811	2.428874	11158.736011743546
143	643.13214	5.6243324	648.5478	635.11456	619.755	28.874662	666.2948	557.7297	593.19543	70.78316	653.4682	407.59076	627.91406	3.1876683	634.58417	621.74133	1000.0	982.2	942.0	1000.0	571999	117.31199	13.434006	133.55357	-22.875196	117.31198	13.429469	134.09344	-9.0925865	-2.930541	1.7424318	29.93428	-13.454111	-117.94495	2.0988667	11251.920608520508
144	637.15454	6.4638414	644.20374	629.23834	400.05405	169.86826	671.3765	273.76474	487.65253	172.78976	681.1408	229.45836	326.9245	109.612724	651.53845	262.95154	1000.0	593.4	735.8	483.2	575999	117.43641	13.271142	135.86754	-28.040403	117.43731	13.2788105	137.32397	-8.026707	-2.898849	1.8040844	26.418785	-14.984553	-118.07684	2.0110385	11331.641069412231
145	643.55493	15.844278	659.82	621.22455	568.05505	65.02345	703.75165	489.54807	534.0125	55.94341	608.1384	432.46826	543.0836	35.45925	614.93976	513.1394	1000.0	882.8	831.7	833.3	579999	117.3906	13.570205	132.46057	-21.709929	117.39216	13.574158	134.05394	-10.603366	-2.9065228	1.7843498	26.173643	-11.892605	-118.024284	1.8267329	11419.862646102905
146	638.37164	9.866725	651.4059	625.89124	608.25903	35.923023	703.83936	569.36835	633.1044	47.786304	703.63464	541.7252	600.6471	39.0864	703.30304	555.4324	1000.0	954.7	965.8	908.1	583999	117.4096	13.411964	133.00194	-19.545261	117.40931	13.413144	134.90526	-11.616654	-2.921882	1.7505262	21.853523	-12.228292	-118.045235	1.7944813	11511.597904920578
147	640.9574	19.572683	670.03094	618.0182	350.49374	144.67905	638.4426	250.31168	415.23868	153.09024	644.10583	240.78839	456.35385	186.05501	646.2345	253.27704	1000.0	516.7	672.2	693.8	587999	117.39211	13.288361	132.9607	-64.481766	117.39397	13.284461	132.96921	-8.926792	-2.909614	1.7698976	26.98061	-12.796656	-118.02627	2.134812	11595.031735658646
148	632.5992	9.905241	647.9743	620.3196	674.0054	57.58729	800.91113	611.56305	740.7432	81.80506	867.6945	617.6065	714.09265	65.63622	829.78625	619.8879	1000.0	977.3	1000.0	996.0	591999	117.4393	13.33467	134.10031	-72.457596	117.43934	13.329472	138.02454	-8.750035	-2.8817627	1.7952182	24.695936	-13.744484	-118.07833	2.064956	11693.4386074543
149	644.4466	24.660656	681.9726	616.3726	723.465	64.01339	883.11395	670.6878	693.11316	15.433158	724.8277	675.27826	700.4163	29.4401	755.33105	659.9387	1000.0	1000.0	1000.0	1000.0	595999	117.6197	13.169132	136.42737	-38.504745	117.6198	13.171863	134.53043	-11.312934	-2.9151762	1.7770253	31.313604	-12.705051	-118.25544	2.2132378	11789.347026824951
150	643.2283	4.520329	647.4593	635.84595	719.7661	64.236404	864.61743	645.1889	627.5414	153.43301	800.0525	296.4325	673.7465	44.11366	726.3745	561.2984	1000.0	1000.0	907.0	986.5	599999	117.55707	13.098025	134.23257	-20.833313	117.55964	13.104706	138.2177	-12.365672	-2.8783433	1.8131517	26.173714	-12.128674	-118.19736	2.2297866	11881.28464269638
151	642.3651	9.844729	652.6275	631.4737	428.69858	198.62723	695.2165	248.23479	620.4876	191.88531	871.947	246.16304	429.42303	200.23578	704.71014	243.5944	1000.0	633.1	882.2	630.8	603999	117.56203	12.831861	134.10962	-44.405876	117.56302	12.839915	132.60474	-9.849524	-2.8586822	1.7913258	31.172579	-12.2433605	-118.19217	2.3508015	11964.848558187485
152	635.8887	4.804535	641.7751	628.39954	406.51044	168.01154	800.4074	262.604	378.72604	175.2717	683.25085	213.42236	370.65805	134.23933	715.99915	251.1394	1000.0	617.5	605.2	570.0	607999	117.48552	13.608802	133.78514	-75.26109	117.48678	13.609341	133.41675	-15.275949	-2.8890128	1.7731667	22.662292	-14.693512	-118.12298	2.014682	12043.11699461937
153	655.7853	18.71741	672.90643	624.84894	751.5602	79.86981	871.8991	584.91565	769.878	99.67109	870.83356	598.2434	764.3405	50.38953	851.0069	699.71826	1000.0	1000.0	1000.0	1000.0	611999	117.78387	13.196867	137.56468	-23.769548	117.78316	13.191304	139.15886	-9.155683	-2.9107766	1.7889256	25.99088	-13.130162	-118.42766	1.73624	12135.532653808594
154	646.2341	10.320772	657.8803	631.16724	750.18475	35.383286	803.74945	682.56415	760.86536	55.205517	850.642	644.73724	770.6769	45.76565	845.65234	690.0846	1000.0	1000.0	997.3	1000.0	615999	117.84302	13.2896805	136.06721	-36.631355	117.84437	13.288295	135.16393	-7.941307	-2.9480648	1.7715923	25.65329	-13.269472	-118.483635	2.200392	12228.428867578506
155	653.24725	12.598682	664.35736	632.1067	681.59	43.953163	800.8391	646.1756	677.6957	39.563515	753.05865	599.21356	612.1718	91.04389	807.906	523.2387	1000.0	1000.0	984.4	892.0	619999	117.95147	13.284134	134.87944	-43.168915	117.95126	13.278127	135.19426	-9.120653	-2.9280324	1.7644672	27.53036	-13.373596	-118.588295	2.1334052	12321.812130451202
156	637.7314	6.17516	644.6953	627.9432	680.301	29.219173	734.6973	640.37274	654.2281	64.944626	752.391	482.20117	607.7804	41.753937	663.9041	512.8552	1000.0	1000.0	974.6	948.1	623999	118.06598	13.148938	137.43535	-27.859468	118.0656	13.137252	137.89795	-9.791758	-2.9356627	1.7909743	22.44188	-15.384268	-118.696945	2.422763	12413.59358048439
157	647.83325	14.615218	666.2208	626.17377	718.7669	129.49835	802.9435	341.12955	751.46063	29.974411	804.645	712.4618	751.4094	32.397137	802.47095	713.6248	1000.0	947.9	999.9	1000.0	627999	118.14371	13.172539	138.22325	-23.074955	118.14368	13.161567	137.17697	-11.7645	-2.9439816	1.7813518	25.508095	-12.533975	-118.780235	2.38815	12508.18456029892
158	640.1764	18.904797	659.78625	611.8377	721.62445	42.558548	804.06714	683.46625	703.9388	58.091663	804.97327	622.01807	732.95917	35.68363	802.7959	705.5966	1000.0	994.2	978.3	1000.0	631999	118.25475	13.158409	137.92761	-41.30716	118.25591	13.153147	137.77803	-10.128713	-2.9626253	1.7431413	21.954525	-12.772176	-118.8903	1.7710488	12614.577954769135
159	647.22406	6.582905	657.3093	639.3813	536.44257	201.06375	801.7744	272.57703	677.3898	117.17916	802.7956	459.67114	708.1918	50.835102	800.3318	601.89923	1000.0	751.8	950.0	977.0	635999	118.3517	12.90133	138.1759	-25.130928	118.35196	12.893549	137.08273	-14.413414	-2.9631639	1.7580792	25.259655	-13.1212635	-118.98329	2.0467222	12716.75628900528
160	647.12134	7.9817605	654.5337	634.6021	689.36145	11.124262	707.81165	674.9219	671.4886	29.073437	708.6081	618.329	690.32495	11.9819565	711.59607	672.4242	1000.0	1000.0	998.5	1000.0	639999	118.31222	12.7935095	136.17021	-20.133574	118.31359	12.795694	135.8272	-11.873775	-2.954245	1.745019	25.614119	-12.7624	-118.94587	1.8876169	12814.598720312119
161	651.72205	23.38686	680.1488	617.023	552.8521	97.42708	660.95056	426.62253	612.08044	91.84684	720.7004	396.9593	620.84607	93.90032	802.01965	499.894	1000.0	824.8	910.9	891.7	643999	118.3073	12.813547	133.50311	-61.995724	118.30877	12.816354	136.25491	-14.598722	-2.9632425	1.7220416	26.410381	-13.728138	-118.93289	2.1551917	12903.882910013199
162	640.9966	9.175126	654.11035	628.632	640.3843	10.946986	661.8123	630.6697	626.2643	41.158875	672.43146	508.7856	635.2617	15.288695	660.3988	613.1281	1000.0	1000.0	980.5	1000.0	647999	118.24978	13.097466	135.19495	-112.98441	118.2497	13.095106	134.99832	-10.581772	-2.9176567	1.7470721	24.696419	-13.1011	-118.87468	2.0481324	12997.677127838135
163	644.521	17.136484	670.0761	622.5349	287.44083	43.48673	389.70642	229.92796	552.6983	160.18805	678.12195	253.68622	345.4746	151.35565	665.8121	251.64934	1000.0	462.4	881.9	537.5	651999	118.22483	13.033131	135.04597	-124.07811	118.22562	13.0307	135.48163	-12.347571	-2.93064	1.7550817	23.980242	-12.243882	-118.85622	1.9614747	13077.177105665207
164	627.00525	15.490713	645.9344	604.43256	687.9904	33.481064	781.12067	658.50616	671.9453	18.285149	701.2359	634.4474	668.62494	15.894392	704.6888	639.7642	1000.0	1000.0	1000.0	998.9	655999	118.24296	13.122305	137.39502	-13.147801	118.24348	13.133168	137.64919	-12.057792	-2.9012492	1.7686234	23.110102	-12.95594	-118.8753	2.0769258	13169.9312646389
165	649.414	10.970291	660.64996	637.1487	654.60284	93.19775	705.3395	381.40903	613.8234	139.44229	798.239	337.59808	724.0624	59.88149	798.2237	667.0971	1000.0	954.0	892.7	1000.0	659999	118.34844	12.775377	135.65964	-17.390907	118.34896	12.782641	135.79568	-10.124956	-2.9080966	1.7524512	23.782846	-13.610875	-118.9791	1.8483679	13263.71010351181
166	653.9037	16.475138	673.5336	635.21423	311.51154	163.84094	798.4993	224.20451	430.00235	151.3012	664.6213	251.3811	377.19464	166.94359	669.7604	230.67313	1000.0	438.6	689.4	534.7	663999	118.31622	12.90709	136.58067	-13.317329	118.31536	12.90631	136.97264	-10.584988	-2.9298165	1.7488208	27.684017	-14.2357855	-118.94273	2.134345	13340.075848817825
167	639.39325	9.505882	652.1287	628.56305	537.22925	81.06729	671.4812	460.31494	576.4457	122.81931	803.4918	460.03586	555.1322	78.80589	645.3503	456.08917	1000.0	980.1	942.5	966.7	667999	118.36594	12.769422	135.6571	-33.721687	118.36661	12.775599	134.95775	-13.2000675	-2.9434166	1.7317765	24.208906	-12.060097	-118.99538	1.6676524	13432.4202876091
168	650.97565	20.450178	685.6924	634.4666	463.53305	215.11433	800.5232	261.74008	429.05502	143.11761	646.3029	223.84372	579.6669	112.36106	736.4743	344.1749	1000.0	665.3	720.9	858.7	671999	118.46644	12.754131	136.52065	-26.647463	118.46745	12.759141	137.27399	-15.571111	-2.9502597	1.731082	23.881931	-13.063832	-119.09492	2.0048	13515.65488743782
169	665.13116	11.440798	678.71765	647.1158	654.27673	111.55328	797.425	385.40723	607.23145	157.46005	798.44867	311.67407	659.4233	55.642704	796.2894	597.3432	1000.0	911.9	855.1	926.2	675999	118.54226	12.681551	140.35756	-57.57281	118.54312	12.683078	135.86491	-25.213718	-2.934559	1.7429814	30.750322	-13.271843	-119.168015	1.9828573	13606.566800832748
170	639.9914	23.287691	664.9439	607.25525	571.2829	186.8999	803.4466	302.86896	584.0063	158.29657	802.8991	303.84055	628.8282	16.89156	649.2838	599.9796	1000.0	830.3	868.5	965.7	679999	118.64035	12.327163	134.46492	-53.934204	118.64108	12.323266	134.46504	-13.309728	-2.938068	1.7337933	20.886852	-12.81679	-119.2558	2.2005403	13702.202651500702
171	645.2738	16.019312	656.3605	617.7721	538.027	201.04417	803.79126	306.6161	667.8452	143.76073	805.40796	297.4827	593.9263	179.61212	804.24646	312.07065	1000.0	763.5	944.3	845.9	683999	118.67869	12.579757	134.86122	-22.199383	118.67831	12.573576	135.69655	-9.541519	-2.9563444	1.7097887	24.528965	-12.263067	-119.31481	1.9401197	13790.31920170784
172	667.1606	14.637502	682.41486	649.30914	675.832	89.43506	803.6294	581.44904	608.9032	158.17682	803.7795	297.70764	587.48254	179.1103	800.9662	318.25293	1000.0	936.2	895.8	853.7	687999	118.8434	12.188131	142.61717	-40.52502	118.84317	12.183966	139.75525	-10.604151	-2.9343739	1.7287747	20.716654	-12.711815	-119.46332	2.1215472	13879.59211397171
173	663.66425	9.79376	679.07495	652.9889	509.74738	106.246895	692.2344	377.67703	479.71475	97.787964	697.18994	374.94858	455.8448	34.464573	509.1906	403.795	1000.0	818.3	822.9	739.2	691999	118.8022	12.446434	136.59511	-14.274475	118.80388	12.452421	137.97876	-21.240726	-2.9228415	1.7521303	22.94934	-13.982981	-119.42591	1.7966931	13964.966287851334
174	655.9441	5.7228	664.2123	648.1414	714.968	51.071873	800.7231	664.8269	711.7249	59.312744	799.87646	636.92755	696.10803	51.878708	797.52576	625.2135	1000.0	1000.0	1000.0	1000.0	695999	118.85693	12.264973	139.39282	-50.19396	118.85809	12.269753	141.78247	-21.529324	-2.9072065	1.7531613	33.19014	-12.763575	-119.481346	1.9040928	14058.551608800888
175	655.57385	15.886088	669.1575	628.5307	545.16534	132.281	683.1164	315.9542	541.94586	140.47519	710.31586	290.30908	557.0039	151.61954	728.0832	339.71936	1000.0	813.5	798.4	842.1	699999	118.82826	12.389295	137.39581	-48.932087	118.82844	12.384955	136.37811	-19.61433	-2.9457188	1.7283776	26.378025	-12.630924	-119.44845	2.0955584	14145.88321185112
176	664.2411	21.232244	695.9895	637.34094	704.3815	49.452038	803.50635	670.6607	736.3473	54.483925	803.61316	685.7791	705.53156	48.144463	802.2055	669.7837	1000.0	1000.0	1000.0	1000.0	703999	118.79094	12.712265	138.81099	-40.289215	118.79114	12.716586	139.09203	-9.512241	-2.9584863	1.7145613	23.90077	-13.289185	-119.42121	1.9515605	14238.937569141388
177	650.1465	6.121501	659.99286	643.58685	681.62915	73.67691	798.1328	535.8106	684.8423	55.532986	798.1604	560.8789	622.406	40.120102	682.7473	519.9429	1000.0	971.1	1000.0	977.3	707999	118.85647	12.143915	166.59557	-13.887909	118.85835	12.158195	185.16046	-15.777554	-2.9081447	1.7623413	29.32717	-13.142823	-119.47997	2.3263576	14334.57275891304
178	661.66705	4.5557437	667.79596	654.9513	683.4662	81.72769	799.75653	547.575	630.1593	187.7285	800.8881	241.38425	676.5628	113.662544	800.1754	392.7826	1000.0	1000.0	892.0	943.8	711999	118.77943	11.583448	241.39294	-51.94902	118.77999	11.584774	241.31929	-23.529001	-2.8680587	1.7833421	29.11331	-12.84067	-119.39608	3.249394	14424.60879778862
179	8.667113	92.22369	670.8887	-10.755775	516.0868	44.718933	564.93207	465.217	514.7072	53.472324	562.9566	388.96222	500.02887	44.86377	573.8236	465.61786	36.933334	1000.0	981.4	1000.0	715999	119.66857	13.203496	352.86655	-30.963425	119.66964	13.188769	289.1164	-28.055855	-2.6749685	2.4121149	30.22839	-12.880988	-120.46027	8.06264	14517.301993846893
180	317.56314	224.05298	562.674	45.692024	403.04553	62.55575	574.1477	344.66638	378.37546	110.66283	532.6299	90.79588	363.6646	133.34111	552.53296	105.549644	627.8571	672.5	636.0	595.5	719999	120.09992	15.386455	244.1829	-32.1813	120.10035	15.387762	241.70825	-33.42671	-2.1534424	2.305476	38.714806	-13.203063	-120.90772	5.821591	14596.732836961746
181	509.136	34.88099	567.99225	480.5731	497.2462	155.5777	595.1317	85.93491	499.75043	135.62509	658.30255	250.90205	540.6075	133.12633	599.66425	141.96129	1000.0	865.2	869.9	926.6	723999	120.10999	14.828206	174.34317	-31.697126	120.10867	14.827052	162.20862	-19.644806	-2.4706268	1.9712417	24.03526	-13.94907	-120.78413	4.0607433	14685.856815576553
182	463.48297	154.66428	634.2166	258.35077	396.6155	167.30138	504.1776	73.21361	397.83163	162.03296	562.7885	67.062874	244.62814	208.09657	505.3072	59.9602	819.0	794.0	777.2	483.0	727999	119.59168	15.009223	152.11414	-45.417313	119.59039	15.011143	152.3789	-14.727501	-2.627977	1.9012141	23.735023	-12.31458	-120.22212	3.2912955	14771.085020780563
183	712.7708	15.908803	727.631	686.1511	437.9621	181.14291	653.49255	124.58816	323.25278	188.55313	607.22845	105.376564	304.83582	213.95265	573.7871	99.585236	1000.0	786.8	584.3	536.2	731999	118.79234	15.026726	144.82304	-31.655993	118.79191	15.030645	145.56723	-14.832608	-2.8493552	1.8659965	24.85641	-12.84256	-119.39347	3.1277974	14851.36385345459
184	683.20184	46.242004	740.8807	635.69965	576.6206	192.28793	804.6449	361.52466	558.9123	173.78488	796.9397	310.3129	593.7081	216.26837	797.7782	148.6628	1000.0	799.9	799.1	859.0	735999	118.12191	15.631762	140.6805	-26.128906	118.12201	15.632437	140.42313	-21.66351	-2.918224	1.8047303	27.29338	-12.853773	-118.73533	2.8605025	14937.809703588486
185	660.9401	22.109228	687.1528	631.60223	726.4684	62.495365	797.94574	631.317	731.73175	43.5494	796.67944	680.97626	714.99915	44.26929	796.1987	647.0769	1000.0	1000.0	1000.0	1000.0	739999	117.86691	15.669417	139.12148	-58.93593	117.86765	15.678015	135.97815	-17.003834	-2.915225	1.8133153	24.612007	-13.35197	-118.50209	2.3124497	15032.842586994171
186	664.87384	12.788842	681.81323	648.45337	744.1695	39.02658	829.8381	703.8294	729.79144	32.954006	802.9549	700.015	748.9219	35.98685	826.74255	705.96063	1000.0	1000.0	1000.0	1000.0	743999	117.93541	15.269572	133.69469	-46.14311	117.93407	15.26847	135.91711	-11.112692	-2.8848479	1.8116055	22.316933	-12.687731	-118.56438	2.1525302	15128.86848950386
187	652.876	2.5193582	654.7661	648.54254	408.26447	187.24922	702.77246	263.36185	535.28644	155.7533	702.9785	289.18362	526.61163	191.81393	715.9624	264.2856	1000.0	590.3	797.6	753.7	747999	117.9045	15.319925	134.09769	-27.167034	117.90409	15.319587	143.89923	-15.84699	-2.8707366	1.796254	20.036575	-12.684404	-118.52582	2.3371613	15213.265582084656
188	658.2422	12.563818	670.0031	637.24194	730.1461	16.970165	748.79944	697.8958	720.7722	35.601833	794.9647	669.9028	719.39417	15.268755	741.86523	690.9642	1000.0	1000.0	998.1	1000.0	751999	117.85322	15.651902	134.1073	-38.00776	117.8529	15.660767	136.79668	-21.010418	-2.8884687	1.7837977	21.283485	-17.237017	-118.48578	2.0374367	15311.885339260101
189	658.307	14.540409	673.0711	641.0248	803.79767	34.602444	896.33746	763.6824	776.8565	46.697136	839.65955	689.0	804.7406	54.719204	888.50354	706.4233	1000.0	1000.0	1000.0	1000.0	755999	117.93161	15.592801	134.23225	-28.39904	117.93211	15.603316	138.96558	-10.386122	-2.8721132	1.8088769	36.00485	-13.948533	-118.56606	1.8720497	15407.617476701736
190	672.1706	9.687443	682.0793	657.01776	825.70593	45.423027	895.5776	729.7092	813.9486	44.637775	894.1993	708.4173	832.0739	33.227036	890.43097	792.3891	1000.0	1000.0	1000.0	1000.0	759999	118.04518	15.47731	136.18736	-35.590702	118.04327	15.472835	135.47136	-14.158492	-2.8850727	1.8059287	21.997005	-13.402983	-118.691734	2.046074	15499.611931085587
191	655.5856	28.854866	686.06537	616.7651	737.1999	73.33567	828.28357	629.028	722.5159	120.64448	816.5681	386.17404	765.038	52.747704	819.23395	676.8818	1000.0	1000.0	959.3	1000.0	763999	118.1996	15.296294	139.83719	-18.946423	118.19932	15.293289	137.65227	-8.324749	-2.9119081	1.811327	29.46191	-11.914867	-118.842735	2.3397255	15593.606596946716
192	654.7797	9.502244	666.7788	641.04395	800.1489	29.86522	821.146	713.0159	792.76337	50.038273	894.3381	691.90125	814.95215	42.8988	876.10767	708.50165	1000.0	1000.0	1000.0	1000.0	767999	118.29618	15.104752	135.15108	-26.427237	118.2951	15.104171	137.71315	-8.971678	-2.906482	1.7992634	23.15609	-11.864271	-118.931595	2.0465102	15686.118254423141
193	665.9355	24.381033	686.55884	624.5761	752.96326	52.65676	831.7167	703.0913	775.25183	54.39293	838.09436	702.51984	773.41644	49.202606	834.55383	702.60974	1000.0	1000.0	1000.0	1000.0	771999	118.39201	15.057954	135.81944	-11.9595995	118.39121	15.060236	140.28835	-17.344982	-2.905699	1.7641119	24.856003	-15.922836	-119.01862	1.9257207	15779.22245311737
194	654.4655	5.523071	663.2556	649.25903	593.3041	171.14229	784.4479	354.49017	628.15027	153.78908	801.6316	367.7329	738.5356	66.34687	799.6855	624.14197	1000.0	833.7	896.7	1000.0	775999	118.49847	14.802461	134.34819	-22.24612	118.49904	14.814729	135.96814	-18.435295	-2.8935516	1.7803997	24.674135	-12.27183	-119.13137	2.1484087	15874.18528342247
195	658.6859	9.967617	671.95355	644.90515	791.1683	54.324738	828.71545	653.7322	782.811	42.782864	848.97327	709.36505	795.4623	47.603756	839.36334	704.6804	1000.0	1000.0	1000.0	1000.0	779999	118.65038	14.682862	135.08217	-14.874484	118.65003	14.6893835	136.97186	-15.955846	-2.907404	1.7920729	22.172583	-12.986148	-119.291626	2.1870267	15972.16852593422
196	662.99146	8.962245	671.34375	647.87634	748.99866	29.381851	804.91766	715.95636	776.81976	56.287434	894.16675	710.4741	759.0413	43.30722	804.1642	693.3764	1000.0	1000.0	1000.0	1000.0	783999	118.71721	14.426543	135.08691	-55.038303	118.71615	14.430484	136.42851	-8.900887	-2.9177296	1.7948416	34.775444	-13.674208	-119.34388	1.9547582	16065.449089050293
197	649.7171	5.382416	655.52106	642.2139	603.4372	65.63453	646.69055	425.49866	570.8696	167.94365	729.1251	226.40417	648.77545	151.47401	799.00586	334.6368	1000.0	919.2	817.5	903.5	787999	118.72574	14.3825445	165.24756	-11.669591	118.72595	14.393461	153.65376	-9.516849	-2.8870757	1.8348249	43.35845	-14.036265	-119.35536	2.4895098	16154.367797374725
198	33.10773	102.29473	646.89453	-2.0301557	515.91864	139.40013	733.3012	260.4384	532.99426	177.89038	740.5058	234.14049	505.6041	211.4582	702.691	233.95645	71.32692	819.4	834.6	754.4	791999	153.21545	48.355247	321.15393	-15.990034	153.21216	48.352444	324.44965	-14.8390665	1.2942973	4.8281007	51.10675	-14.085928	-159.92377	16.501364	16245.227692365646
199	621.13275	55.584133	696.0482	540.1845	545.33875	131.65955	689.3221	327.0915	515.3927	106.57682	694.2284	352.4725	613.5641	64.71205	757.6629	529.68274	1000.0	852.6	834.6	956.4	795999	209.33546	34.41703	272.21405	-18.688114	209.33601	34.41557	272.95102	-27.82674	-0.6182715	2.5992763	23.743856	-13.506166	-210.44594	8.576468	16336.035953521729
200	678.73157	18.67096	702.1246	649.8975	704.6805	128.4454	802.02496	370.9243	767.58484	64.01373	801.70135	615.6812	720.049	95.57732	796.748	484.59412	1000.0	959.2	1000.0	976.8	799999	195.15292	29.374691	238.65147	-25.378227	195.1528	29.365995	239.24925	-28.111855	-2.0377743	2.29896	27.976208	-13.566369	-195.91621	5.678808	16431.730171203613
201	688.0049	8.163541	701.2133	680.0771	593.2855	219.92572	704.9499	139.08159	657.7791	171.51724	799.41785	150.43718	537.9185	260.73944	716.6879	128.77437	1000.0	845.9	922.2	762.4	803999	181.58347	25.854647	215.60512	-36.648067	181.58292	25.848953	216.9802	-20.930489	-2.2992759	2.208908	30.95553	-14.977787	-182.30951	5.596885	16520.011335611343
202	675.6152	10.097664	690.4765	662.867	611.40594	163.15338	703.0734	138.03546	642.5058	67.33782	741.5685	504.17914	564.274	219.7641	747.98126	139.94951	1000.0	923.5	1000.0	849.5	807999	170.43571	23.033504	206.74939	-24.545942	170.43723	23.052164	201.27625	-38.718395	-2.513861	2.0888026	22.834177	-12.780147	-171.12366	4.3701286	16610.40916109085
203	701.4996	17.203665	719.81104	683.6668	614.863	208.30348	805.33563	197.51277	707.36694	43.77163	814.76697	634.00006	749.10913	24.097061	814.7409	732.80206	1000.0	865.1	1000.0	1000.0	811999	161.01878	20.815306	192.8224	-15.892752	161.02045	20.837996	193.83766	-15.713764	-2.629777	2.0638483	26.525475	-11.865185	-161.68747	4.2419314	16704.58441567421
204	717.68066	21.72422	754.179	697.99274	707.5104	84.02402	827.5456	523.44086	730.4707	87.83077	808.6252	523.628	731.01526	44.20613	814.905	664.54095	1000.0	1000.0	1000.0	1000.0	815999	153.23656	19.062553	177.47552	-39.61166	153.23659	19.07458	177.80632	-22.065666	-2.734773	2.0017161	30.910141	-12.343642	-153.88478	3.9691577	16797.949523210526
205	707.77435	14.289035	725.43	692.5881	752.73193	28.567904	803.5849	705.1094	748.0629	34.293793	801.46924	703.1514	750.42505	26.092167	800.36505	703.07275	1000.0	1000.0	1000.0	1000.0	819999	146.8843	17.544004	167.83516	-12.163959	146.88235	17.54452	175.00864	-9.975332	-2.7919471	1.9048643	26.615154	-12.781809	-147.51361	3.7910354	16897.300961732864
206	677.82056	18.581308	708.17126	657.6251	752.9519	56.729782	829.56903	660.31665	746.21277	61.687893	830.14545	669.384	706.72736	49.863758	799.31195	659.9916	1000.0	1000.0	1000.0	1000.0	823999	141.38487	16.951626	159.629	-14.385453	141.38454	16.956831	166.38934	-15.248783	-2.780873	1.9295864	30.66998	-13.347309	-142.03871	3.3355954	16991.940474033356
207	668.82715	11.4163	686.77686	655.2373	798.005	37.29822	893.2625	741.9673	787.1634	18.206621	800.7634	748.616	791.1297	42.570736	881.03503	730.3792	1000.0	1000.0	1000.0	1000.0	827999	137.23526	16.289532	155.96616	-30.516384	137.23569	16.299578	156.258	-10.491709	-2.75482	1.9036511	29.200783	-12.826092	-137.87277	3.2653627	17084.39725279808
208	657.6971	11.528258	671.2157	639.34283	590.55994	83.12982	712.4468	492.29123	612.41174	109.73386	703.53784	333.76086	673.7878	20.731995	706.25885	651.58923	1000.0	891.9	922.1	1000.0	831999	133.82085	15.812506	151.81311	-21.419952	133.81976	15.835473	151.45271	-17.340014	-2.7328107	1.933516	31.69703	-14.055482	-134.46577	3.2117007	17177.526510477066
209	646.814	9.310498	662.2893	637.77435	773.72205	17.787556	796.2989	742.16675	757.5922	48.29448	801.991	673.05475	725.50916	41.937824	783.5991	657.136	1000.0	1000.0	1000.0	983.2	835999	131.04468	15.137492	148.55682	-39.136024	131.04292	15.1822195	156.39346	-13.682758	-2.7167659	1.9520476	28.467693	-13.880074	-131.68231	3.1856885	17276.020968914032
210	667.93274	9.857604	681.31476	656.45526	823.6665	24.469172	861.29926	798.39417	810.78455	16.121244	840.1017	798.13007	818.51697	18.894659	843.34985	787.2261	1000.0	1000.0	1000.0	1000.0	839999	128.75427	15.140415	149.74628	-23.635695	128.75282	15.144312	157.74472	-14.014877	-2.7669482	1.8964292	26.548018	-12.700516	-129.38869	2.8629067	17371.501989126205
211	664.66437	13.02419	683.8675	647.1066	724.6287	39.691177	801.75616	695.69946	725.03937	43.42093	802.2581	682.89526	764.62787	40.955826	800.542	707.5733	1000.0	1000.0	1000.0	1000.0	843999	126.9635	14.804419	147.78708	-17.138458	126.96287	14.817066	158.44405	-14.783556	-2.8195047	1.8775063	30.617788	-12.070105	-127.603065	2.7921286	17464.54824113846
212	654.51056	12.604256	675.5655	643.0992	675.7404	12.771645	703.08453	658.85614	696.1296	58.94736	804.3148	615.20026	683.745	44.732056	799.745	642.09186	1000.0	1000.0	1000.0	1000.0	847999	125.66251	13.915465	153.64339	-41.235634	125.66366	13.940935	167.80392	-10.53967	-2.804433	1.9187562	30.879967	-12.090111	-126.29184	3.362127	17558.092234373093
213	646.6293	9.788962	663.5324	639.89636	752.4073	31.72809	802.1666	721.7603	735.3908	15.290501	767.97534	715.4016	733.57404	24.766987	794.92163	701.48645	1000.0	1000.0	1000.0	1000.0	851999	124.53347	12.924919	153.28923	-33.956127	124.53629	12.913706	163.66997	-32.347717	-2.69573	1.9970231	29.441751	-12.533791	-125.164345	4.670499	17651.635262727737
214	663.1385	5.1102195	671.5747	657.80133	817.5746	37.120033	893.16345	797.7243	800.2176	4.374485	813.2938	797.9788	767.4591	43.07554	807.7759	676.3203	1000.0	1000.0	1000.0	1000.0	855999	123.11684	14.544952	146.84447	-58.813778	123.12	14.5182	151.06389	-54.705196	-2.7372897	1.877071	31.296791	-14.574564	-123.73518	3.6111162	17744.38355779648
215	663.4406	3.3459957	667.5826	660.10815	651.6781	89.05033	799.7278	427.5463	714.66064	85.144165	799.23315	548.2235	698.1155	65.00214	797.5456	633.93115	1000.0	934.6	975.0	1000.0	859999	122.37782	14.21699	179.1428	-37.484116	122.37782	14.231628	182.19743	-37.0497	-2.7760427	1.8932145	37.13685	-12.705105	-123.02506	3.3960903	17836.815450429916
216	469.6329	262.97916	666.3579	92.899956	441.43546	264.34003	799.0931	129.77443	370.66455	205.53021	703.24915	129.68738	293.0559	260.21936	795.19727	73.728264	714.6667	592.6	496.0	373.4	863999	121.83493	13.80097	273.16965	-60.00657	121.83496	13.819116	281.90826	-18.233612	-2.7865937	1.9793186	58.850555	-13.301857	-122.47264	5.41915	17911.272461652756
217	40.92096	64.854996	473.423	7.2649603	21.425032	10.1336775	41.398518	11.046214	32.913677	18.492151	82.23138	12.9577055	19.0661	7.1615367	31.130356	6.0508595	75.81132	47.2	69.7	42.2	867999	150.59464	32.78423	295.29514	-28.30672	150.58936	32.80044	280.092	-17.942886	3.056348	4.1763344	50.73435	-12.8805275	-155.23444	26.302814	17969.13915014267
218	27.466536	32.302444	256.50436	8.37569	83.25212	38.43678	152.16728	51.075157	115.42561	67.456345	271.35806	42.161686	75.5902	40.001987	184.91885	44.5405	39.89	125.6	186.2	110.0	871999	228.34773	41.482655	309.923	-57.730076	228.3465	41.480667	307.79437	-26.044483	3.2423189	3.4305706	24.120075	-14.954495	-232.49576	25.768387	18030.956576108932
219	407.9084	233.92195	647.64404	55.081596	777.8916	2.9010048	781.59686	771.08716	787.51184	29.945236	875.9967	770.9641	736.016	52.376358	831.4295	659.7359	680.8	1000.0	1000.0	1000.0	875999	233.85834	35.227406	289.73865	-65.35219	233.8576	35.2088	281.79547	-36.448746	0.1914625	2.980081	36.096264	-14.16473	-235.17694	18.984907	18123.557302236557
220	562.8724	174.85654	683.2696	218.20601	795.3438	17.441925	847.64526	788.5425	778.7363	29.291933	790.1045	691.0103	773.734	30.230856	784.98865	683.0711	863.6	1000.0	1000.0	1000.0	879999	231.3819	33.827995	278.02057	-38.862957	231.38506	33.821938	276.30893	-47.998753	0.33605254	2.7697294	28.768795	-16.356604	-233.1839	17.573345	18220.92746424675
221	640.4508	6.0447626	650.66406	634.87616	874.50214	3.4016023	879.3518	866.1938	874.4378	3.7339175	879.92786	866.79315	864.3937	4.17044	868.69495	852.73816	1000.0	1000.0	1000.0	1000.0	883999	221.24419	30.91973	257.71906	-53.740887	221.24576	30.921638	279.28497	-47.345047	-1.5087366	2.7392435	27.66064	-13.241349	-222.18378	12.479631	18318.250333309174
222	581.973	108.65739	659.4551	395.43988	842.56287	48.629772	894.1946	779.8168	813.7599	38.61556	894.49414	782.9276	761.42303	173.18141	891.87476	305.69522	904.75	1000.0	1000.0	945.0	887999	204.92303	26.978134	240.95811	-50.598476	204.92451	26.986752	250.89214	-43.69105	-1.9933716	2.5464537	28.215387	-13.170504	-205.65685	9.359015	18412.038604974747
223	645.56104	13.760115	666.94904	628.56134	738.13666	257.7751	888.6927	207.05502	789.97784	173.28743	890.7396	296.1043	797.13586	167.83577	884.80005	320.90607	1000.0	869.4	945.1	948.4	891999	189.35626	24.757908	224.53467	-62.531006	189.36005	24.750479	245.70436	-47.946297	-2.2229764	2.2957158	29.407465	-13.819477	-190.02884	7.6767864	18502.05780482292
224	609.96423	16.365383	636.96545	593.9234	821.25684	31.539051	852.6028	765.4919	794.84064	51.367897	871.9228	702.31006	752.47375	36.663074	798.0075	708.6832	1000.0	1000.0	1000.0	1000.0	895999	176.19283	22.25588	202.00218	-41.785645	176.19308	22.252764	226.83397	-31.313488	-2.2986586	2.218166	25.791964	-12.296392	-176.84245	6.9993453	18595.481848478317
225	614.3857	19.573473	639.4399	590.1345	673.1413	67.18998	761.4676	546.4476	672.9584	101.3765	770.47705	400.7718	674.8882	50.346664	793.64966	587.743	1000.0	979.7	956.4	1000.0	899999	164.84978	21.180532	192.27127	-23.089464	164.85132	21.183119	204.19106	-32.474884	-2.399091	2.099895	25.771812	-12.960297	-165.46985	6.264912	18688.046310424805
226	634.45593	15.33079	655.65204	615.6925	587.1098	143.35814	793.1151	371.94904	580.7306	148.13277	795.14154	318.78387	528.4019	131.86201	711.9253	375.0914	1000.0	843.9	843.3	789.9	903999	155.70619	20.14409	222.28761	-44.548462	155.70288	20.148457	226.55602	-17.994637	-2.4221978	2.131488	32.08734	-14.757972	-156.33224	5.8569417	18774.646703720093
227	642.1886	22.243574	672.77167	617.8346	631.49744	78.52805	849.0025	537.7036	618.72473	49.97279	688.60046	498.13712	659.4386	90.2506	863.5401	580.5219	1000.0	986.7	969.2	1000.0	907999	148.25526	19.020958	215.03148	-30.897917	148.2524	19.036106	215.74141	-26.915741	-2.503234	2.1411488	30.829956	-13.365299	-148.86865	5.11193	18868.47412800789
228	641.68414	6.2513714	651.27795	634.7691	617.7323	29.533855	644.5623	536.2096	616.6758	39.435356	677.6644	549.5106	586.0645	29.232264	609.5829	523.7298	1000.0	966.2	952.7	950.0	911999	142.11179	18.108524	188.06113	-29.005999	142.11046	18.116877	186.51762	-16.695526	-2.6211834	2.0497408	27.55875	-13.478886	-142.71773	4.574257	18962.384646892548
229	647.1619	7.360107	659.7933	641.5898	818.2877	51.58076	895.75543	709.1132	832.35284	40.949444	892.48456	796.82935	850.0998	27.767622	876.6466	798.9013	1000.0	1000.0	1000.0	1000.0	915999	137.20694	17.419779	172.81435	-17.747952	137.20567	17.429426	171.72966	-14.759895	-2.67383	2.0443566	26.812096	-15.077495	-137.82852	4.1180196	19058.944534301758
230	664.04596	11.953985	674.7457	643.7672	757.5544	47.224583	793.4128	681.669	726.8397	34.97985	791.5425	681.78735	752.546	39.463383	792.69867	659.31445	1000.0	1000.0	1000.0	1000.0	919999	133.499	16.760765	157.57106	-28.133633	133.5005	16.773407	158.48947	-9.806597	-2.7150178	1.9972014	24.26458	-11.874048	-134.12178	3.342754	19157.85417819023
231	655.73474	8.869859	668.7439	643.81006	742.2284	90.08865	850.94934	566.2599	723.13007	121.552246	890.03564	571.8103	812.55835	83.332634	874.6428	593.0445	1000.0	1000.0	1000.0	1000.0	923999	130.41238	16.559393	147.86687	-27.939898	130.41035	16.566628	149.64838	-15.736341	-2.720555	1.994748	25.3252	-12.356428	-131.02713	3.340138	19253.772960424423
232	647.4352	17.732952	665.5984	618.7444	525.5089	196.42311	804.1473	228.81113	618.6612	135.55742	799.66046	332.75632	577.5995	132.92038	798.0362	268.34363	1000.0	802.0	924.0	894.6	927999	128.05008	16.04996	152.52686	-12.146607	128.04887	16.05086	146.20044	-10.67925	-2.7476714	1.9826849	33.671394	-12.451771	-128.6582	3.479129	19342.102136850357
233	661.84094	15.03205	679.52594	637.9683	656.9715	189.06015	791.5429	186.5187	633.0349	133.98093	793.78705	389.3473	680.90784	213.06467	840.23	196.82901	1000.0	896.0	938.6	883.9	931999	126.23283	15.491368	144.15257	-19.439604	126.23291	15.497886	145.59262	-18.561409	-2.7581558	1.9923487	21.823418	-12.6875515	-126.85119	3.2434764	19433.64457798004
234	651.9523	9.612449	664.9144	637.7903	691.7793	67.97839	788.9717	613.79724	628.9208	120.74716	737.2003	300.86563	611.4393	152.6822	760.5169	321.8974	1000.0	1000.0	950.9	908.3	935999	124.65926	15.451516	140.16441	-36.31463	124.65872	15.464529	140.77795	-11.0869875	-2.8089857	1.9237978	27.707054	-13.747167	-125.284386	2.7330933	19525.318069458008
235	656.97754	2.3228953	660.86755	654.7309	668.0814	57.174286	796.7419	605.81744	724.41296	123.93617	888.6803	558.1088	678.67474	93.771385	783.6258	559.0257	1000.0	1000.0	999.8	987.0	939999	123.3749	15.21314	146.56512	-16.778414	123.37414	15.205237	149.48303	-17.04211	-2.826349	1.9119948	24.64665	-13.928934	-123.990486	3.1230175	19618.459565401077
236	660.0696	7.5374093	673.0816	654.9597	722.37415	75.44017	796.95624	566.7773	690.3988	77.17246	795.5881	563.99426	711.5831	80.53816	793.90045	564.58246	1000.0	1000.0	1000.0	1000.0	943999	122.52983	14.923115	137.72556	-13.540268	122.53064	14.92924	138.8338	-10.917691	-2.858991	1.9013947	24.194048	-13.315837	-123.14653	2.854137	19711.922079324722
237	655.52814	7.016641	667.2579	650.05945	537.2484	78.84419	656.8148	400.47043	537.0018	123.61726	626.94684	185.27628	601.4724	80.7787	787.4438	477.95407	1000.0	927.9	929.8	956.9	947999	121.80925	15.045823	150.84497	-13.739062	121.80865	15.042533	142.2837	-11.923897	-2.812694	1.9149498	23.31752	-12.123789	-122.43555	2.734903	19803.443897008896
238	655.733	11.265015	670.532	643.57	673.65515	29.449945	703.4333	639.70386	620.5436	158.05777	798.5722	184.556	659.2129	42.05105	703.144	548.9513	1000.0	1000.0	911.8	986.1	951999	121.26666	15.025823	144.36404	-15.478331	121.2658	15.0349245	137.8333	-21.023012	-2.7976868	1.9023693	29.662361	-14.109896	-121.88749	2.7315722	19895.619352579117
239	654.14905	4.2428412	659.9771	648.78546	700.9404	55.911312	797.74347	632.62366	633.3294	152.9001	799.1315	197.74376	704.0646	49.224354	794.9385	633.56665	1000.0	1000.0	930.9	1000.0	955999	120.77851	14.730634	137.22768	-19.413874	120.77698	14.723727	140.30696	-14.497885	-2.8102388	1.8880628	22.698353	-12.564585	-121.40343	2.7645957	19987.60553598404
240	658.3312	11.925308	670.9517	639.1685	690.1764	143.24738	799.9874	280.80853	772.3959	35.649918	799.8702	700.91376	728.6391	144.49095	819.3062	314.7634	1000.0	942.9	1000.0	950.4	959999	120.6377	14.493255	134.88594	-20.111204	120.63743	14.4916315	137.47562	-13.781357	-2.8338268	1.8871061	25.325762	-11.981796	-121.26469	2.6488628	20080.358320713043
241	655.5685	10.619655	670.3932	641.0209	506.45538	255.16632	797.6791	168.82849	526.3339	228.81796	797.50775	181.8794	550.1411	223.98595	794.75775	164.39832	1000.0	730.5	789.8	822.8	963999	120.38492	14.497184	134.75871	-36.48934	120.38464	14.494794	136.22789	-16.761711	-2.8414059	1.851139	22.179728	-12.673302	-121.01081	2.4296992	20167.163064479828
242	657.40216	5.2312937	661.11	648.3755	661.516	106.39839	798.58124	396.66418	647.9366	108.33749	801.35394	362.56534	707.3475	80.19311	795.7608	615.9891	1000.0	964.5	959.7	1000.0	967999	120.23513	14.405752	137.09302	-25.576317	120.23621	14.407253	136.87755	-11.766038	-2.9053376	1.8152654	22.334839	-12.602641	-120.850365	2.5821495	20262.315486431122
243	659.1811	12.663782	675.9515	643.52325	787.1283	60.111435	849.50793	697.2491	793.7113	46.90948	847.7102	701.2916	807.58997	36.611294	837.1788	711.066	1000.0	1000.0	1000.0	1000.0	971999	120.08113	14.5317	134.58806	-13.32584	120.08038	14.53634	137.3377	-13.490734	-2.8773034	1.8392516	21.010002	-14.93412	-120.71333	2.2416997	20356.187609910965
244	652.50226	4.450585	656.63104	645.8587	654.70605	52.656017	748.43085	599.46	656.8731	56.81168	744.8212	581.8619	675.98157	52.837425	755.3956	582.1094	1000.0	1000.0	1000.0	1000.0	975999	119.97683	14.565897	138.42212	-21.448498	119.97634	14.573734	135.56422	-17.553383	-2.9176087	1.7931744	24.90664	-13.31386	-120.6053	2.5597475	20450.15584373474
245	661.038	7.703726	666.81976	647.782	688.4923	51.0568	797.4407	626.5146	703.9272	62.271564	820.97864	622.89655	702.10846	70.517334	807.1791	549.63654	1000.0	997.3	1000.0	1000.0	979999	119.88861	14.469008	136.60721	-24.29518	119.8872	14.468566	137.31398	-16.524845	-2.857326	1.8214391	26.067104	-13.05854	-120.51473	2.2631416	20543.14118218422
246	659.7951	11.544843	673.0889	645.09454	643.7628	36.732727	700.78845	550.0751	652.84534	49.126854	700.9839	547.74036	649.74	28.958076	699.46423	598.35956	1000.0	1000.0	1000.0	1000.0	983999	120.00838	14.254692	136.84015	-8.35404	120.00812	14.258516	139.8498	-10.703606	-2.8741329	1.8384618	22.053389	-12.41962	-120.64474	2.4251342	20636.626131772995
247	652.612	7.2850914	662.6874	642.1021	777.7309	97.60452	889.5484	633.73444	648.9508	76.723724	793.38446	531.2609	704.4575	107.03323	885.229	566.7276	1000.0	1000.0	1000.0	1000.0	987999	120.0475	14.161596	135.40422	-9.2059765	120.04747	14.174989	135.85486	-14.974843	-2.9000256	1.8308258	21.26745	-12.795382	-120.68826	2.0735464	20729.935727119446
248	659.6475	13.23665	673.36	637.98285	622.662	99.199684	793.2985	456.4774	540.01013	226.6157	804.68054	133.42632	656.2184	182.74913	842.72253	177.13777	1000.0	980.8	831.3	930.4	991999	119.9233	14.186768	134.76323	-31.673178	119.92266	14.195281	136.10814	-13.767467	-2.8903122	1.8236804	24.576982	-12.328708	-120.540924	2.4233236	20820.424612045288
249	648.2422	16.058386	674.4022	630.6166	587.765	110.22948	736.8869	338.53387	645.61005	88.5189	754.6138	475.2188	628.18274	78.643974	717.2987	530.46796	1000.0	905.8	958.3	987.6	995999	119.83415	14.104177	136.02832	-19.003458	119.83338	14.108034	135.9345	-9.323222	-2.9253075	1.8000345	21.432213	-13.838155	-120.46763	2.036704	20919.44126176834
250	648.6987	10.517837	664.25287	635.75397	796.303	101.93691	892.69965	642.23975	862.67255	59.022644	893.95715	706.326	810.08826	96.67995	885.9626	647.3998	1000.0	1000.0	1000.0	1000.0	999999	119.84554	14.189221	142.61475	-15.26363	119.84553	14.186617	136.3219	-10.284554	-2.9101167	1.8168916	20.007566	-11.676001	-120.477455	2.1444027	21014.67664217949
