Epoch	AverageEpRet	StdEpRet	MaxEpRet	MinEpRet	AverageTestEpRet	StdTestEpRet	MaxTestEpRet	MinTestEpRet	AverageTransferEpRet	StdTransferEpRet	MaxTransferEpRet	MinTransferEpRet	AverageRandomEpRet	StdRandomEpRet	MaxRandomEpRet	MinRandomEpRet	EpLen	TestEpLen	TransferEpLen	RandomEpLen	TotalEnvInteracts	AverageQ1Vals	StdQ1Vals	MaxQ1Vals	MinQ1Vals	AverageQ2Vals	StdQ2Vals	MaxQ2Vals	MinQ2Vals	AverageLogPi	StdLogPi	MaxLogPi	MinLogPi	LossPi	LossQ	Time
1	502.74402	7.94086	513.84564	491.39276	483.91788	51.989788	571.50555	393.50845	509.15265	67.40353	579.3513	381.25885	537.145	38.325172	575.25446	471.00424	1000.0	1000.0	1000.0	1000.0	3999	11.585211	5.859763	30.478825	-0.11350692	11.584867	5.860396	30.568954	-0.09749785	-5.355314	0.6097106	7.37277	-12.485216	-12.664544	0.06158039	101.5457272529602
2	411.63696	165.19061	523.37604	126.37109	163.06203	179.74489	437.89398	16.460901	224.70134	162.64084	457.46255	17.352999	119.941055	159.39526	437.0292	12.041195	819.75	416.0	649.7	321.1	7999	34.07179	7.058296	61.62728	18.190153	34.07183	7.0582805	60.866535	18.242617	-5.2474427	0.9108153	11.026616	-13.475182	-35.15233	0.42749146	195.01174306869507
3	118.682274	188.86221	515.47815	2.0162575	395.68808	114.00253	681.0525	255.17331	389.00906	88.13159	547.39105	237.32295	470.66153	98.94702	624.956	296.41678	260.13333	1000.0	1000.0	1000.0	11999	56.20143	7.8121157	153.51308	25.58387	56.201244	7.816061	154.75801	19.19855	-4.9475546	1.7062001	26.352524	-13.344662	-57.28102	4.436483	314.16182231903076
4	407.92932	18.305548	425.3669	382.1262	328.2059	143.5233	546.37933	32.31556	276.7679	131.31065	441.0089	26.721722	242.6145	141.42622	403.5747	31.63389	1000.0	912.6	826.3	749.5	15999	78.900055	17.105978	189.65413	-2.3493428	78.89986	17.113007	196.27977	-4.22028	-3.4958794	3.3219643	33.536762	-13.183796	-80.07911	9.190271	424.33235001564026
5	58.475983	136.37692	532.4345	3.1210814	422.21915	63.0872	548.5389	340.52325	453.22598	79.947876	555.61707	293.83197	423.46564	72.69948	544.2005	351.587	143.11111	1000.0	1000.0	1000.0	19999	95.51116	17.57667	184.12735	-12.408364	95.51084	17.590267	185.30017	-12.173747	-2.3582234	3.9789996	27.690968	-12.9043455	-96.76805	13.432119	543.4372708797455
6	352.35965	132.92561	537.4409	166.76813	365.25946	69.08491	474.51062	201.6155	374.9865	29.447264	421.51157	327.18872	356.69736	53.60379	402.50137	206.54169	805.5	1000.0	1000.0	1000.0	23999	110.53722	25.183407	250.71182	-24.650043	110.53638	25.176514	250.1765	-13.456271	-1.5771433	4.4999843	27.632841	-14.334119	-111.99919	14.321889	665.5702593326569
7	515.10126	52.017128	564.1706	427.53018	540.78516	90.04746	658.57153	371.436	504.95547	62.70355	591.98553	394.92923	542.7367	73.60252	657.1588	426.38443	1000.0	1000.0	1000.0	1000.0	27999	123.36742	25.812565	245.19106	-81.02769	123.36686	25.803232	246.17322	-43.045647	-2.0848985	3.6958542	28.70504	-14.445121	-124.475975	12.718351	783.9644548892975
8	449.68375	65.127075	494.82504	337.36646	631.2333	149.91798	864.27216	376.29047	441.76862	201.34056	719.01465	-13.384773	646.05554	169.39699	860.42816	347.89453	1000.0	1000.0	915.3	1000.0	31999	126.94438	18.308203	206.7903	-52.1141	126.94416	18.296843	206.36249	-36.82977	-2.8776326	3.034057	34.229347	-14.33988	-127.883766	9.564041	900.798148393631
9	511.20404	42.45339	565.5733	450.59357	617.37787	155.03308	875.70105	400.7785	555.05865	85.16622	722.33795	421.19888	590.5599	126.555305	795.52716	447.6872	1000.0	1000.0	991.0	1000.0	35999	127.23556	12.685143	179.78731	-67.21345	127.23572	12.667599	179.62576	-52.84106	-3.6233275	2.4868748	37.400284	-16.579155	-128.0862	7.8123975	1017.7424473762512
10	522.5038	142.48744	634.21643	279.3348	559.0806	68.02649	732.0897	482.249	593.0355	78.264854	740.72	498.61066	587.45325	83.000984	709.2197	446.9009	1000.0	1000.0	1000.0	1000.0	39999	126.14251	8.833555	165.45288	-84.755806	126.14283	8.812039	165.19745	-75.52906	-4.0278983	2.128415	29.21235	-13.202195	-126.97941	7.9383874	1137.3557875156403
11	215.546	175.0425	454.7767	18.057161	417.7946	209.90527	625.4156	54.701557	565.38947	145.97198	681.00385	152.42159	524.30457	194.01833	696.95624	108.326744	480.2857	754.2	927.6	860.5	43999	125.62934	7.1317353	158.52776	-89.0203	125.62971	7.1316967	157.92014	-72.71413	-4.2592516	1.957849	31.622028	-13.873726	-126.497665	7.370463	1248.2617995738983
12	111.21385	145.1348	505.41138	5.6753836	661.68286	78.07815	806.50836	553.38556	603.67316	22.299171	647.1017	582.95935	706.41125	84.28415	863.9135	581.0519	227.58824	1000.0	1000.0	1000.0	47999	125.9718	6.4669123	152.79808	-80.92324	125.9712	6.438631	152.57831	-69.36968	-4.305207	1.9226044	32.783226	-16.843365	-126.84789	14.7746	1367.286010980606
13	469.91974	103.171745	623.1108	333.2617	665.58795	72.56087	785.0463	579.2575	611.86926	59.670116	693.38794	523.7064	610.679	68.4275	718.1196	504.53006	1000.0	1000.0	1000.0	1000.0	51999	126.48787	6.3987274	146.49182	-99.12436	126.48788	6.3765106	144.97838	-70.01844	-4.0166683	2.0869315	35.525307	-15.075535	-127.38253	18.458286	1484.414664030075
14	557.74426	66.791504	650.3829	465.98877	566.09814	104.81001	734.62134	438.71808	570.308	129.73167	737.5582	389.4858	547.8092	69.95332	682.6119	469.217	1000.0	991.0	1000.0	1000.0	55999	127.06897	6.980251	144.44685	-71.22598	127.06961	6.9735494	147.34547	-97.95744	-3.9678993	2.0547528	33.416016	-14.092229	-127.94235	15.065733	1604.1579523086548
15	407.2494	174.16759	541.166	72.4852	670.23846	84.36834	799.9028	464.85406	668.4413	44.69637	714.20166	550.6695	698.7491	59.872353	844.3577	589.67377	826.2	965.3	1000.0	1000.0	59999	126.93524	8.582065	144.91287	-83.82876	126.9359	8.573411	146.43344	-73.54667	-4.1241307	1.9578023	27.123722	-13.021326	-127.79798	13.540793	1722.6925082206726
16	298.9612	176.33612	513.60925	54.657867	563.7821	63.36246	676.14185	464.38486	541.21387	39.681656	582.7588	468.68417	514.41425	47.019485	581.81006	428.86035	644.1667	981.9	1000.0	1000.0	63999	127.77564	8.657235	144.89796	-107.918465	127.77681	8.638087	145.10524	-62.874863	-4.190771	1.9788661	32.053772	-14.336119	-128.66528	13.802145	1844.1064224243164
17	334.7214	191.03429	527.1322	39.19937	535.4903	28.59896	581.2772	497.57224	479.50146	71.56992	548.79944	282.33633	492.37262	9.916872	509.87506	479.5073	675.4286	1000.0	949.7	1000.0	67999	128.76627	8.470314	145.75043	-136.84729	128.76672	8.436854	145.8106	-63.106113	-4.1999807	2.0426972	33.75451	-14.882267	-129.66646	15.694982	1962.266428232193
18	451.14496	223.89969	668.9301	22.499187	645.038	124.12634	879.4821	409.54208	597.4757	103.95604	724.3942	437.68716	664.759	113.61491	888.77136	508.90918	808.0	1000.0	1000.0	1000.0	71999	129.82948	8.132452	149.9663	-81.386284	129.83006	8.106894	147.89839	-71.70021	-4.233159	2.0051637	27.33209	-14.596899	-130.73077	14.539377	2080.214430332184
19	530.7218	62.43149	610.18256	435.66122	664.0523	115.99153	798.5169	500.74008	708.4946	73.33722	824.39655	594.1547	710.3375	80.72532	802.5799	520.87946	1000.0	1000.0	1000.0	1000.0	75999	131.12558	7.79663	151.7665	-84.06307	131.12611	7.7726426	152.62689	-112.84172	-4.3637605	1.9402364	34.965923	-14.421743	-132.01521	13.945989	2197.381034851074
20	541.9796	15.091132	562.7149	527.047	533.3708	99.070335	790.307	415.72876	454.7614	99.44548	547.3455	221.73483	477.62662	108.43889	732.06995	317.3353	1000.0	1000.0	1000.0	1000.0	79999	132.34924	7.5904045	153.61043	-75.88083	132.35004	7.538603	152.37177	-61.864033	-4.3349037	1.9438729	33.163067	-13.919417	-133.25047	15.234034	2318.439248561859
21	538.5401	37.325455	601.55615	505.4514	554.1636	47.82009	625.9171	489.92966	578.6552	79.05191	735.98895	492.51007	596.77246	54.17993	710.1509	508.54138	1000.0	1000.0	1000.0	1000.0	83999	133.33553	7.518851	154.19257	-99.27919	133.33636	7.4745603	154.15184	-88.94774	-4.3760962	1.9157773	37.331326	-14.127832	-134.2051	11.905605	2437.1639964580536
22	558.7223	23.75435	584.8497	528.67285	761.8129	47.819897	860.3357	703.0808	776.6236	107.14966	898.2531	561.3576	733.3585	58.38213	802.4543	605.29095	1000.0	1000.0	1000.0	1000.0	87999	133.9872	7.473059	155.9035	-96.254456	133.98701	7.4183216	157.14546	-85.4966	-4.4495153	1.7934906	32.26261	-14.586903	-134.86346	12.077264	2555.440181493759
23	557.9248	30.834007	597.3991	511.76968	619.84515	59.415306	692.3473	538.53864	630.9732	65.693436	726.1204	539.6285	623.3023	65.801346	731.6578	520.65643	1000.0	1000.0	1000.0	1000.0	91999	134.72308	7.3052063	153.99008	-103.68109	134.72334	7.2324815	153.71446	-54.7473	-4.5141783	1.7547435	36.384804	-13.493521	-135.58978	12.404366	2674.6796793937683
24	621.5147	51.0596	678.50073	554.5931	640.92975	129.1785	785.12775	289.47098	621.251	65.97853	769.3835	496.69382	547.36957	129.9396	713.9006	278.5719	1000.0	939.6	1000.0	947.5	95999	135.38669	6.876139	155.74976	-67.60909	135.38628	6.8504534	157.31148	-87.49677	-4.6156936	1.6667218	37.51534	-15.506662	-136.21477	11.005848	2792.6530451774597
25	556.40564	26.964357	586.23486	527.36255	563.56494	37.472492	609.83673	497.80164	536.73114	42.987293	616.26465	479.117	531.3379	45.5227	602.0091	442.35266	1000.0	1000.0	1000.0	1000.0	99999	135.78107	6.756501	149.81075	-99.779724	135.78044	6.7290936	151.26611	-77.92121	-4.6770535	1.5941718	30.02921	-15.265793	-136.62457	10.490118	2914.0120635032654
26	558.4707	50.676266	631.00665	493.7696	497.24506	55.11133	595.0718	389.0836	500.75616	50.517277	604.64496	418.3841	517.98206	47.7062	615.21387	458.33923	1000.0	1000.0	1000.0	1000.0	103999	136.29057	6.5938897	149.01253	-108.930885	136.28963	6.582162	149.37553	-73.35349	-4.715931	1.5390991	35.779465	-13.418509	-137.11707	9.973707	3038.9957041740417
27	594.54736	49.16951	673.56506	539.9911	721.00684	43.13987	767.4777	660.8875	681.633	71.29203	758.5869	550.97766	698.17474	47.151325	757.7525	586.10474	1000.0	1000.0	1000.0	1000.0	107999	136.71031	6.483458	148.85765	-78.60319	136.71057	6.454152	149.8581	-60.832287	-4.7470536	1.4724554	40.332798	-13.713012	-137.54225	9.859404	3158.2563774585724
28	598.49774	52.66086	663.494	546.3131	640.90546	65.71367	739.8507	549.0079	656.03406	61.222263	798.3746	577.26	698.5907	67.26042	799.999	561.03876	1000.0	1000.0	1000.0	1000.0	111999	137.1284	6.382974	149.77228	-85.98462	137.12807	6.350934	151.73749	-61.315453	-4.794335	1.4275328	41.603394	-12.701908	-137.96552	7.853871	3278.689579963684
29	542.94385	64.30418	637.89056	456.40225	494.45062	36.166767	536.4719	401.4373	485.79034	75.59807	642.28784	387.96875	484.55817	75.2926	626.7847	396.10925	1000.0	1000.0	1000.0	1000.0	115999	137.55048	6.2344894	149.4513	-89.52032	137.54993	6.268952	149.69206	-142.37811	-4.8374963	1.3701757	34.005077	-13.062006	-138.37099	8.625502	3399.1132085323334
30	461.87048	40.559578	508.15543	396.63608	622.9418	50.225048	698.6119	521.57837	696.7618	56.339825	781.25745	595.6871	684.05334	51.938393	733.245	532.11975	1000.0	1000.0	1000.0	1000.0	119999	137.8854	6.222815	150.60358	-78.01303	137.88503	6.218907	150.75098	-63.199955	-4.859226	1.35941	30.407078	-15.039397	-138.70847	7.755373	3519.9376010894775
31	535.43024	43.5014	608.1952	492.77393	581.1864	57.524864	693.7597	496.34976	569.71844	31.269968	607.78705	496.54712	604.9119	59.645542	774.3074	539.938	1000.0	1000.0	1000.0	1000.0	123999	138.09587	6.2326717	151.8733	-97.38071	138.09482	6.241391	149.87016	-93.08584	-4.861331	1.351384	32.74218	-13.4271555	-138.91388	8.146991	3641.820814371109
32	564.169	48.36358	643.15295	511.5344	589.54425	74.833084	691.96075	514.7113	598.45044	79.38564	694.9544	503.63635	581.79504	70.081055	690.8482	511.11282	1000.0	1000.0	1000.0	1000.0	127999	138.35268	6.1916037	151.73506	-144.07483	138.3507	6.1883764	152.65028	-82.94337	-4.889476	1.3206613	35.05385	-13.256713	-139.1955	7.266082	3763.5513496398926
33	538.4624	72.21158	644.3215	452.3932	525.6572	57.786053	693.5823	475.4454	538.1295	54.60025	687.86505	496.95215	540.14044	79.097015	693.2653	449.08484	1000.0	1000.0	1000.0	1000.0	131999	138.69843	6.173266	153.2691	-91.87047	138.6969	6.1972904	153.11931	-66.42252	-4.9059076	1.2971705	28.390917	-15.818959	-139.52681	7.5558157	3885.5032279491425
34	527.49493	19.205273	559.0678	507.1711	407.854	118.24424	600.8522	228.8052	479.2254	104.84247	685.55725	316.11023	477.23956	38.707848	537.3112	383.16138	1000.0	1000.0	1000.0	1000.0	135999	139.04228	6.281261	153.46597	-119.553925	139.04115	6.3055983	154.29381	-80.782104	-4.887579	1.3108315	34.762287	-14.428886	-139.87091	7.9786124	4005.853753089905
35	570.04114	76.53178	697.0123	499.69116	580.0567	27.33512	599.24036	508.5218	550.1429	52.35308	596.3158	418.15393	576.57684	28.803728	600.25433	504.93457	1000.0	1000.0	1000.0	1000.0	139999	139.34056	6.213795	153.86761	-89.85578	139.34155	6.2577305	155.27536	-71.6967	-4.902096	1.2888579	41.337246	-17.442465	-140.16975	6.9945164	4126.346142530441
36	563.62726	37.69433	595.6829	502.93234	517.5228	46.92588	598.32056	412.09836	517.65063	24.717571	574.178	490.90268	503.36508	16.464203	528.5369	476.5516	1000.0	1000.0	1000.0	1000.0	143999	139.63805	6.302395	153.18689	-132.41089	139.63857	6.3172545	154.3128	-63.36051	-4.905156	1.3124712	41.295834	-13.699506	-140.47644	7.611207	4247.9046626091
37	600.4298	51.41919	664.59753	544.95795	675.21277	76.953575	770.0274	503.95667	676.2719	29.528065	702.517	611.531	695.541	18.556509	741.96515	664.679	1000.0	1000.0	1000.0	1000.0	147999	139.95403	6.2341003	153.4687	-88.4694	139.95573	6.2717385	153.08356	-74.29609	-4.888056	1.3348068	39.21796	-12.271893	-140.80003	7.1951475	4368.843104839325
38	558.0615	74.4907	681.0936	480.58545	569.70715	41.71382	638.0987	507.76675	578.0321	57.334885	651.9177	476.98553	596.427	69.44332	686.2575	477.35846	1000.0	1000.0	1000.0	1000.0	151999	140.33829	6.3208647	153.25847	-132.58133	140.33916	6.3524604	153.91205	-71.92118	-4.926861	1.2963488	43.41298	-13.125856	-141.19818	5.8762283	4492.857760667801
39	581.23834	64.06122	645.98553	511.99844	488.17743	13.631243	504.1416	465.54092	480.40594	39.051926	530.39014	411.75626	497.5567	32.57112	555.99554	439.39014	1000.0	1000.0	1000.0	1000.0	155999	140.77596	6.3097854	154.23952	-87.724724	140.77748	6.3486037	154.97136	-107.2802	-4.9432664	1.2224917	35.391277	-14.190096	-141.62813	5.9294095	4616.776143789291
40	611.65515	24.199411	650.04736	586.14935	567.0012	62.56122	682.9063	498.8284	538.6523	62.841377	667.87604	470.12778	569.5342	74.007355	682.1293	500.58835	1000.0	1000.0	1000.0	1000.0	159999	141.28865	6.286549	155.00871	-80.44893	141.29082	6.366257	156.30446	-64.90331	-4.9398813	1.249431	32.12438	-13.644319	-142.14188	6.5568085	4737.227942466736
41	566.29614	35.181118	620.42377	522.14307	750.2619	83.48678	795.26154	511.92468	684.82166	97.44844	797.67224	547.1627	761.72217	44.643448	828.66174	666.4933	1000.0	1000.0	1000.0	1000.0	163999	141.62462	6.49561	156.6856	-120.726166	141.62483	6.542227	155.30803	-140.426	-4.9468107	1.2375293	32.11285	-12.645184	-142.48425	5.8122773	4859.5604729652405
42	621.2604	38.73762	682.17773	584.59644	513.1376	56.34446	653.8493	453.44507	512.47766	36.846413	589.96423	451.16367	503.3863	29.91729	567.8305	471.13538	1000.0	1000.0	1000.0	1000.0	167999	141.92166	6.622966	155.05838	-135.33342	141.92383	6.6540556	155.79282	-114.66203	-4.9870777	1.203461	29.187916	-13.38809	-142.77881	5.739739	4981.638452529907
43	624.4678	24.228626	655.0595	597.4174	521.54706	30.512495	604.4801	500.40646	507.64096	29.257595	581.30927	481.6398	570.9116	59.598175	662.5356	489.30817	1000.0	1000.0	1000.0	1000.0	171999	142.37126	6.4895306	156.04297	-142.1375	142.37135	6.530851	156.29152	-100.11186	-4.9787908	1.1957252	29.392954	-15.304909	-143.23419	6.3076086	5102.1225390434265
44	588.9777	58.105312	662.57513	502.85135	660.4845	61.122	730.16797	500.01898	704.3051	40.060844	787.7922	661.7141	686.09436	58.725307	776.82465	610.82996	1000.0	1000.0	1000.0	1000.0	175999	142.86981	6.5059376	157.15073	-108.55498	142.86922	6.5467906	156.7601	-138.05891	-4.9635115	1.2211313	36.648678	-14.40054	-143.74277	5.027928	5223.689852714539
45	575.79126	34.04771	610.43835	538.1399	601.2514	47.64174	683.5084	529.82654	573.7182	44.409542	672.8384	509.4111	589.9913	59.329426	759.9297	547.5749	1000.0	1000.0	1000.0	1000.0	179999	143.2616	6.5972095	157.55435	-180.08345	143.26105	6.627289	157.6761	-100.16579	-4.9719076	1.2122871	31.133694	-12.585016	-144.1322	5.983885	5344.824182271957
46	600.955	69.79611	665.97723	483.25702	642.13806	42.605804	696.6973	597.3071	635.6886	64.775795	716.1941	503.06967	606.11884	28.987709	692.62085	591.1669	1000.0	1000.0	1000.0	1000.0	183999	143.62796	6.5713716	157.6934	-100.66373	143.62817	6.6146727	158.27013	-97.15763	-4.9747167	1.2368839	36.2199	-14.00338	-144.48352	5.5270348	5464.837413311005
47	544.4534	23.61874	569.3283	510.74362	697.29846	8.215529	702.59125	673.375	684.01984	31.1096	704.9938	603.8044	696.20593	8.099814	703.98834	676.71436	1000.0	1000.0	1000.0	1000.0	187999	143.93243	6.471742	157.97841	-81.00871	143.93126	6.5389676	157.70686	-98.39233	-4.995149	1.189774	29.421179	-13.678192	-144.79428	4.8446856	5584.29838180542
48	629.2266	33.24492	680.77277	587.9193	620.0775	78.824005	727.76697	434.34195	601.023	74.04765	750.56055	463.39893	557.7554	97.6361	668.1214	326.02835	1000.0	1000.0	1000.0	1000.0	191999	144.2834	6.69886	159.5952	-117.68049	144.28333	6.7654424	159.01163	-120.070854	-4.9983616	1.1853582	27.714731	-12.842146	-145.16068	5.20761	5701.753493070602
49	624.1577	30.197372	664.16406	594.2269	636.02185	75.602715	692.9963	427.24088	657.7373	67.07293	785.56244	548.2405	694.9463	90.62187	790.4248	452.24002	1000.0	1000.0	1000.0	1000.0	195999	144.6255	6.699099	159.02933	-66.57904	144.62582	6.7760706	159.94023	-98.617134	-4.993273	1.1871037	30.44207	-12.612969	-145.49655	4.8485928	5821.441517114639
50	620.5655	43.690758	679.18945	558.96893	646.711	52.95616	692.07477	519.0319	648.377	48.01976	706.91364	572.3094	684.0409	19.341162	722.17316	652.1573	1000.0	1000.0	1000.0	1000.0	199999	145.00616	6.809831	161.37633	-147.88019	145.00462	6.8733225	160.9032	-146.33167	-4.953624	1.2659483	38.571083	-12.86058	-145.86804	5.3856435	5939.97972035408
51	618.9773	39.02282	660.3579	561.0228	733.4001	80.631485	859.7929	593.3282	700.5626	75.033714	825.5796	593.6109	706.7374	40.008347	805.84174	671.3928	1000.0	1000.0	1000.0	1000.0	203999	145.29718	7.1081104	160.73328	-91.43814	145.29411	7.12933	160.51773	-104.33019	-4.9790916	1.2310373	33.178047	-16.395632	-146.16219	4.811588	6056.719660282135
52	613.63	45.311127	661.94507	539.73193	656.6881	51.503437	780.30426	607.449	693.7511	73.90358	870.52655	608.10187	658.0754	26.298468	697.07874	618.2994	1000.0	1000.0	1000.0	1000.0	207999	145.47835	7.2118993	160.91092	-128.05806	145.47964	7.301941	161.27116	-104.76731	-4.986706	1.2080923	28.528772	-12.986683	-146.34528	5.4865036	6176.706382513046
53	610.99133	55.461422	659.4109	517.5711	563.1926	63.879856	695.78784	515.3157	593.6426	114.39656	868.62164	490.8722	603.1211	104.11006	790.60785	496.47684	1000.0	1000.0	1000.0	1000.0	211999	145.7663	7.424834	161.52202	-105.45203	145.76477	7.4816084	161.15327	-103.65788	-4.9782195	1.2130786	42.292763	-12.973672	-146.63869	5.8913918	6295.403755903244
54	614.3697	33.32551	664.05255	570.4501	762.8587	40.556103	798.11035	679.8901	764.29	44.400238	841.0316	703.14343	793.92145	56.24336	893.18445	693.74225	1000.0	1000.0	1000.0	1000.0	215999	146.09567	7.5788507	162.12166	-121.24402	146.09744	7.6388345	162.65903	-86.20649	-4.994076	1.2120262	34.849247	-13.939924	-146.9665	4.6738353	6413.465602874756
55	596.76276	51.438168	651.26404	514.8215	745.7486	93.86291	888.7828	642.71045	694.8368	47.186462	807.106	600.6616	722.01	77.08795	873.7083	602.28186	1000.0	1000.0	1000.0	1000.0	219999	146.54784	7.683055	163.785	-88.726265	146.54623	7.729226	161.8811	-119.08963	-5.0052285	1.1942847	34.50237	-13.25788	-147.42203	4.903176	6533.416390180588
56	625.5975	50.2007	687.1782	556.0466	686.6323	67.897995	791.4036	608.74695	700.07874	38.32526	794.7465	640.97235	717.30615	77.70951	796.7051	609.61487	1000.0	1000.0	1000.0	1000.0	223999	146.86453	7.8210793	163.09962	-86.522606	146.86597	7.9173946	163.53258	-105.67133	-5.0092964	1.1729205	34.391544	-13.232637	-147.72388	4.633242	6654.472610473633
57	614.2112	57.644325	654.8747	514.91174	603.50714	40.504974	690.01434	537.9107	582.3501	49.657513	680.3881	493.43732	625.0866	49.955833	740.98773	563.2958	1000.0	1000.0	1000.0	1000.0	227999	147.2074	7.861255	163.48283	-72.62748	147.20737	7.9387927	162.90558	-102.289474	-5.020266	1.2027115	34.968727	-15.870933	-148.07445	4.3941975	6773.639646053314
58	620.3308	57.67812	675.24286	528.5438	696.7781	149.09831	891.3906	506.90668	728.7025	101.50441	892.38904	597.09796	725.405	106.505226	892.10974	538.0992	1000.0	1000.0	1000.0	1000.0	231999	147.51097	8.001375	163.76514	-125.772224	147.50887	8.074271	163.40784	-155.10406	-5.0052514	1.1816307	35.266155	-11.716402	-148.37662	5.423907	6892.184685707092
59	660.6094	25.481207	700.3555	636.0257	683.1579	29.113579	704.01276	608.091	682.1754	62.004425	795.84357	572.4658	686.99225	28.668783	704.35016	602.45087	1000.0	1000.0	1000.0	1000.0	235999	147.8178	8.194407	165.2117	-156.47217	147.81699	8.239929	165.4809	-119.30592	-5.0248466	1.1472176	39.694386	-13.971382	-148.68791	4.311216	7011.665085077286
60	665.2137	31.224968	702.41754	627.7852	753.1147	69.41228	891.419	668.89795	779.36	76.83938	895.15607	703.5811	765.40466	84.306496	894.4748	680.42664	1000.0	1000.0	1000.0	1000.0	239999	148.30789	8.431233	165.63632	-70.63926	148.3081	8.45271	165.23485	-88.36657	-5.0279727	1.1390618	39.918392	-12.342972	-149.18822	4.297808	7132.871596336365
61	597.87775	49.76003	667.08307	546.6788	701.3945	2.0377245	703.6685	696.0455	701.4482	1.5837792	704.1165	699.65515	701.12946	2.063285	704.9032	696.8906	1000.0	1000.0	1000.0	1000.0	243999	148.62064	8.713295	165.9636	-88.30154	148.62064	8.739553	165.90533	-102.57258	-5.0248175	1.1584375	36.65887	-13.535423	-149.49216	4.762077	7263.703944206238
62	638.9584	29.57016	686.9828	607.2238	774.8639	36.236862	799.6899	703.0897	782.56824	28.791464	799.58875	707.40576	796.23193	6.837554	800.03436	775.8888	1000.0	1000.0	1000.0	1000.0	247999	148.8549	8.874075	166.0403	-102.115295	148.85333	8.941595	166.49568	-131.75839	-4.9968657	1.1746457	44.60954	-13.023123	-149.71875	4.909598	7379.903913497925
63	649.6232	46.852173	706.4659	590.3554	701.3369	2.580359	705.5507	697.9115	695.3322	19.092278	704.80096	638.31036	701.95276	4.934274	715.2697	697.017	1000.0	1000.0	1000.0	1000.0	251999	149.16289	8.89431	166.9036	-94.610725	149.16289	8.918281	167.6395	-112.55431	-4.9943895	1.1964062	37.4114	-13.024612	-150.03241	4.1294475	7499.3519196510315
64	653.7687	18.080591	678.31134	635.3927	678.53925	28.551352	704.2929	616.8743	686.718	26.326277	703.0756	623.472	686.31	27.570135	704.3881	628.7545	1000.0	1000.0	1000.0	1000.0	255999	149.54787	8.814411	169.13954	-154.8733	149.54951	8.836797	167.5823	-90.60097	-5.0049386	1.1436777	37.713703	-14.74556	-150.42238	3.650378	7616.710918188095
65	634.4706	20.336071	669.2462	619.9707	649.44543	95.22255	769.5826	509.70145	694.0728	85.278175	788.98413	534.9009	651.3426	72.48466	775.8081	521.18695	1000.0	1000.0	1000.0	1000.0	259999	149.8345	8.960749	169.1967	-97.4923	149.83553	8.982254	167.50232	-88.65484	-4.992933	1.192056	38.608395	-12.336554	-150.71776	4.097946	7737.991431713104
66	612.7386	15.872472	634.7972	593.71423	601.3462	25.531828	672.64966	581.61993	591.129	35.24182	645.9146	528.1416	615.03357	36.735065	701.06757	579.5994	1000.0	1000.0	1000.0	1000.0	263999	150.09485	8.945196	168.43817	-71.07033	150.09209	9.018102	167.71808	-92.73922	-5.013951	1.1760043	33.465668	-14.294727	-150.96227	4.6058383	7855.93284368515
67	649.9452	12.167766	661.3363	632.10706	788.79364	96.7664	894.96	657.9146	778.6117	96.49728	894.7268	614.7693	832.1818	75.94468	893.8714	690.3767	1000.0	1000.0	1000.0	1000.0	267999	150.43752	9.01347	169.13046	-260.295	150.43718	9.041793	168.78549	-139.66154	-5.033236	1.1434242	38.160515	-12.230473	-151.3165	3.9703016	7972.417996168137
68	612.4595	40.641617	675.8646	563.16907	667.5267	36.410954	698.0434	591.87695	636.76843	60.29017	780.1403	591.11163	669.67224	39.59232	731.95135	599.80865	1000.0	1000.0	1000.0	1000.0	271999	150.57893	9.07903	169.9246	-131.79958	150.57831	9.101822	169.10014	-97.99524	-5.0131464	1.1849517	43.01207	-12.056343	-151.45386	4.406149	8094.201880693436
69	616.4431	46.589752	659.50116	540.48694	608.40137	54.299335	715.3533	554.3749	598.1254	45.501694	697.7792	536.1881	606.57404	36.38281	685.0316	565.2898	1000.0	1000.0	1000.0	1000.0	275999	150.66174	9.029217	169.70212	-121.7507	150.65855	9.056433	170.59074	-87.43748	-5.033051	1.1323183	29.141527	-13.07851	-151.53587	3.4629676	8214.766808986664
70	654.80444	18.480122	678.21014	631.8888	647.68585	23.880383	685.41736	618.05225	640.7743	31.469519	675.97406	584.6992	660.4425	17.743084	686.13104	632.6984	1000.0	1000.0	1000.0	1000.0	279999	150.6776	9.376976	169.77213	-125.02969	150.67673	9.409972	169.94379	-127.86403	-5.0110264	1.1872385	49.735527	-13.826528	-151.56	4.417629	8337.843832015991
71	610.32996	57.1843	658.4048	513.09827	671.3921	37.796253	727.7826	588.2982	667.5941	36.700172	718.0825	598.43036	673.9873	43.588696	745.072	594.30035	1000.0	1000.0	1000.0	1000.0	283999	150.72562	9.272001	168.03365	-75.683685	150.7253	9.309456	168.52643	-82.16027	-5.0256577	1.1676612	36.976616	-12.203724	-151.60425	3.35323	8457.761442661285
72	582.636	40.885876	641.5306	525.93	659.69055	39.33799	702.8951	604.93805	696.2399	47.2813	797.1929	587.20123	659.0869	38.886646	701.9541	605.53577	1000.0	1000.0	1000.0	1000.0	287999	150.71387	9.229401	168.12971	-135.92104	150.71394	9.272137	170.1874	-180.6947	-5.0410075	1.1249039	40.633823	-12.041033	-151.59497	3.137413	8577.940780639648
73	635.1518	45.7867	689.87024	565.3644	691.6981	4.2517223	695.3469	679.28394	693.6212	1.2796017	696.08813	691.81354	690.9883	4.4161615	694.33044	678.52014	1000.0	1000.0	1000.0	1000.0	291999	150.75015	9.124234	168.45357	-97.95887	150.75095	9.171953	169.00035	-127.35208	-5.0169954	1.1641327	43.353516	-13.010711	-151.62756	3.1198254	8695.388045310974
74	639.7124	13.70262	658.13574	620.4792	652.14435	47.808746	734.1669	606.031	649.1618	39.637463	703.0743	605.2928	692.83044	31.702345	725.6098	605.6723	1000.0	1000.0	1000.0	1000.0	295999	150.92622	9.070315	168.30266	-89.629944	150.92812	9.109837	167.46202	-96.95882	-5.020642	1.1457689	36.427025	-12.851078	-151.79007	4.0665593	8816.267592906952
75	631.49084	38.735435	680.16956	588.61487	633.446	71.13678	740.78253	515.8889	623.55115	56.78753	737.5071	551.1006	641.63495	43.101864	698.8796	560.849	1000.0	1000.0	1000.0	1000.0	299999	151.26468	9.064295	170.39885	-90.68086	151.26318	9.114947	169.44693	-109.491066	-5.0318627	1.1375092	32.22129	-14.369775	-152.13591	3.4359384	8937.040558099747
76	649.3885	5.7861266	655.2783	639.8527	533.5707	43.357265	586.9955	442.23196	571.0001	104.43782	756.26587	376.2876	570.73303	72.11885	699.0311	419.6475	1000.0	1000.0	1000.0	1000.0	303999	151.44234	9.189676	168.57123	-154.17212	151.44221	9.225896	168.42029	-76.832535	-5.0328956	1.1445422	43.006737	-13.095976	-152.31578	3.6647506	9057.653803110123
77	657.3022	17.57882	686.1735	640.78345	681.05383	25.575914	712.6946	621.3321	675.0405	39.7485	700.156	561.8196	676.6194	32.350967	702.5067	602.8377	1000.0	1000.0	1000.0	1000.0	307999	151.62073	9.304917	169.42029	-89.04261	151.61964	9.345859	168.1901	-129.68121	-5.0184546	1.1533743	31.570013	-14.985672	-152.4997	4.3257427	9175.42568564415
78	653.7986	29.719622	692.0714	620.4021	717.8678	32.969456	783.5905	689.04974	715.4736	36.183758	802.90247	674.4889	717.8954	27.02603	773.8254	702.5166	1000.0	1000.0	1000.0	1000.0	311999	151.66914	9.399066	167.98187	-117.190704	151.6673	9.431671	168.76279	-137.6333	-5.027365	1.1432887	40.106358	-13.065488	-152.53516	3.7808845	9293.405883550644
79	659.84656	25.040215	690.79663	628.77734	615.96356	85.426865	795.6607	516.88293	666.3187	79.13216	798.9743	516.1425	640.1409	74.96151	805.74695	547.3255	1000.0	1000.0	1000.0	1000.0	315999	152.37611	9.437931	170.1646	-55.0014	152.37411	9.514353	169.56383	-122.770706	-5.0195913	1.1639804	35.82232	-16.16748	-153.24927	4.2052383	9411.546260595322
80	625.2224	33.38187	654.245	570.4591	701.96454	2.0129147	705.56604	699.23914	691.42096	28.491232	704.86694	606.09686	701.5165	1.8249716	704.57416	698.1083	1000.0	1000.0	1000.0	1000.0	319999	152.58145	9.542231	171.69182	-160.10326	152.58133	9.609313	170.58072	-100.49518	-5.0224123	1.1516593	40.804573	-11.859449	-153.45181	3.9150782	9530.619463205338
81	676.66626	14.156699	698.99396	661.47003	651.39777	55.22512	704.29193	556.35254	667.8144	53.926704	754.1314	581.28784	625.58826	53.595894	718.2457	526.83966	1000.0	1000.0	1000.0	1000.0	323999	152.61726	9.646465	170.79921	-130.70709	152.61763	9.692933	172.30347	-172.3225	-5.028491	1.154766	45.322456	-13.558385	-153.4947	3.675129	9652.362837076187
82	682.5614	14.138341	694.7617	658.6822	712.1335	30.734716	789.8884	692.4243	694.76306	46.033504	781.7257	601.43115	711.9612	29.144695	792.2912	691.6895	1000.0	1000.0	1000.0	1000.0	327999	152.65923	9.538445	169.5889	-86.14139	152.6585	9.56802	169.55142	-92.364265	-5.0121613	1.1513978	43.04238	-13.195927	-153.5374	2.7652593	9770.81753540039
83	682.2722	15.902828	704.11584	664.461	656.026	22.012064	678.0284	602.06903	652.4683	48.6925	724.89514	547.65326	640.8761	44.67013	699.0302	589.1648	1000.0	1000.0	1000.0	1000.0	331999	152.70248	9.700619	170.28102	-62.15278	152.7023	9.751954	170.31424	-98.665726	-5.029835	1.1375291	39.76744	-11.836712	-153.578	3.5122614	9891.040713310242
84	630.0038	62.61925	697.5063	527.48126	587.0233	31.631298	642.9841	513.60223	611.4187	41.90039	709.91125	549.383	614.9272	49.458576	710.23584	550.3947	1000.0	1000.0	1000.0	1000.0	335999	152.69379	9.746963	170.24103	-86.127266	152.69487	9.797227	169.98756	-109.61231	-5.0260625	1.1565418	35.06662	-12.121637	-153.57	3.2468052	10008.62672829628
85	671.7167	12.914953	686.09033	654.6715	776.5394	25.570713	796.7985	707.962	745.42334	33.377346	789.3393	700.88153	742.25964	26.959885	785.8643	708.58246	1000.0	1000.0	1000.0	1000.0	339999	152.78139	9.7539835	170.21222	-154.31743	152.78352	9.792487	169.24333	-149.84901	-5.023482	1.2216357	59.478764	-12.278995	-153.65065	2.9240727	10132.831732273102
86	679.94495	27.510479	712.27515	639.77893	630.5232	30.11945	712.2997	609.26843	655.0946	54.148167	780.81305	606.0404	613.069	29.058847	665.16846	540.5506	1000.0	1000.0	1000.0	1000.0	343999	152.7126	9.6431875	169.9032	-88.3588	152.71329	9.692405	170.29619	-109.49865	-5.026743	1.1803504	51.635185	-12.092414	-153.56206	4.0044193	10252.759672641754
87	669.35596	26.930208	703.97266	631.816	763.0331	39.059288	798.1625	705.35986	735.2829	56.643272	798.94073	611.1486	665.7932	62.34666	762.55994	594.39087	1000.0	1000.0	1000.0	1000.0	347999	152.9866	9.637852	170.32504	-105.06928	152.98668	9.669839	170.1058	-102.47291	-5.030101	1.1208401	44.57844	-13.456764	-153.8586	3.054389	10371.180847406387
88	690.2597	8.021825	702.1745	679.868	619.9208	15.362315	645.5747	584.8261	641.29724	32.38917	703.8243	609.49567	617.46106	24.962938	666.89276	558.5774	1000.0	1000.0	1000.0	1000.0	351999	153.27492	9.717988	171.4521	-88.78244	153.27089	9.780501	170.7075	-53.079617	-5.0188723	1.1510518	43.41099	-11.92063	-154.1396	3.4414785	10494.082745790482
89	687.22614	12.278798	698.1358	668.02057	664.4585	45.265217	711.66565	613.4317	657.45105	51.874424	711.21515	553.89197	645.6568	57.314827	709.92926	517.19604	1000.0	1000.0	1000.0	1000.0	355999	153.47351	9.834777	170.64	-133.43121	153.47417	9.867685	173.30644	-175.93741	-5.033126	1.1570566	36.92102	-13.224461	-154.35063	2.9633696	10612.840629816055
90	682.7959	37.18664	706.8552	618.6035	616.7414	3.5347779	626.70215	612.8284	626.0122	33.853718	720.3896	591.99066	603.3814	29.076326	631.5407	534.7448	1000.0	1000.0	1000.0	1000.0	359999	153.4943	9.755005	170.45139	-94.68978	153.4949	9.792441	172.25363	-130.10445	-5.0254264	1.1574446	41.000896	-12.120544	-154.38057	3.1037724	10732.750971078873
91	685.44086	16.416418	709.20795	666.6969	783.43933	36.280613	815.3594	717.581	798.624	87.0219	904.74036	621.75696	763.45886	56.72293	824.643	621.87915	1000.0	1000.0	1000.0	1000.0	363999	153.70834	9.74209	171.25836	-90.777435	153.7082	9.766199	170.96944	-63.520813	-5.0230746	1.1316181	31.608839	-12.626434	-154.58672	3.150498	10865.286784172058
92	681.40936	63.914867	739.8554	575.39325	681.82336	36.40115	711.9361	616.51263	684.39233	35.00871	708.1103	614.6884	680.50287	36.25416	710.6949	614.17566	1000.0	1000.0	1000.0	1000.0	367999	153.95609	10.010895	171.75565	-86.41069	153.95499	10.057871	175.29408	-134.97589	-5.017169	1.1600184	52.54386	-11.780517	-154.81468	3.5786583	10984.801849842072
93	665.11145	71.62481	708.88184	541.08417	687.4702	45.94235	750.49475	611.4787	679.09094	44.767216	734.1422	605.74835	673.5901	73.27517	803.4821	533.29785	1000.0	1000.0	1000.0	1000.0	371999	154.07755	10.039074	171.38509	-94.10441	154.07974	10.056462	172.0092	-69.00054	-4.9984055	1.1764321	57.399914	-13.198887	-154.95787	3.062773	11106.373794317245
94	671.719	20.235262	695.7294	640.98303	686.9751	43.394478	737.76184	604.2641	689.35974	40.597313	753.1815	602.0929	675.1168	43.759464	781.49786	610.9026	1000.0	1000.0	1000.0	1000.0	375999	154.21117	10.012771	172.26672	-107.915665	154.21161	10.049153	175.85208	-96.896835	-5.0254364	1.1405343	33.888138	-11.926657	-155.08505	2.4984596	11223.852637767792
95	645.66406	51.15745	684.15216	558.7458	651.8141	59.399292	731.6583	521.2802	637.1893	62.518784	720.3323	517.0927	649.1403	76.70459	799.4124	532.8799	1000.0	1000.0	1000.0	1000.0	379999	154.34705	10.047658	172.39996	-79.15859	154.34682	10.087858	172.11902	-90.66703	-5.026093	1.1223934	34.422302	-13.225195	-155.22897	3.1780536	11345.783201932907
96	680.36475	26.7319	707.0558	646.9693	581.49066	42.41564	653.0481	524.3326	608.3275	81.42775	723.1739	422.67618	591.62085	53.89475	668.0763	505.4233	1000.0	1000.0	1000.0	1000.0	383999	154.53416	10.05022	171.55159	-141.29564	154.53453	10.09543	174.24028	-133.08661	-5.012228	1.1755884	53.59491	-12.498726	-155.4189	3.1586688	11468.428272724152
97	634.5438	73.57741	718.18445	527.6891	695.8064	62.6229	772.6731	620.25684	728.1469	64.83754	800.7564	637.047	709.9821	64.64601	798.4617	624.5354	1000.0	1000.0	1000.0	1000.0	387999	154.70268	9.972758	171.64023	-64.87698	154.70123	9.999943	175.43855	-80.10934	-5.0440607	1.108837	43.23368	-12.557253	-155.58919	2.4762216	11586.902238368988
98	649.134	54.769417	719.44476	584.5706	654.76624	34.704674	699.8226	609.2412	664.02356	38.294365	702.17017	607.8294	645.63666	34.065742	699.5362	606.2504	1000.0	1000.0	1000.0	1000.0	391999	154.65292	9.995467	172.90022	-97.94204	154.65202	10.048039	171.6673	-86.70033	-5.032062	1.1751013	38.37802	-12.253984	-155.54047	2.6895244	11706.08411026001
99	638.92175	59.716995	712.4055	545.87933	620.683	5.0366325	633.24963	613.0285	639.15295	37.096592	714.5326	616.52234	623.4201	13.843616	664.6038	616.35535	1000.0	1000.0	1000.0	1000.0	395999	154.64407	9.900438	173.91032	-83.193344	154.64474	9.938641	173.40132	-113.73755	-5.0521717	1.0926859	33.22886	-13.753954	-155.52698	2.8185408	11826.097781419754
100	663.21436	62.395397	744.46313	574.6703	635.5121	33.268906	695.4871	612.4173	642.965	56.88408	790.47156	606.9654	674.20605	56.083168	781.4356	612.8205	1000.0	1000.0	1000.0	1000.0	399999	154.72227	9.916279	171.38243	-81.582184	154.71948	9.978772	171.1486	-78.63844	-5.0358415	1.0899701	30.61305	-13.605505	-155.61073	2.6363668	11946.307419776917
101	676.87744	71.35912	736.76337	555.0445	785.3381	30.459267	803.90454	705.59735	726.87213	63.847366	801.54004	622.75543	791.60565	21.239649	802.17755	728.9592	1000.0	1000.0	1000.0	1000.0	403999	154.79037	9.991856	171.7845	-125.46319	154.7894	10.029433	171.84602	-107.85755	-5.025494	1.1345315	34.670677	-12.521589	-155.68437	2.897691	12064.986451148987
102	670.56177	39.938583	716.039	606.7031	664.7468	79.71356	895.31104	622.15686	702.5606	90.78481	894.9238	618.86444	642.7211	26.208637	714.41785	621.2349	1000.0	1000.0	1000.0	1000.0	407999	154.91396	9.975842	172.5135	-102.511734	154.91454	10.02336	172.81367	-126.53101	-5.0201683	1.1404994	38.123276	-12.10735	-155.8025	2.706734	12184.175800085068
103	714.7616	15.066577	738.8554	697.81226	614.50964	1.60737	617.44403	611.8956	616.82935	6.3161373	634.5715	611.43475	615.2349	1.5961391	618.32355	612.89667	1000.0	1000.0	1000.0	1000.0	411999	155.0318	10.144051	172.29942	-89.894806	155.03098	10.176989	172.9998	-158.47173	-5.0322194	1.1277946	49.966694	-14.533345	-155.9264	2.535248	12303.348589420319
104	700.8108	7.668456	710.95734	690.6186	613.64966	1.229988	616.3793	612.2242	614.3919	2.7011406	621.60016	611.6655	616.7683	10.247536	647.4075	612.293	1000.0	1000.0	1000.0	1000.0	415999	155.05232	10.154904	172.24818	-126.00606	155.05287	10.19746	174.0549	-127.472404	-5.0370746	1.0834233	53.188072	-13.853034	-155.935	2.9059756	12420.237967729568
105	669.33093	66.21188	716.7878	555.2243	785.384	36.35817	810.6857	711.40735	795.46	46.855957	902.0447	720.3146	791.5714	52.142155	902.30383	706.5038	1000.0	1000.0	1000.0	1000.0	419999	155.07669	10.277574	172.35492	-161.28047	155.07614	10.296584	172.30034	-113.139084	-5.0228257	1.1452602	60.567413	-14.104329	-155.9669	2.5728464	12537.920399188995
106	681.1975	54.864376	726.71655	587.44275	622.4576	2.9521956	627.02924	618.3037	625.8782	11.302821	646.9827	616.46295	626.3969	8.6029625	643.14545	618.66113	1000.0	1000.0	1000.0	1000.0	423999	155.27785	10.292906	172.48332	-117.70025	155.27763	10.30706	172.51527	-98.4692	-5.022709	1.1519357	45.054443	-13.377178	-156.1719	2.4473526	12658.937511920929
107	692.90314	32.538692	716.6213	636.9293	687.8751	47.499336	791.0434	614.4699	665.1002	52.937637	753.89386	614.10486	679.33923	54.262344	789.5281	615.5723	1000.0	1000.0	1000.0	1000.0	427999	155.34866	10.162843	172.54105	-76.92149	155.34875	10.185535	172.75519	-101.612976	-5.0271335	1.1298271	49.545555	-13.75471	-156.24684	2.4946225	12778.482228040695
108	660.91833	41.82898	701.56934	593.90125	726.42737	56.132526	802.87726	616.48016	690.1994	54.954533	799.1796	615.6301	678.59607	34.040615	711.3439	628.2353	1000.0	1000.0	1000.0	1000.0	431999	155.21945	10.160804	173.00076	-113.61717	155.22066	10.187401	173.15111	-76.80041	-5.0249596	1.1461769	50.98352	-12.092285	-156.10936	2.47154	12898.057193517685
109	700.4275	5.0467935	707.4196	693.2112	719.377	72.19423	805.661	629.174	730.18555	76.41779	806.05634	631.8975	711.55334	75.788376	804.88806	639.285	1000.0	1000.0	1000.0	1000.0	435999	155.31128	10.103753	172.4649	-124.426865	155.31165	10.134745	173.45052	-98.268974	-5.041199	1.1507398	55.14894	-14.004206	-156.19821	2.50768	13017.555934906006
110	709.65	6.364231	715.41693	699.0263	613.432	3.4169106	623.1975	610.1867	612.1172	1.2826463	614.1002	610.05396	613.21686	1.8301178	617.3047	611.57715	1000.0	1000.0	1000.0	1000.0	439999	155.53029	10.096261	173.42986	-120.104256	155.53058	10.106097	173.14674	-92.28579	-5.034639	1.104581	41.051888	-14.6356945	-156.41771	2.7495797	13138.925638198853
111	672.6715	21.300907	694.8517	637.77625	784.3237	29.001432	800.799	706.1399	787.03577	27.596403	800.0201	706.2116	792.20056	23.133564	800.7694	722.81793	1000.0	1000.0	1000.0	1000.0	443999	155.4598	10.199978	173.40733	-106.952576	155.45818	10.215145	173.44579	-101.39899	-5.0355787	1.1302563	67.323524	-12.572074	-156.35338	2.508944	13259.297667264938
112	722.2899	11.171852	734.8233	707.1201	765.9104	42.990242	804.33044	668.5254	793.34625	12.857647	804.8873	768.46606	787.8442	15.926068	805.77686	748.12756	1000.0	1000.0	1000.0	1000.0	447999	155.5396	10.15059	172.69269	-72.99514	155.53867	10.176516	171.794	-95.550896	-5.048865	1.0766674	49.722862	-13.178638	-156.42934	2.0785313	13378.754309654236
113	668.6741	64.53694	733.65955	561.29456	783.3607	35.752766	806.81604	679.3285	810.6529	49.57856	889.31976	745.0878	795.1794	25.548052	830.0138	745.69727	1000.0	1000.0	1000.0	1000.0	451999	155.78801	10.08093	173.69507	-100.6871	155.78789	10.11573	173.29906	-199.20584	-5.043853	1.1199065	43.15574	-13.753952	-156.68181	2.1505997	13495.403133630753
114	732.9868	39.99542	797.9021	693.0568	636.98694	13.880582	675.44775	626.0259	717.6571	63.999565	810.4605	631.4	712.3713	83.398415	812.6911	627.87006	1000.0	1000.0	1000.0	1000.0	455999	155.8454	10.13742	173.73369	-82.35694	155.84657	10.1721735	172.9297	-83.43853	-5.0454917	1.0970336	37.064987	-14.397486	-156.73894	2.3347898	13612.395923137665
115	626.59467	77.944115	709.3297	520.21246	640.6453	27.51213	713.96497	623.54193	633.8004	27.658543	715.2476	619.14246	632.51996	13.533546	667.7996	622.46295	1000.0	1000.0	1000.0	1000.0	459999	155.93234	10.122997	174.4948	-66.95269	155.933	10.16574	173.3178	-202.41513	-5.029446	1.1379921	42.251392	-14.105095	-156.81808	2.2888043	13735.344720363617
116	698.80676	16.070032	718.2604	676.861	643.0697	40.995705	706.3848	613.0877	650.01886	44.578197	706.6868	607.89984	649.1144	42.27117	704.83167	612.3125	1000.0	1000.0	1000.0	1000.0	463999	156.04118	10.043292	172.99463	-17.062153	156.04248	10.089114	172.70906	-73.99797	-5.0372586	1.1312221	45.279194	-11.808215	-156.92125	2.0391262	13853.791113376617
117	692.7764	7.499285	702.52997	683.33136	642.3242	27.126461	704.49194	613.1093	726.9747	60.982372	803.585	619.56757	621.33655	10.514284	652.3022	612.6176	1000.0	1000.0	1000.0	1000.0	467999	156.19415	10.010567	173.43074	-112.78333	156.19328	10.027733	172.92651	-70.51247	-5.041676	1.1110615	50.100548	-12.507013	-157.07913	2.2629797	13971.810243606567
118	671.4431	46.887035	727.6021	623.3944	742.7667	52.329273	797.2111	667.4631	765.2977	44.240788	798.8291	694.668	699.3307	51.288666	792.10486	615.4333	1000.0	1000.0	1000.0	1000.0	471999	156.34538	9.997463	174.71353	-100.60543	156.3459	10.039836	172.67896	-95.49169	-5.0346518	1.112167	43.200123	-13.338568	-157.23816	2.4476333	14090.408067703247
119	635.2929	55.359844	709.47125	561.72394	608.881	8.233627	621.41437	588.8243	620.51245	26.481579	689.88074	602.653	615.2187	10.401632	636.86646	607.4524	1000.0	1000.0	1000.0	1000.0	475999	156.30188	10.092397	173.54486	-81.3846	156.30249	10.105735	173.18134	-117.288635	-5.0279193	1.1297886	57.364098	-12.400711	-157.18303	2.4760025	14210.231754541397
120	664.0114	79.21208	736.89355	530.68475	792.8821	69.388016	898.9297	667.8429	818.9501	37.13607	894.23376	744.56024	832.83215	34.23318	898.17474	799.64594	1000.0	1000.0	1000.0	1000.0	479999	156.29558	10.062506	173.34811	-80.432915	156.29568	10.084025	172.91078	-101.73163	-5.0315976	1.1490661	49.829086	-12.017319	-157.19366	1.670964	14326.834890842438
121	718.0326	15.180065	742.63574	702.849	773.7142	36.352238	798.6228	695.70123	780.1858	23.898436	800.22705	724.2244	782.60486	20.52017	794.9009	725.6706	1000.0	1000.0	1000.0	1000.0	483999	156.57309	10.071062	177.97551	-82.98355	156.57211	10.079991	174.42503	-74.91611	-5.0367575	1.108683	73.005295	-13.027176	-157.46234	2.1263819	14447.400289535522
122	677.05566	57.19395	719.78314	580.4724	783.6119	28.992275	807.49854	719.51	793.4645	15.33058	808.4434	765.7419	784.70447	20.154444	807.553	746.72906	1000.0	1000.0	1000.0	1000.0	487999	156.70122	10.110281	174.91437	-88.63252	156.69978	10.1502075	174.1925	-159.98033	-5.034677	1.1069065	44.918236	-12.217941	-157.59393	2.647214	14572.10759305954
123	710.3784	8.959469	724.83813	701.74805	779.8969	30.965626	804.5355	712.6749	765.1032	31.5024	806.6012	713.86487	772.3828	30.343561	806.3434	727.13385	1000.0	1000.0	1000.0	1000.0	491999	156.65343	10.1834345	174.00308	-85.246376	156.6534	10.194373	174.51476	-99.12459	-5.0294714	1.0990117	46.40302	-11.984386	-157.5463	1.6353825	14710.587200641632
124	648.49445	31.885017	696.6738	607.4142	716.096	28.799782	802.2659	704.08325	756.23444	42.24062	818.7881	704.9494	708.5641	2.8337457	713.848	705.078	1000.0	1000.0	1000.0	1000.0	495999	156.75227	10.165275	173.9147	-98.853905	156.75143	10.202801	174.22906	-99.36996	-5.024819	1.1359129	55.51966	-12.615028	-157.62915	2.530226	14828.047423124313
125	646.6012	74.63033	713.7803	532.65314	807.2498	0.9820496	809.37573	805.8011	804.8453	1.537706	807.00995	802.3964	806.4984	0.6877813	807.5941	805.4148	1000.0	1000.0	1000.0	1000.0	499999	156.76035	10.174517	174.16508	-76.63887	156.75902	10.1877165	174.0648	-83.38227	-5.022555	1.1404872	56.35507	-12.653468	-157.64604	2.2098231	14946.674790859222
126	717.92163	22.890959	757.06854	698.97266	725.4613	24.599659	778.596	697.5674	748.5043	34.517742	799.6994	702.5478	733.5271	18.83859	754.70496	687.8109	1000.0	1000.0	1000.0	1000.0	503999	156.93391	10.209679	174.19734	-79.59958	156.93341	10.225947	174.498	-50.463646	-5.003681	1.1492717	42.79487	-13.430964	-157.82912	1.9849011	15068.090140104294
127	677.42145	27.026625	706.61	634.23395	763.75916	41.05097	801.5606	677.824	768.3049	56.333157	799.7601	609.70087	793.0829	6.9223843	800.3172	782.2037	1000.0	1000.0	1000.0	1000.0	507999	157.01382	10.098457	174.26288	-103.49925	157.01433	10.117845	174.1087	-98.40257	-5.0343323	1.0700111	44.70896	-12.185645	-157.90906	1.8051972	15186.083509922028
128	711.6702	40.934856	769.9746	657.9494	792.08093	75.50649	899.3353	705.69214	785.1884	79.38477	900.785	707.55927	814.6794	93.852005	900.10474	621.67694	1000.0	1000.0	1000.0	1000.0	511999	157.10677	10.048662	175.17009	-51.316135	157.10771	10.073435	174.75037	-58.926437	-5.0270753	1.094061	34.06653	-13.268534	-158.0032	2.15765	15306.889525651932
129	683.94507	39.93953	733.66724	626.75085	785.0001	41.17244	805.3105	665.6237	796.08746	9.963839	806.4669	771.55457	794.4744	15.6578665	805.3778	762.1236	1000.0	1000.0	1000.0	1000.0	515999	157.22919	10.145907	174.7417	-83.67028	157.22757	10.166601	174.32036	-68.30413	-5.0281715	1.0958843	29.255007	-12.01079	-158.11841	2.0154002	15427.007528066635
130	667.29156	54.074944	715.829	582.58325	835.9787	42.57318	901.10016	805.0364	844.2038	46.633205	901.915	802.77655	822.9957	31.83282	900.39246	805.5294	1000.0	1000.0	1000.0	1000.0	519999	157.31131	10.204488	175.06256	-84.277985	157.3113	10.206957	174.86838	-92.46235	-5.0347643	1.1048434	50.929016	-14.801524	-158.2063	1.7822964	15547.3196413517
131	708.3446	13.032139	728.56024	693.05963	806.78314	3.2677937	816.41266	804.8301	818.7805	26.113834	879.9857	804.2278	812.4598	17.908558	865.66846	803.5493	1000.0	1000.0	1000.0	1000.0	523999	157.4475	10.259574	175.55429	-154.13283	157.44731	10.259546	175.40285	-142.02798	-5.024338	1.0955513	36.94959	-12.549992	-158.33958	2.2822554	15669.914275407791
132	712.26013	38.301876	745.2055	648.20465	750.68335	64.13384	809.78534	637.9512	747.2353	50.884792	805.9122	625.07837	789.76953	27.661604	808.50006	715.10614	1000.0	1000.0	1000.0	1000.0	527999	157.68967	10.212842	176.54088	-69.45484	157.6888	10.223168	175.5548	-114.04333	-5.0357447	1.0756967	36.26745	-13.820095	-158.57419	1.8484926	15788.766709566116
133	696.8541	55.12903	754.19214	606.0941	720.274	80.993065	872.5187	632.94867	772.8324	103.98283	898.4381	622.66455	745.4599	73.78064	896.2846	630.49384	1000.0	1000.0	1000.0	1000.0	531999	157.7024	10.307913	176.40204	-137.09286	157.7005	10.323238	175.3927	-115.59605	-5.0294533	1.0999709	27.774363	-13.215826	-158.59113	1.9524105	15913.528793811798
134	715.14636	23.018507	745.1838	680.82416	869.0319	56.6881	994.24036	811.0894	908.7308	56.311478	1001.774	823.1334	891.30927	72.27976	999.99457	811.0138	1000.0	1000.0	1000.0	1000.0	535999	157.68214	10.285286	176.27208	-100.14509	157.68211	10.293808	174.92525	-119.66431	-5.0233335	1.1089611	54.711327	-13.269837	-158.5782	2.1022549	16036.062293767929
135	676.06793	71.93048	722.0032	551.58246	667.71967	45.818775	728.9066	607.5757	688.136	76.968285	802.0302	580.7122	628.725	46.74708	724.8659	567.1202	1000.0	1000.0	1000.0	1000.0	539999	157.89938	10.14063	175.99393	-36.235176	157.90166	10.168295	175.77206	-97.4233	-5.0390954	1.0714165	28.329433	-15.322702	-158.79291	2.4738793	16160.042799711227
136	706.8605	25.020334	746.1045	676.8619	749.5951	44.871265	808.3623	708.22015	751.5024	58.747066	899.788	688.446	732.32385	27.1795	803.6029	710.42883	1000.0	1000.0	1000.0	1000.0	543999	158.23622	10.101362	177.09521	-79.95898	158.23633	10.127732	175.91129	-158.40923	-5.0286546	1.0820696	41.422302	-12.56119	-159.13548	2.126038	16285.499331712723
137	747.5702	32.24219	786.3864	703.3698	779.6078	37.15854	867.72833	729.0149	806.2198	49.796394	898.1118	708.22894	795.53766	13.717592	828.6049	775.20996	1000.0	1000.0	1000.0	1000.0	547999	158.38918	10.045138	176.30806	-63.64175	158.38911	10.065245	176.07027	-114.90199	-5.0425653	1.071074	39.739063	-12.95227	-159.28087	2.0204341	16410.154039144516
138	724.95404	18.889008	744.8346	695.5945	592.5333	53.292744	703.535	510.72797	664.4177	61.471233	713.7681	517.7623	617.14795	60.01059	702.4386	521.01666	1000.0	1000.0	1000.0	1000.0	551999	158.14978	10.108964	175.80646	-53.547474	158.15204	10.151487	175.63202	-75.185265	-5.025641	1.1047709	50.290447	-13.058142	-159.04253	2.1722574	16538.72261404991
139	720.0977	24.663969	752.6489	683.1645	785.3839	38.665543	822.27734	720.5133	758.58704	37.655766	814.1771	696.82263	777.4313	26.422262	827.0186	721.2821	1000.0	1000.0	1000.0	1000.0	555999	158.07877	10.096201	175.68074	-65.564064	158.07954	10.114499	175.4042	-114.46371	-5.0353456	1.081734	27.00231	-13.6498165	-158.96603	2.368853	16666.580512285233
140	717.4227	18.2104	733.34045	686.6182	798.1529	4.743668	800.7324	784.12396	776.1419	31.619299	801.07855	709.9594	797.4136	3.9739652	801.34076	789.1166	1000.0	1000.0	1000.0	1000.0	559999	158.12292	10.009382	175.37604	-45.22188	158.12495	10.035751	175.47318	-86.361885	-5.0651135	1.0503031	29.390663	-13.08608	-159.00635	2.1956928	16793.214635849
141	709.9528	9.019872	719.3581	697.85077	797.16785	14.111498	804.53577	757.4252	794.8056	12.226865	804.95087	767.2097	797.51904	15.673148	810.5765	754.59247	1000.0	1000.0	1000.0	1000.0	563999	158.06198	10.067061	174.9552	-75.32204	158.06226	10.106567	174.76682	-96.73518	-5.0459194	1.0686411	38.5086	-13.241552	-158.94543	2.0876951	16936.215958833694
142	687.8794	23.57175	721.9862	655.6013	794.32605	82.050896	907.59015	640.24054	774.4754	56.720764	904.05005	690.86346	763.1097	39.475365	804.2968	705.31036	1000.0	1000.0	1000.0	1000.0	567999	158.16434	10.055326	175.95769	-99.469	158.16505	10.125387	174.78961	-139.76971	-5.038016	1.0682073	36.452393	-14.152289	-159.04338	2.218265	17053.578540563583
143	711.1328	22.678967	737.9382	680.91785	798.3847	8.739395	805.47034	774.29083	790.99475	16.740032	804.6708	744.683	792.62775	8.670456	803.7477	779.36755	1000.0	1000.0	1000.0	1000.0	571999	158.52225	10.041964	176.55965	-98.714615	158.52296	10.065737	176.9098	-105.1474	-5.0335126	1.0694788	39.305943	-13.517191	-159.40651	1.9592417	17177.40554499626
144	733.49786	22.046383	771.67346	720.04645	813.6491	67.16497	901.6397	706.7489	806.7154	68.920586	899.0438	667.42114	775.4596	60.46683	806.17413	615.1496	1000.0	1000.0	1000.0	1000.0	575999	158.722	9.976541	176.84651	-68.68734	158.72243	9.99569	176.20923	-135.64485	-5.0414686	1.0627009	35.455647	-14.040707	-159.60446	1.9054939	17294.496339559555
145	710.3512	13.872317	734.1938	699.79785	795.17615	3.6255965	802.60693	788.4873	796.04974	5.4222107	805.8901	789.57605	791.1459	10.9408	802.7377	764.2524	1000.0	1000.0	1000.0	1000.0	579999	158.91974	9.960866	176.91167	-80.4961	158.91951	9.971004	176.39682	-130.08762	-5.0344844	1.0915648	42.57024	-12.774889	-159.80693	1.6254709	17410.210196495056
146	685.90796	60.637146	775.36444	612.9542	692.113	29.17156	744.30945	654.48114	744.23254	49.175297	808.5386	665.98975	720.47437	49.032684	803.2696	662.65533	1000.0	1000.0	1000.0	1000.0	583999	158.97525	10.030536	176.43358	-70.77241	158.9741	10.058125	176.1494	-140.96463	-5.04986	1.0587293	40.34107	-17.131672	-159.86131	1.8238167	17530.487421512604
147	702.7206	29.018457	721.8956	652.5332	701.0874	64.64104	796.8508	615.74066	685.46625	51.747166	760.40234	608.4413	739.42413	45.506573	795.4936	665.1544	1000.0	1000.0	1000.0	1000.0	587999	159.09769	10.001752	176.8486	-94.13373	159.09846	10.011924	176.79836	-94.62437	-5.0631185	1.0262064	28.242416	-12.092565	-159.9857	1.3692536	17656.87787771225
148	695.3794	6.1272926	705.6023	689.487	802.60156	0.8894222	803.845	800.6512	802.4589	1.5379686	804.5928	799.4844	801.8976	0.7226143	802.98535	800.1083	1000.0	1000.0	1000.0	1000.0	591999	159.21713	9.867275	177.4799	-28.402765	159.21602	9.885403	176.39066	-106.07993	-5.0574937	1.048581	39.00619	-12.372964	-160.10272	1.7095371	17773.50260734558
149	717.9166	19.799318	748.06934	694.181	694.2732	55.834816	770.8045	619.10767	664.81226	48.845875	741.6881	611.7898	641.7273	38.36926	752.8496	612.962	1000.0	1000.0	1000.0	1000.0	595999	159.28143	9.8247175	177.63574	-59.862534	159.28085	9.851731	176.391	-113.60998	-5.065291	1.043662	37.484985	-11.085841	-160.16618	1.807278	17894.461075782776
150	678.1798	60.23223	738.4803	577.9975	725.9211	27.131271	780.01855	704.8868	740.30396	30.963295	793.1007	704.6833	731.6595	32.92432	787.4638	703.4369	1000.0	1000.0	1000.0	1000.0	599999	159.44855	9.745764	177.02779	-77.8587	159.44843	9.7600975	176.77135	-93.92086	-5.050781	1.0640261	47.14993	-11.371008	-160.33156	1.7497559	18015.704160690308
151	721.8014	14.923147	739.01086	700.48804	798.0419	1.9487358	800.48175	794.40497	797.5786	10.597596	811.43243	776.0082	787.7417	26.813597	800.8628	708.3913	1000.0	1000.0	1000.0	1000.0	603999	159.53812	9.906342	177.79251	-89.87715	159.53783	9.926633	176.419	-137.44612	-5.033073	1.0853904	41.30914	-13.895494	-160.43169	1.7785683	18147.11225962639
152	724.9412	7.79707	732.1556	712.3421	735.62506	34.23326	798.3529	677.90906	725.7981	51.33185	791.83984	653.34235	722.2657	34.907345	786.676	670.6614	1000.0	1000.0	1000.0	1000.0	607999	159.44914	9.94728	177.3263	-66.29494	159.45013	9.959004	176.31201	-95.92061	-5.046553	1.0583467	36.706955	-12.340429	-160.33719	1.8468916	18268.43013882637
153	691.7869	69.98227	747.927	571.7903	820.9496	22.59844	847.24097	775.99133	833.73016	25.473787	886.71606	802.4849	832.2108	12.255783	854.16986	816.18384	1000.0	1000.0	1000.0	1000.0	611999	159.51892	9.913339	176.7613	-43.869392	159.52005	9.952467	176.07123	-151.1939	-5.04677	1.0851429	50.66386	-12.033163	-160.4038	1.8223772	18390.49161338806
154	731.474	30.544664	772.04675	687.2925	689.9061	47.923073	797.99713	628.00024	741.3815	64.873474	801.7956	615.0769	685.748	55.73932	794.14496	624.56323	1000.0	1000.0	1000.0	1000.0	615999	159.79845	9.892045	177.05632	-124.54271	159.79788	9.926868	176.76785	-142.93575	-5.0377235	1.0665854	42.76648	-13.080606	-160.68431	2.0923877	18510.081220149994
155	719.1019	20.74119	748.3533	689.72034	802.7883	13.773269	820.1397	763.6562	815.7706	48.368755	901.3955	708.1734	822.00696	34.40172	898.9692	802.5206	1000.0	1000.0	1000.0	1000.0	619999	159.81175	9.946616	178.49783	-116.348305	159.81256	9.953417	177.62431	-57.067783	-5.046308	1.078925	45.375908	-12.9115505	-160.70604	2.0475082	18634.45490169525
156	715.3583	33.284847	748.1342	670.5259	712.4652	12.921234	751.09985	705.7175	717.64545	32.16086	802.80896	686.4867	725.2267	28.950623	802.73956	705.01355	1000.0	1000.0	1000.0	1000.0	623999	159.73567	9.987301	178.01944	-181.61185	159.73515	9.992376	177.30751	-164.10133	-5.0632124	1.0506989	43.586903	-14.961178	-160.62994	1.903795	18760.49933886528
157	725.0876	3.2804406	729.963	721.3913	753.6311	37.645622	807.158	708.234	783.6659	58.954197	895.3776	695.5332	739.38367	35.12488	805.8406	706.86896	1000.0	1000.0	1000.0	1000.0	627999	159.73491	9.935757	176.74413	-144.10617	159.7364	9.947257	176.9659	-117.6919	-5.049261	1.075888	50.58941	-12.751614	-160.62538	1.8910329	18889.42745256424
158	735.2469	14.57865	758.6123	718.4397	713.3675	17.884546	738.2973	671.94714	715.07654	21.178814	754.0725	679.951	708.09314	4.9187913	720.6401	704.6014	1000.0	1000.0	1000.0	1000.0	631999	159.85202	9.849563	179.67224	-97.14188	159.85136	9.8649	176.81667	-142.82472	-5.040413	1.0667033	49.889492	-12.926065	-160.74371	2.2031782	19008.469141960144
159	715.66016	53.2931	792.9971	646.626	792.14935	8.643077	801.2425	776.25574	818.49744	39.999493	897.8342	781.57587	794.4562	8.477664	801.0762	775.93396	1000.0	1000.0	1000.0	1000.0	635999	160.06195	9.800151	178.2215	-18.394838	160.06114	9.830489	177.0668	-104.29956	-5.0483	1.0433489	37.683422	-13.860089	-160.95833	1.7031438	19129.033559799194
160	701.3978	32.24529	730.01306	646.6514	778.28516	34.056194	801.6813	710.0539	775.9857	36.61883	802.6914	706.4143	781.05676	32.887432	802.9485	707.5166	1000.0	1000.0	1000.0	1000.0	639999	160.15805	9.868228	178.26302	-95.20506	160.15714	9.886816	177.81328	-87.44721	-5.05096	1.0427356	46.29698	-13.382671	-161.05768	1.5863864	19249.679325580597
161	725.0923	38.323467	773.74084	671.47546	870.2799	48.47792	1001.4704	808.1368	872.8407	43.654896	941.6165	810.62354	892.1134	42.28987	977.8456	811.1708	1000.0	1000.0	1000.0	1000.0	643999	160.33595	9.752254	178.01277	-93.62373	160.33492	9.778786	177.72502	-75.68807	-5.0556707	1.0482188	45.989536	-12.112488	-161.23972	1.7667537	19368.15482354164
162	712.5538	31.460339	740.19867	659.6502	781.0368	67.59691	892.6991	708.88434	773.92554	56.65562	899.6097	713.9416	755.1759	29.081467	805.795	716.77484	1000.0	1000.0	1000.0	1000.0	647999	160.53294	9.781454	179.27182	-170.28505	160.53185	9.783829	178.73131	-64.80754	-5.064357	1.0407202	43.057377	-12.6208935	-161.42729	1.9376768	19503.391602277756
163	742.52466	32.90238	798.0038	712.1675	774.2096	45.874218	853.5765	716.5074	800.47314	31.179585	871.96765	746.0173	767.6027	37.387714	809.1419	716.33905	1000.0	1000.0	1000.0	1000.0	651999	160.74158	9.789342	178.8423	-39.414623	160.73956	9.837511	179.51877	-148.87561	-5.0416913	1.0809623	46.219864	-14.635197	-161.64186	1.9381666	19624.137078285217
164	732.5165	29.133646	768.38586	694.84534	798.3941	3.9423335	803.16986	787.26965	796.7728	6.819557	803.6213	778.80853	798.1344	3.840303	802.7756	788.2612	1000.0	1000.0	1000.0	1000.0	655999	160.72485	9.815392	179.96275	-79.03729	160.72403	9.819544	179.99152	-60.752674	-5.058516	1.0322906	44.288494	-12.084396	-161.60753	1.2869544	19744.74600124359
165	726.4552	38.602154	779.87067	685.6426	798.2459	5.2349334	805.24585	787.81146	797.2905	7.871113	805.1804	780.5541	801.6033	9.546342	826.31866	789.11273	1000.0	1000.0	1000.0	1000.0	659999	160.62135	9.904828	183.4038	-62.337524	160.62201	9.922246	182.91278	-91.97197	-5.051226	1.0607361	66.32092	-13.192289	-161.5246	1.5285395	19868.539583683014
166	702.47986	22.616201	734.418	670.8589	813.4153	23.11908	874.2378	796.4431	823.77625	30.02868	895.044	781.9633	815.081	16.285427	849.4694	796.6133	1000.0	1000.0	1000.0	1000.0	663999	160.64914	9.856754	179.18083	-109.86617	160.64871	9.869601	179.97179	-103.645386	-5.0640693	1.0174556	35.537315	-13.631756	-161.55469	1.8100308	19987.359586000443
167	738.7666	7.655024	750.09894	728.8683	786.7626	30.149578	806.0255	711.01117	794.96954	74.52828	875.2937	586.75616	787.6049	52.593803	808.63	629.9992	1000.0	1000.0	1000.0	1000.0	667999	160.78252	9.781063	180.55849	-79.015976	160.78131	9.780708	183.51424	-73.88788	-5.0684958	1.0174598	52.496315	-12.255615	-161.67725	1.4519011	20106.83966612816
168	738.7747	23.717016	779.6058	721.0833	902.81854	2.6844814	907.71954	898.1062	886.7643	40.45363	906.6031	765.9454	899.69354	3.0530589	904.99164	894.8869	1000.0	1000.0	1000.0	1000.0	671999	160.87012	9.836647	179.82397	-103.79512	160.87015	9.8488	178.3173	-108.44867	-5.0783257	1.0257843	33.94622	-13.327172	-161.76634	1.730104	20228.16840171814
169	732.73706	53.967068	809.21234	656.7745	684.45087	35.267754	710.1378	614.4575	687.7575	34.22821	731.79114	626.4369	687.0044	33.86836	751.89606	635.01483	1000.0	1000.0	1000.0	1000.0	675999	160.88756	9.884547	179.3492	-140.83916	160.88715	9.883627	179.24571	-107.53536	-5.0631742	1.0535862	41.197544	-13.613125	-161.78038	1.6760923	20346.772280931473
170	701.34045	43.964233	744.09656	628.3304	789.9343	16.809023	801.4017	742.29095	786.69275	16.44523	801.5135	752.5044	786.97675	15.489708	801.569	754.9448	1000.0	1000.0	1000.0	1000.0	679999	160.80952	9.913857	179.56032	-74.56373	160.80922	9.923599	179.10889	-74.00278	-5.063511	1.0466647	42.58731	-12.702814	-161.70407	1.7407559	20469.23046016693
171	667.0041	70.824646	740.19464	549.9337	911.7762	68.9651	996.9824	804.0041	919.4027	97.703125	1001.1299	656.4159	897.329	72.391396	998.473	801.1867	1000.0	1000.0	1000.0	1000.0	683999	160.84686	9.855522	178.92079	-33.010677	160.84521	9.892507	180.54874	-141.62605	-5.0530047	1.0726417	50.15933	-13.748759	-161.73232	2.1607482	20604.479655742645
172	661.5948	68.95172	742.1611	587.40967	795.7169	9.995226	805.91254	768.20056	798.3087	46.341583	898.9823	692.7713	800.48926	8.305009	822.06964	792.5614	1000.0	1000.0	1000.0	1000.0	687999	160.83717	9.894643	178.19803	-142.32005	160.83772	9.892454	178.48965	-76.18432	-5.062892	1.0397557	46.068672	-13.191322	-161.73468	1.5954363	20733.43015551567
173	711.26294	37.92827	749.35895	648.6519	899.2093	1.886135	901.04254	894.5347	894.97375	6.9226227	903.293	882.7638	881.81836	27.454908	900.8788	803.41876	1000.0	1000.0	1000.0	1000.0	691999	160.8383	9.964486	179.25014	-102.48587	160.8382	9.9784355	178.99329	-100.30959	-5.0612493	1.0564384	42.00125	-12.471291	-161.729	1.6957686	20852.946396827698
174	677.1052	56.783962	733.08575	591.98553	921.3707	71.91364	1005.42224	747.49677	896.4004	73.62273	1003.959	736.42334	956.93866	53.481327	1004.52606	860.9317	1000.0	1000.0	1000.0	1000.0	695999	160.88747	9.874359	184.87312	-120.06979	160.88573	9.908929	189.2559	-231.48193	-5.0616455	1.0340782	51.131897	-15.41399	-161.77219	1.9843215	20971.054751634598
175	704.15735	34.11816	751.0941	660.4485	818.38	90.4101	996.3119	713.0468	824.7379	69.85478	935.7725	714.4672	804.99023	77.10699	900.5187	716.5545	1000.0	1000.0	1000.0	1000.0	699999	160.8541	9.860901	191.46577	-58.13287	160.8536	9.872036	191.2316	-87.70443	-5.0667233	1.0397583	39.030483	-11.881129	-161.73584	1.3959488	21088.245389699936
176	738.5327	42.731815	785.7206	671.5925	734.8954	16.329376	762.2616	713.98444	750.6655	42.009163	840.6288	712.5696	748.9984	25.790802	793.13226	713.0787	1000.0	1000.0	1000.0	1000.0	703999	160.8275	9.919476	182.39822	-113.740906	160.82817	9.9089	181.45876	-68.681114	-5.067866	1.0273901	48.41581	-12.763708	-161.71678	1.3976876	21211.242675065994
177	728.9789	74.54595	788.3167	604.25604	799.3274	4.489323	803.5893	790.44617	813.5795	39.739353	931.1754	790.69556	800.6913	5.3698344	803.5483	785.3295	1000.0	1000.0	1000.0	1000.0	707999	160.85745	9.939383	180.2381	-91.83787	160.85622	9.951341	180.8355	-93.23702	-5.044884	1.0786445	51.23639	-12.441456	-161.74634	1.4340297	21335.16803908348
178	738.786	28.202728	778.8433	699.09766	733.57043	25.485085	789.5912	709.16693	765.6845	52.211357	866.06006	708.6076	721.50275	28.091652	793.1761	673.6949	1000.0	1000.0	1000.0	1000.0	711999	160.81795	9.939957	178.2078	-97.31319	160.81775	9.953582	178.42677	-196.47519	-5.0765777	1.0053529	33.522404	-13.745104	-161.6976	1.6768333	21454.177041769028
179	778.15515	39.712482	817.90173	725.7785	821.8714	19.85424	846.57056	788.13696	823.1258	22.941668	865.3287	779.7328	815.7997	16.745108	847.92096	798.4319	1000.0	1000.0	1000.0	1000.0	715999	160.806	9.95725	178.09952	-52.80929	160.80573	9.955612	177.69162	-41.216385	-5.0586414	1.0691167	56.029324	-12.659952	-161.69113	1.2570833	21572.35172891617
180	741.35767	41.477993	809.78186	700.7811	785.24023	19.322252	805.12085	755.44794	771.10394	32.16057	804.6571	709.96576	780.5219	16.991116	795.8111	751.63916	1000.0	1000.0	1000.0	1000.0	719999	160.9085	9.907147	181.23018	-180.0811	160.90874	9.926307	181.64969	-160.33464	-5.0559206	1.073212	39.45729	-12.687517	-161.79121	1.6230268	21690.34160876274
181	652.3843	62.244774	757.3086	594.4355	693.533	121.88309	907.5485	510.15402	747.2671	68.60084	811.41766	616.26965	769.4106	87.45567	907.60425	586.6412	1000.0	1000.0	1000.0	1000.0	723999	160.9213	9.964876	191.86185	-104.21062	160.92116	9.977694	191.64047	-102.59682	-5.0585656	1.0753795	54.191998	-11.991281	-161.80504	1.6853486	21812.25775361061
182	758.3398	27.386587	795.69666	723.1109	774.7502	73.19985	896.2113	609.42206	733.17615	84.67118	813.94745	554.7424	763.6697	73.35693	864.78687	586.59845	1000.0	1000.0	1000.0	1000.0	727999	160.87743	9.898944	184.51633	-15.566985	160.87668	9.906883	186.14877	-48.637066	-5.0565085	1.078754	85.84777	-12.887582	-161.76723	1.2932456	21931.500632047653
183	707.81354	73.18695	775.9326	584.4373	809.48016	20.84232	871.79987	798.1723	809.87085	55.924435	904.32166	715.1109	848.5983	45.95999	904.93994	802.28033	1000.0	1000.0	1000.0	1000.0	731999	160.96931	9.864393	186.7295	-57.439445	160.96883	9.87444	187.43948	-143.45567	-5.0575466	1.0321724	49.47718	-13.225462	-161.8559	1.4035118	22052.035680294037
184	681.8538	51.301235	728.7736	602.0158	838.0189	18.487833	882.48883	813.96063	873.73987	30.691027	901.29553	800.77045	842.6749	20.522228	880.22784	810.6038	1000.0	1000.0	1000.0	1000.0	735999	161.00996	9.850772	184.21944	1.0159901	161.01038	9.854382	192.67026	-58.77743	-5.072388	1.051885	51.345932	-12.827593	-161.89163	1.2927251	22176.22686290741
185	702.4542	47.096195	740.5871	622.1614	824.75946	34.02357	891.4721	787.81696	814.3768	35.668056	893.31604	774.05	807.61993	28.370438	889.8435	776.80865	1000.0	1000.0	1000.0	1000.0	739999	161.13284	9.835419	195.47668	-56.869137	161.13219	9.844525	197.3193	-74.10585	-5.068667	1.0136435	42.51101	-12.390097	-162.01991	1.4044248	22299.111394882202
186	702.2947	50.23986	736.9275	615.5226	814.2525	32.66157	881.7158	765.2264	781.51843	61.94371	861.8131	622.69727	809.77704	40.56195	903.0778	752.9726	1000.0	1000.0	1000.0	1000.0	743999	161.16843	9.837251	188.81837	-42.055237	161.16864	9.843591	191.80006	-133.08003	-5.0720263	1.016058	51.969353	-12.091002	-162.05676	1.6942768	22421.82914495468
187	710.2102	32.407402	742.01276	656.3291	804.4799	10.021117	819.25323	783.888	794.3168	66.153625	898.83856	628.86334	797.23865	32.03257	825.6655	712.2178	1000.0	1000.0	1000.0	1000.0	747999	161.24155	9.805301	193.69476	-71.19264	161.24155	9.809185	188.76845	-90.78003	-5.058064	1.0560205	57.99967	-13.47546	-162.1329	1.6584898	22549.056619644165
188	709.94617	96.24326	795.58167	550.6069	843.9704	51.8836	902.0308	752.5734	856.22723	55.51858	953.4076	780.87756	798.0545	27.190987	847.0431	762.5401	1000.0	1000.0	1000.0	1000.0	751999	161.29831	9.90542	187.24074	-39.233994	161.29768	9.915159	193.65498	-90.41923	-5.052025	1.0394465	49.51053	-12.208426	-162.18935	1.5526648	22670.861930131912
189	744.6768	24.30563	785.47473	722.3689	817.4938	45.817867	885.6348	715.0791	761.4832	79.61432	884.43994	631.74207	792.1697	46.222008	851.68024	702.59015	1000.0	1000.0	1000.0	1000.0	755999	161.34612	9.865438	194.3344	-87.04824	161.34584	9.879988	189.25813	-91.83281	-5.0628705	1.0208417	42.77174	-14.656012	-162.24391	1.6208231	22788.34495830536
190	741.76434	24.596174	783.2534	718.8387	893.9136	45.756237	995.37756	796.5587	900.182	79.71785	994.9035	743.5454	865.95233	58.08307	912.02673	730.3218	1000.0	1000.0	1000.0	1000.0	759999	161.45534	9.873952	186.42503	-5.384997	161.45535	9.894527	183.96536	-75.8371	-5.05058	1.055594	62.162003	-14.864306	-162.35281	1.4603812	22907.126023054123
191	672.98865	42.157085	734.24615	622.4525	948.62384	46.116253	999.2907	901.5801	918.4235	31.892914	982.1724	900.6028	905.3451	6.775921	925.4814	901.822	1000.0	1000.0	1000.0	1000.0	763999	161.53642	9.930249	185.16983	-34.61911	161.53555	9.94384	188.35661	-65.2837	-5.043091	1.1033099	55.853676	-12.17762	-162.4342	1.6457063	23024.661208868027
192	722.7428	30.044079	768.70447	694.61865	935.2624	43.72386	1000.0851	889.5445	927.8384	62.75596	999.9851	810.0676	943.9578	45.37826	999.0085	900.30615	1000.0	1000.0	1000.0	1000.0	767999	161.61572	9.94047	184.72015	0.2106551	161.61441	9.973208	190.66043	-171.94699	-5.0536118	1.0663399	69.07631	-11.372344	-162.50325	1.7011684	23142.770474672318
193	754.6776	40.450035	797.93463	710.18726	781.6859	26.333513	805.3508	726.2377	778.39307	34.694782	807.4526	699.66736	779.2079	26.818941	804.17584	725.8043	1000.0	1000.0	1000.0	1000.0	771999	161.61943	9.967212	196.52365	-9.433381	161.61871	9.974628	195.452	-94.487144	-5.057028	1.0364069	48.93215	-13.303928	-162.49895	1.4351541	23261.92245030403
194	718.4272	31.449583	740.0189	664.22644	784.1486	55.023285	901.8405	717.62024	801.547	82.11724	902.7731	700.39844	813.21844	58.674507	870.0646	697.0469	1000.0	1000.0	1000.0	1000.0	775999	161.65974	9.821722	185.6168	0.9978422	161.65948	9.824282	186.32169	-34.308716	-5.072568	1.0191935	40.28298	-14.466524	-162.55197	1.1861475	23379.267551660538
195	734.4188	11.6266775	750.61206	718.648	989.2197	28.724007	1001.01605	903.3738	972.6987	46.30317	1003.12494	870.82776	976.4622	31.042583	1001.5689	914.44135	1000.0	1000.0	1000.0	1000.0	779999	161.71812	9.860177	185.23944	0.99839425	161.71779	9.887243	185.79852	-149.12819	-5.053789	1.0610057	42.81434	-13.659931	-162.60338	1.6106768	23494.98706293106
196	774.14703	23.564852	804.61017	738.4425	815.44305	62.37087	900.6812	674.9769	815.58923	95.41282	997.6662	585.0195	856.9813	50.82792	913.12335	735.5829	1000.0	1000.0	1000.0	1000.0	783999	161.78712	9.865343	181.83833	-8.183958	161.78741	9.87852	182.55524	-44.40234	-5.05595	1.0434252	54.333794	-13.432735	-162.67764	1.4761262	23613.24952340126
197	745.32605	34.562714	783.64923	689.194	886.1004	43.710445	1000.91693	835.3865	893.18225	46.00821	999.5818	826.511	864.30255	34.308872	909.7587	813.0383	1000.0	1000.0	1000.0	1000.0	787999	161.93777	9.90603	188.914	-19.81961	161.9379	9.922574	188.5135	-74.10548	-5.0493646	1.0597129	39.062584	-12.206524	-162.82025	1.5591712	23737.314235925674
198	739.8965	32.58238	789.97125	709.0972	927.85645	35.274788	1005.6435	905.6892	921.88	79.44052	1007.12164	765.0378	943.07385	45.962223	1007.1167	867.9789	1000.0	1000.0	1000.0	1000.0	791999	162.00243	9.916288	192.75894	-47.641193	162.00111	9.942868	191.60101	-151.26178	-5.0363393	1.1168543	67.72369	-12.983833	-162.89265	1.4748696	23853.713817358017
199	763.3446	25.471642	803.0975	732.1452	750.2884	34.7827	806.75995	711.5849	761.71924	85.33816	898.828	619.0141	759.1777	70.94243	898.59424	705.2688	1000.0	1000.0	1000.0	1000.0	795999	162.04872	9.945521	201.53297	-0.7225443	162.04845	9.945999	201.31783	-126.932655	-5.052743	1.0571004	39.72574	-11.549049	-162.93147	1.6594982	23971.852161169052
200	728.7014	26.17226	759.6861	693.87946	772.99744	34.98514	808.542	712.7582	795.5885	45.220303	900.90674	709.4572	791.30383	29.751472	813.6862	708.5772	1000.0	1000.0	1000.0	1000.0	799999	162.12425	9.978042	198.40744	-26.327831	162.12402	9.988079	199.53802	-77.22946	-5.046635	1.0884848	71.74258	-12.992489	-163.0071	1.3261607	24090.013872623444
201	696.33215	47.492878	771.04333	640.0801	890.4214	30.792566	910.6648	820.941	868.263	43.71596	908.6019	805.38477	879.91846	38.89655	916.71484	815.1065	1000.0	1000.0	1000.0	1000.0	803999	162.16475	9.991623	200.97339	-58.278744	162.1644	9.997635	207.60567	-75.37607	-5.0514936	1.0386958	43.145	-12.669679	-163.05588	1.2909037	24208.307937145233
202	699.56946	66.71356	751.1327	584.8872	805.3297	30.625147	864.6306	734.50214	791.68933	34.21199	853.0536	737.8923	785.7352	28.18741	810.68555	717.82495	1000.0	1000.0	1000.0	1000.0	807999	162.18428	9.868927	194.09724	-11.977566	162.18398	9.880274	197.817	-95.88141	-5.0476646	1.0471598	36.98447	-15.412625	-163.07132	1.231293	24325.97211575508
203	774.45374	26.03314	808.84955	735.57294	892.138	27.012972	906.06274	815.60297	885.1245	35.357895	908.2056	809.0647	884.9136	29.987244	906.91437	818.387	1000.0	1000.0	1000.0	1000.0	811999	162.24825	9.841806	193.28293	-10.854081	162.24805	9.852616	192.83278	-50.779366	-5.0728006	1.0313269	44.134773	-12.568706	-163.1358	1.2009561	24443.60370874405
204	727.2177	54.16694	809.23975	657.819	980.93616	37.159496	1002.8708	905.8744	989.491	28.855413	1000.70935	902.98456	989.7627	28.970543	1003.9352	903.16815	1000.0	1000.0	1000.0	1000.0	815999	162.36719	9.7795315	201.91791	-23.284853	162.36658	9.807429	199.4045	-155.46138	-5.069204	1.0476966	68.63147	-13.059884	-163.25403	1.3679807	24561.351803541183
205	762.3594	52.844822	820.3772	682.19165	723.2145	87.453766	875.5523	614.0669	695.01624	65.021255	859.5551	631.59924	708.8419	85.98457	898.0229	617.35614	1000.0	1000.0	1000.0	1000.0	819999	162.46414	9.794566	183.49048	-21.85876	162.46465	9.802332	186.15598	-79.051994	-5.058615	1.0869851	51.99038	-13.709291	-163.35558	1.254547	24681.25536966324
206	758.7743	59.81946	804.07874	656.46796	759.99146	45.41112	878.84283	718.87933	750.0541	36.069332	806.68634	712.2544	749.8088	23.84885	797.7483	717.77576	1000.0	1000.0	1000.0	1000.0	823999	162.44054	9.89198	194.15724	-6.4851794	162.4398	9.914178	187.81812	-142.42924	-5.0438886	1.0994122	76.49789	-12.6820755	-163.32329	1.59613	24800.628097057343
207	729.6685	34.06835	760.745	672.08466	794.08734	18.459105	807.5109	747.04083	773.9863	33.236042	807.9902	712.075	804.33704	3.5005856	808.318	797.4957	1000.0	1000.0	1000.0	1000.0	827999	162.4417	9.871881	187.4943	0.987433	162.44093	9.888085	187.7451	-82.81409	-5.0684834	1.0520786	64.040375	-12.772617	-163.33084	1.3122313	24921.465560913086
208	721.41406	45.763443	777.6387	651.7041	823.3415	39.99118	900.0195	780.78705	819.84796	35.216373	901.1346	777.1585	833.4001	44.416355	906.01764	795.87067	1000.0	1000.0	1000.0	1000.0	831999	162.41006	9.842855	183.76012	-2.7920032	162.41016	9.85135	185.11444	-99.652504	-5.070156	1.0557264	59.664513	-12.1842785	-163.29616	1.3422433	25039.01566195488
209	732.8655	49.473232	810.8065	673.327	808.9152	31.65189	899.9493	781.337	797.11646	50.209255	888.01556	681.3266	810.0836	24.265003	870.8477	787.1536	1000.0	1000.0	1000.0	1000.0	835999	162.50694	9.755242	181.93655	0.99277794	162.50719	9.76137	181.5908	-116.107	-5.081558	1.02568	61.50714	-12.703989	-163.39452	1.4335442	25156.108800411224
210	751.3185	17.251085	769.8495	725.61835	821.68665	32.147583	903.73425	803.9219	808.1568	8.380266	826.8184	799.936	832.9383	42.629574	899.0963	803.24994	1000.0	1000.0	1000.0	1000.0	839999	162.56589	9.816301	181.60068	-8.487831	162.5667	9.833083	181.63855	-119.04769	-5.057173	1.0731943	58.804146	-12.764144	-163.45518	1.6923398	25275.782798290253
211	751.41113	35.5548	809.6108	720.105	850.38995	83.633644	993.27814	720.93243	879.776	112.956184	1005.60455	717.39166	899.2964	113.61918	1004.864	715.91144	1000.0	1000.0	1000.0	1000.0	843999	162.74702	9.839512	181.84146	0.9959434	162.7469	9.86176	181.70497	-76.53461	-5.064889	1.0087132	38.990067	-12.571936	-163.64146	1.5076526	25393.17734527588
212	743.4339	69.053955	816.19806	631.7223	877.45276	51.94268	979.13257	807.8909	879.6918	51.70712	995.3202	809.35785	883.33215	29.827003	917.6462	829.9265	1000.0	1000.0	1000.0	1000.0	847999	162.90985	9.778114	182.04785	-16.41429	162.91017	9.796939	181.57498	-120.877716	-5.06358	1.0307779	40.324375	-12.465876	-163.81015	1.1810886	25513.36705970764
213	758.71954	79.02461	828.23816	631.7266	794.3994	29.964527	813.1577	711.14545	801.5261	46.912556	896.5407	711.12634	820.1789	19.82331	863.6911	805.3926	1000.0	1000.0	1000.0	1000.0	851999	162.98618	9.829168	181.91785	-10.377749	162.9856	9.844914	181.1152	-104.95756	-5.062736	1.0382727	46.17836	-13.629599	-163.8839	1.5230697	25633.994985342026
214	772.37506	60.103523	824.6231	677.286	807.9623	33.896496	839.4074	726.6798	783.5734	37.772594	823.4039	713.44977	821.1417	29.820864	860.39667	762.9133	1000.0	1000.0	1000.0	1000.0	855999	163.021	9.848357	182.6745	-12.379181	163.02087	9.850075	181.40976	-68.09771	-5.0696993	1.0085603	50.992302	-14.150284	-163.91397	1.0729996	25752.271294355392
215	793.64996	23.741055	830.7214	764.57654	930.7777	40.793476	1003.3808	874.837	924.31824	42.732414	1007.2218	861.09076	925.1415	39.373154	1002.9601	883.78296	1000.0	1000.0	1000.0	1000.0	859999	163.00053	9.917422	181.44455	-64.67113	162.99998	9.926895	181.52068	-83.562	-5.0632234	1.0404388	69.08532	-12.367712	-163.89052	1.2073963	25869.555955648422
216	665.03595	47.08386	740.6167	611.1965	876.52136	65.268166	971.6574	765.6922	862.743	95.50419	998.21246	627.98193	874.5531	97.28483	996.2172	700.1502	1000.0	1000.0	1000.0	1000.0	863999	162.98788	9.901147	181.51117	-5.312644	162.98727	9.894307	181.95848	-73.579834	-5.076269	1.0007	46.536415	-12.091435	-163.87836	1.3717417	25987.517820596695
217	767.987	32.57637	817.7749	732.07434	842.3021	57.885353	900.8993	769.3927	857.4049	49.030903	898.4033	767.17346	856.2038	45.560062	899.6393	798.92413	1000.0	1000.0	1000.0	1000.0	867999	162.96686	9.933278	183.36296	-1.2735395	162.96652	9.9379015	181.42722	-103.72441	-5.065706	1.015046	42.27027	-12.246252	-163.86104	1.410897	26105.843726873398
218	777.464	25.976084	818.58154	750.8399	932.68915	59.674088	999.50586	824.6075	979.3771	37.387295	999.81995	904.1193	957.72363	43.598667	997.59357	873.3925	1000.0	1000.0	1000.0	1000.0	871999	162.91876	9.997585	182.85724	-8.311008	162.91855	10.007843	182.24995	-46.72349	-5.0463777	1.0443695	59.63607	-12.007077	-163.81201	1.0935515	26223.010160923004
219	743.33484	73.29502	822.4279	625.4409	876.6603	71.010735	998.1157	805.6618	937.5001	67.64999	999.2915	806.56757	952.4642	63.2597	1000.0429	808.55237	1000.0	1000.0	1000.0	1000.0	875999	162.98318	9.970296	183.02797	-9.96323	162.98344	9.967681	181.54797	-73.0797	-5.056125	1.0217608	37.781666	-13.233283	-163.8737	1.319479	26339.936979532242
220	807.49536	25.164822	826.51587	764.2179	890.3253	51.34207	996.15344	806.54803	900.37585	42.58157	995.63617	805.3557	873.6079	56.27699	986.9617	805.70465	1000.0	1000.0	1000.0	1000.0	879999	163.03952	10.013336	183.37639	-65.03453	163.0389	10.026414	181.40016	-112.26498	-5.0472136	1.0817851	73.41373	-12.234856	-163.9302	1.4775486	26457.92706298828
221	787.2968	39.93571	834.36993	735.76074	906.6427	13.699562	943.95825	897.18805	851.4445	62.56019	903.08685	709.19714	904.1616	10.605644	924.9876	895.9125	1000.0	1000.0	1000.0	1000.0	883999	163.09709	9.988299	182.0845	0.17825085	163.0966	9.988659	183.03157	-129.66008	-5.0380545	1.0503801	60.08663	-13.899634	-163.99232	1.0998623	26577.05953860283
222	783.6066	31.045885	813.2325	735.2575	854.82764	51.03532	932.5482	804.05743	841.07996	52.34265	904.2745	737.80334	852.1385	50.051178	978.80023	800.4221	1000.0	1000.0	1000.0	1000.0	887999	163.16698	9.964947	182.26962	-18.659185	163.1673	9.961229	181.74443	-21.91606	-5.058226	1.0173675	55.33426	-12.914895	-164.05766	1.073607	26696.06501340866
223	765.89905	46.037735	815.9985	710.71783	903.463	48.386265	997.14886	830.1408	924.97345	54.57729	997.6004	823.19934	915.53064	33.883812	989.6631	880.82153	1000.0	1000.0	1000.0	1000.0	891999	163.19136	10.0177965	182.05365	-70.41641	163.19016	10.027223	181.19452	-96.24538	-5.039437	1.0280445	31.04974	-12.732447	-164.0805	1.302812	26814.921290159225
224	824.28094	13.604017	847.7154	814.24225	800.70056	14.77075	808.2205	758.243	793.367	28.11943	807.78033	710.8331	795.35004	29.110422	818.0865	710.7649	1000.0	1000.0	1000.0	1000.0	895999	163.18	10.098396	183.32385	-10.453446	163.18024	10.105698	181.76361	-99.17562	-5.0527277	1.0368674	55.642956	-13.273645	-164.06653	1.4637752	26932.619832515717
225	779.3468	47.486065	828.57806	729.5305	804.8499	22.887367	860.3537	758.551	803.16364	3.049539	807.37415	794.82574	804.57733	0.4441127	805.355	804.1309	1000.0	1000.0	1000.0	1000.0	899999	163.20718	10.127446	181.8482	-8.036893	163.20686	10.132706	181.84715	-94.67528	-5.0467825	1.0328434	51.365078	-11.969412	-164.09515	1.283796	27049.331435203552
226	778.6578	59.29785	838.827	680.1314	900.6009	69.49441	999.6471	755.3786	839.65955	62.62222	923.2505	728.5416	915.76135	55.237488	998.39154	812.82855	1000.0	1000.0	1000.0	1000.0	903999	163.12708	10.150587	181.27095	-10.172816	163.12701	10.173473	181.77376	-160.50739	-5.0623665	1.0116513	60.115444	-15.253696	-164.02419	1.0616937	27166.83121562004
227	798.1632	38.18951	842.37775	751.349	921.38007	85.45082	1008.1522	698.87506	917.18835	16.842896	960.014	905.18823	936.88104	42.09679	1001.5183	903.4449	1000.0	1000.0	1000.0	1000.0	907999	163.19922	10.012555	181.16058	-20.176579	163.19933	10.0150795	181.16487	-44.727013	-5.071851	1.0165275	62.160812	-12.289606	-164.09831	1.1024523	27284.95084476471
228	762.38245	65.4343	843.4414	672.38153	802.7829	7.16877	806.5872	781.4235	800.65717	21.489325	827.65063	742.2859	802.5579	5.0417714	805.09906	787.52936	1000.0	1000.0	1000.0	1000.0	911999	163.19029	9.9869585	182.11972	-6.8526006	163.19107	9.994487	181.39037	-74.41218	-5.0754795	1.013209	60.069244	-15.643971	-164.09506	1.1893669	27405.565584897995
229	740.81134	7.8196096	750.75543	731.5862	984.76874	29.444675	1000.70325	905.9319	911.62695	78.57956	1000.2818	807.88116	962.2249	52.87315	1001.2351	846.7046	1000.0	1000.0	1000.0	1000.0	915999	163.244	9.983412	181.38832	-26.407524	163.2435	10.013252	180.89937	-122.34436	-5.0698404	1.0089989	60.18608	-12.292719	-164.1456	1.1977503	27529.819163799286
230	805.1098	33.57575	849.85547	756.1103	815.63794	30.305841	905.6291	793.0336	842.6758	82.78281	999.6069	734.98224	833.76337	60.33464	998.97424	799.11804	1000.0	1000.0	1000.0	1000.0	919999	163.43076	9.921573	182.47572	-4.2663064	163.42911	9.921859	181.73958	-82.511734	-5.0525074	1.0515878	57.13929	-13.045652	-164.32747	1.5243245	27656.11349797249
231	803.185	32.543987	837.68805	749.752	916.6221	63.136406	1003.5857	813.719	879.0076	89.146805	1005.6403	723.8152	911.70703	30.599548	999.3741	884.3309	1000.0	1000.0	1000.0	1000.0	923999	163.5501	9.848825	182.23172	-27.694273	163.55013	9.855666	182.53618	-105.49286	-5.054145	1.0561731	38.8198	-12.812027	-164.44847	1.2654235	27778.95360469818
232	773.6907	49.47882	824.8824	703.5761	944.8255	42.53955	1008.0086	908.84503	935.89124	40.043785	1009.6154	905.88434	979.2998	38.801994	1009.28186	910.5589	1000.0	1000.0	1000.0	1000.0	927999	163.60532	9.8950405	182.93936	-23.27147	163.60593	9.888673	181.35466	-68.1426	-5.0513353	1.0294873	50.04499	-13.178279	-164.50314	1.2836703	27898.467030525208
233	830.4702	2.9974422	834.27295	826.4331	907.722	55.886204	997.159	810.5361	878.21515	57.7949	996.738	809.7374	885.11084	70.63064	998.16846	786.5374	1000.0	1000.0	1000.0	1000.0	931999	163.67836	9.825728	184.74	-6.029048	163.67848	9.82247	181.8395	-54.936394	-5.06281	1.0153883	50.69449	-12.993498	-164.5876	0.96426415	28023.473410129547
234	811.23334	12.171372	820.19653	790.38275	800.67615	13.95092	808.2487	758.9662	821.19745	52.91327	900.2173	710.51434	802.566	8.749488	820.5832	785.97003	1000.0	1000.0	1000.0	1000.0	935999	163.7365	9.849694	181.96526	-6.914461	163.73627	9.854811	182.09192	-88.11995	-5.0716257	1.0088027	42.957176	-12.954627	-164.632	1.024832	28142.586243629456
235	818.3513	17.64309	847.4023	799.7509	934.10046	56.04853	997.6222	830.05505	940.93225	56.05038	997.1156	809.9147	908.117	53.209415	999.3402	818.8123	1000.0	1000.0	1000.0	1000.0	939999	163.75319	9.915455	183.16385	-18.82925	163.7532	9.927782	182.12192	-67.35338	-5.0433836	1.0419351	65.203415	-16.501307	-164.65088	1.5540869	28260.604125738144
236	817.281	25.553864	845.9181	776.7842	863.6719	45.1007	903.0108	805.7084	843.3197	43.791405	902.64886	785.1282	881.0897	41.3036	945.9216	805.5719	1000.0	1000.0	1000.0	1000.0	943999	163.8057	9.934409	182.64537	-10.311484	163.80559	9.953158	181.95982	-145.28502	-5.032384	1.073885	71.15589	-13.716379	-164.70897	1.2524519	28378.88735628128
237	787.11847	36.58356	827.2292	749.43945	872.9925	55.702328	995.28265	806.65424	801.68445	48.89601	890.9445	709.88794	850.27246	74.967445	995.2381	716.8069	1000.0	1000.0	1000.0	1000.0	947999	163.89975	9.910778	182.2107	-5.6957254	163.89905	9.916052	182.05746	-132.43007	-5.039162	1.0472143	45.36033	-11.600533	-164.80193	1.2073159	28498.204308509827
238	775.30054	28.628523	824.21106	754.8567	828.8237	66.20628	991.9109	762.5136	803.9238	34.92891	868.83624	739.3839	799.2274	14.335971	812.2497	762.7118	1000.0	1000.0	1000.0	1000.0	951999	164.03801	9.831271	182.48729	-10.057654	164.03784	9.838315	182.52304	-106.42821	-5.05247	1.0582857	64.38549	-13.120324	-164.94923	1.0690774	28616.727992534637
239	800.99896	37.141155	830.2904	738.3366	971.47546	36.188198	1001.8644	904.6258	962.7746	46.440277	1004.8092	899.51404	975.0978	36.124573	1000.7184	909.05164	1000.0	1000.0	1000.0	1000.0	955999	164.06763	9.85575	182.62204	-13.637829	164.06808	9.8651495	182.09216	-79.75294	-5.067199	1.04008	61.113083	-12.807512	-164.96553	1.2452642	28736.37292432785
240	778.9917	50.92157	846.4028	724.3657	890.8693	85.08224	998.47974	769.3031	894.3669	70.55991	1002.045	785.7634	903.765	81.220146	996.539	778.3679	1000.0	1000.0	1000.0	1000.0	959999	164.00433	9.917419	181.9754	-5.326977	164.00464	9.925008	182.45023	-152.79929	-5.048023	1.0562049	72.78878	-13.144266	-164.90622	1.4633257	28856.325962543488
241	788.8369	53.288456	859.85614	722.34	870.7308	68.54776	991.46924	777.9165	849.83124	76.27436	999.5858	791.7339	873.3081	74.45959	998.91223	788.25446	1000.0	1000.0	1000.0	1000.0	963999	164.0153	9.961672	182.14864	-8.133307	164.01501	9.969715	182.247	-103.77001	-5.0556617	1.0718713	65.2361	-14.539045	-164.91864	1.190269	28974.66300868988
242	763.7572	35.981884	820.4684	731.2802	987.2655	15.205711	996.53687	953.1997	976.3623	35.1329	996.33344	900.48096	985.5827	29.271063	996.3303	897.84106	1000.0	1000.0	1000.0	1000.0	967999	164.12509	9.916569	182.48271	-4.8064904	164.12479	9.929981	182.42249	-121.90606	-5.05396	1.03097	46.814705	-14.334178	-165.03156	1.0664401	29094.440794944763
243	799.96857	46.110737	847.8145	750.40234	768.8089	45.601368	842.6206	712.77356	771.24915	53.678864	901.74414	712.52386	792.59515	73.50632	900.1241	708.6852	1000.0	1000.0	1000.0	1000.0	971999	164.17278	9.931598	183.1607	-3.6881132	164.17307	9.94876	182.96883	-102.914185	-5.051589	1.032772	77.8193	-12.63328	-165.07687	0.98561573	29215.67401790619
244	806.8469	35.283047	845.44775	749.8025	951.21014	46.27699	998.1601	880.72705	932.50977	67.75412	999.41205	794.8394	931.08594	61.906418	999.33405	811.3281	1000.0	1000.0	1000.0	1000.0	975999	164.23943	9.9053135	182.71806	0.9955913	164.23965	9.906793	182.68796	-63.16364	-5.0395155	1.0549905	47.079445	-12.9185295	-165.14816	1.1506112	29334.58015537262
245	791.33997	27.768934	811.4362	744.10846	823.75244	70.699524	1003.0843	780.66876	813.4219	40.459606	916.58795	757.102	826.0744	42.935795	911.92755	788.2007	1000.0	1000.0	1000.0	1000.0	979999	164.34044	9.930539	182.46698	0.99028814	164.34026	9.927093	183.36365	-71.29785	-5.043115	1.0358862	61.65702	-13.006602	-165.24313	1.1302364	29454.155017375946
246	839.3594	6.8390813	849.03674	832.33325	851.3578	91.9271	1001.58203	660.2876	929.38904	42.452686	995.7922	881.3392	864.4658	98.57109	998.9452	696.30743	1000.0	1000.0	1000.0	1000.0	983999	164.4305	9.920463	182.74666	-18.704355	164.43031	9.92806	182.46115	-115.846634	-5.038252	1.0446573	39.80816	-12.437416	-165.3424	0.9642574	29574.012971401215
247	788.9855	54.714146	850.1324	728.4466	897.24286	1.6990616	900.3105	894.70044	894.83954	32.09432	972.77094	837.07684	897.6224	2.2677486	903.1961	894.76825	1000.0	1000.0	1000.0	1000.0	987999	164.49216	9.907687	182.88455	-7.005674	164.49213	9.907724	182.77551	-45.135674	-5.0453744	1.0347152	56.41758	-12.783031	-165.3934	1.1771936	29692.9035282135
248	744.5809	95.41536	847.5586	630.1737	859.8206	44.21448	912.05994	813.44293	843.6873	53.610626	922.1783	747.8269	819.77814	7.335339	841.25183	814.03827	1000.0	1000.0	1000.0	1000.0	991999	164.55666	9.84158	182.7176	0.9880705	164.5566	9.840683	182.45082	-58.094357	-5.060334	1.0200866	53.590195	-12.150257	-165.45462	0.9522844	29811.75353860855
249	806.5242	37.443638	838.6764	743.83093	907.2173	64.00349	1005.67426	781.9919	873.3429	45.367374	935.8182	771.324	881.65234	23.13114	903.48553	818.60284	1000.0	1000.0	1000.0	1000.0	995999	164.49828	9.966531	183.40685	-17.224142	164.49971	9.976605	182.18646	-100.902885	-5.052558	1.0205857	35.646053	-12.895504	-165.402	1.2463547	29930.493569135666
250	833.13074	12.903886	852.0364	816.53357	790.2564	12.854698	803.13336	769.2232	800.3549	7.302648	804.604	778.6625	784.1752	17.67658	803.00885	761.39276	1000.0	1000.0	1000.0	1000.0	999999	164.54689	9.921451	182.559	-1.1699667	164.54694	9.9229	182.25543	-87.12334	-5.0452967	1.0530736	35.240124	-12.7143345	-165.4515	1.0948037	30053.23918032646
