Epoch	AverageEpRet	StdEpRet	MaxEpRet	MinEpRet	AverageTestEpRet	StdTestEpRet	MaxTestEpRet	MinTestEpRet	AverageTransferEpRet	StdTransferEpRet	MaxTransferEpRet	MinTransferEpRet	AverageRandomEpRet	StdRandomEpRet	MaxRandomEpRet	MinRandomEpRet	EpLen	TestEpLen	TransferEpLen	RandomEpLen	TotalEnvInteracts	AverageQ1Vals	StdQ1Vals	MaxQ1Vals	MinQ1Vals	AverageQ2Vals	StdQ2Vals	MaxQ2Vals	MinQ2Vals	AverageLogPi	StdLogPi	MaxLogPi	MinLogPi	LossPi	LossQ	Time
1	17.22584	3.2055671	31.150396	10.3686495	75.92647	17.214437	95.48224	44.2399	74.723236	27.648142	113.01026	34.857155	73.537445	21.03924	95.91407	43.140705	14.755555	78.1	77.3	75.7	3999	11.3179655	7.156413	26.711504	-1.9541804	11.318551	7.1566067	26.71069	-2.6027105	-2.8061442	1.6725534	13.005833	-13.935874	-12.573353	0.4468265	62.220091819763184
2	16.740276	3.4462478	29.125626	10.959874	55.246155	9.002549	64.13683	35.6834	89.63046	136.42793	494.55377	15.5398445	93.06447	113.730705	429.45343	17.103336	14.0912285	82.3	169.0	173.4	7999	26.10031	12.954075	47.08707	-2.7884536	26.099817	12.955453	47.54491	-5.650334	-1.973961	2.688152	19.538307	-13.229808	-28.401115	1.081887	144.96796536445618
3	24.504251	17.972267	101.20139	11.392098	114.51079	124.62048	484.3906	59.867256	103.2375	128.14859	484.05814	17.869053	224.30606	186.32428	481.75372	59.84781	24.078789	169.5	160.6	395.6	11999	40.784878	18.340992	69.322495	-5.59792	40.785202	18.344717	67.353096	-7.0327754	-0.912963	3.608977	22.814226	-13.796492	-44.272743	4.9328957	233.77854228019714
4	63.789043	15.152976	93.34145	19.780115	74.1334	12.280294	83.0823	38.937035	80.78245	11.06414	104.64804	69.54193	73.64438	5.6884193	83.3288	61.653004	70.55357	63.3	65.8	58.5	15999	53.54426	21.839233	77.41959	-12.652002	53.544525	21.841875	78.34334	-15.689618	-1.0835001	3.6527019	23.55341	-14.038061	-56.965733	5.2275314	316.887154340744
5	64.93682	17.574284	130.86177	22.772211	67.70888	23.33162	111.15166	37.38023	63.376354	31.660162	99.163864	12.641411	71.896965	26.056108	118.15904	30.672693	70.10345	93.5	74.9	88.6	19999	57.60647	25.45079	88.43484	-17.04908	57.608376	25.449543	88.09286	-25.86253	-1.0302484	3.7061536	21.940931	-16.165836	-60.642776	6.0863886	401.8876738548279
6	79.07536	29.548275	152.05327	21.421295	83.82498	30.883915	133.03194	22.859116	76.96166	26.891836	112.38114	18.847576	90.8383	25.340588	131.77159	39.84398	106.64865	91.4	90.4	90.8	23999	58.71815	27.87212	97.4536	-22.721518	58.718094	27.873882	89.46261	-27.248556	-1.2375029	3.5198414	23.365477	-12.760094	-61.4681	6.6440697	476.70767426490784
7	86.63246	35.64864	187.1195	21.4787	321.35083	219.42604	691.8813	117.19371	236.06833	215.02681	647.5032	83.47469	352.70734	232.4022	687.54	115.66125	123.65625	484.8	344.6	521.8	27999	58.71617	28.807043	92.245476	-11.722861	58.716736	28.80455	90.82731	-17.175274	-1.3306068	3.397222	26.25863	-12.4682045	-61.161236	7.2894483	577.853593826294
8	106.59052	58.221878	251.52026	19.907408	445.15225	355.962	804.1669	36.2394	261.47577	271.77423	810.8729	29.524845	333.5006	309.89465	799.9365	31.34097	154.1923	555.7	309.6	399.6	31999	58.978855	29.314816	93.64415	-10.070862	58.978645	29.316473	93.771454	-20.032927	-1.3117472	3.2667756	27.786976	-12.951149	-61.182625	8.97888	676.9936592578888
9	119.20593	61.210808	270.174	29.048615	99.64555	39.618744	171.76265	33.074455	111.602135	32.66354	172.36588	69.921364	123.10862	52.955708	219.24156	34.89003	199.2	107.8	135.5	130.0	35999	60.157185	29.543636	107.691734	-12.681877	60.157795	29.546492	96.58448	-17.223822	-1.2195995	3.2328882	28.670412	-12.663361	-62.23406	10.736334	761.8751363754272
10	133.1979	62.542736	257.4549	16.01394	174.40186	58.376823	252.20894	94.07876	190.77011	67.61328	289.37164	55.072983	167.29451	75.39422	255.07243	30.158535	173.95653	234.9	230.4	216.2	39999	61.252506	29.706629	94.88687	-11.602169	61.25208	29.710604	95.36715	-19.375145	-1.1378254	3.1623185	26.670069	-12.789646	-63.204525	12.36906	849.6814339160919
11	151.7438	82.89391	396.1875	24.002392	376.37592	291.80582	946.34174	34.20025	190.46521	139.7444	484.1309	14.103676	457.21216	179.27199	774.92377	243.56148	201.45	427.2	283.0	512.2	43999	63.420055	29.706966	101.608894	-13.083833	63.42016	29.709213	96.27654	-19.487297	-1.280525	3.177888	23.326462	-12.5434475	-65.2813	10.477563	945.7367463111877
12	182.21817	122.69319	570.91284	60.46006	373.9464	175.7117	695.3743	126.39386	427.8043	226.73668	774.1977	59.954056	364.96973	157.88246	782.0037	231.1944	263.73334	456.9	561.7	465.4	47999	65.11877	29.845625	98.94511	-13.246884	65.11933	29.84657	98.75697	-17.142855	-1.4719414	3.0946543	32.39435	-13.64305	-66.84068	10.309725	1048.3995914459229
13	245.70596	126.35253	507.56485	38.08178	528.2977	370.06998	895.8076	31.479961	519.879	326.42548	895.1709	27.208185	568.66406	229.62866	882.97644	87.7933	366.27274	659.8	649.7	791.8	51999	66.48102	29.89026	100.10598	-15.311152	66.48161	29.89202	100.37769	-21.211782	-1.4633597	3.0612888	26.895988	-12.977919	-68.13943	10.790008	1159.1610143184662
14	250.85458	155.6885	635.9476	122.87088	367.4743	288.7229	867.8425	66.65553	297.39093	254.0479	857.4981	126.838036	306.88196	227.10533	761.5652	124.256584	388.125	436.4	340.8	367.3	55999	68.12379	29.699776	100.23717	-18.565914	68.12386	29.701674	101.763115	-22.36746	-1.4558318	2.960182	23.641476	-13.7854	-69.70415	9.932206	1252.2848496437073
15	535.4467	118.136406	644.9325	323.72382	385.5472	270.95847	895.8191	48.167904	458.99957	274.72083	800.11005	116.46036	461.9231	316.3821	891.9241	24.511215	806.0	464.3	581.4	577.4	59999	70.19211	29.51099	102.01898	-13.683541	70.192726	29.511517	102.42737	-17.292883	-1.4493021	2.9186206	24.399513	-12.522835	-71.70725	9.460659	1356.8559679985046
16	429.25635	193.95123	684.21405	203.07559	764.03235	19.286	794.2823	728.4588	505.53534	308.09503	784.0322	29.998495	618.70685	277.64737	821.82355	59.132355	616.1667	1000.0	688.6	831.0	63999	72.37051	29.38659	102.83195	-12.6755295	72.3707	29.38562	104.137436	-21.302036	-1.5049785	2.8360572	28.348515	-12.779175	-73.862625	8.635556	1474.1393444538116
17	411.1832	177.26779	683.83905	258.0232	737.2178	234.66408	970.8958	65.91317	855.68243	49.503757	896.91675	743.34656	822.62683	57.11952	888.864	752.1531	597.8571	923.1	1000.0	1000.0	67999	74.4112	29.38597	103.764	-16.831535	74.41102	29.387632	103.43762	-17.573547	-1.5610129	2.7892895	24.408995	-15.481906	-75.8398	8.150771	1602.4095289707184
18	460.0316	153.03069	683.5164	251.60066	602.50305	233.76228	775.1697	132.85052	717.8205	234.60365	887.6523	44.977123	632.1475	186.5535	709.34064	72.79144	633.3333	842.0	910.3	912.2	71999	76.37727	29.49273	105.77579	-16.811132	76.37753	29.494387	106.349144	-18.490747	-1.6164528	2.7761765	29.949316	-14.45251	-77.787476	7.5301647	1724.874279499054
19	484.89883	115.53142	689.0854	358.3398	291.3628	137.39583	691.14264	213.01968	330.2559	191.52916	703.93866	106.3299	224.17061	21.438614	259.99515	196.68536	701.0	334.1	406.7	231.3	75999	78.28052	29.895437	106.23211	-12.814319	78.28031	29.896627	106.36857	-20.147608	-1.6204201	2.809318	30.875328	-13.395863	-79.65616	7.225166	1817.7542488574982
20	593.0335	187.79974	734.11414	221.34843	665.9563	206.84149	863.14594	95.35845	675.5105	193.45403	879.5419	141.05421	633.1247	278.77768	879.5769	80.78189	853.4	919.4	913.4	838.0	79999	80.372116	29.951218	108.25535	-13.17587	80.37229	29.95246	108.9898	-18.417439	-1.6269575	2.789736	30.888083	-12.403875	-81.7268	6.90807	1938.3399562835693
21	564.22766	195.07317	701.89667	181.0127	793.34955	84.89374	888.1894	665.3803	832.8496	60.02926	889.0851	704.6607	825.56116	49.342678	875.1758	717.0676	845.2	1000.0	1000.0	1000.0	83999	82.493866	29.959595	109.74039	-14.244229	82.493835	29.959692	110.501945	-21.831196	-1.7075044	2.7369502	27.155027	-14.901571	-83.80278	6.7228045	2063.3492600917816
22	678.154	18.832962	706.90375	655.9014	587.4578	266.20056	768.6227	38.637253	666.8044	208.86737	791.86914	52.560997	647.85	207.70064	789.7176	44.244865	1000.0	827.3	910.7	915.4	87999	84.49925	29.925592	117.848274	-13.746622	84.49983	29.924303	118.02677	-17.28327	-1.746095	2.70278	31.118341	-14.395753	-85.79022	6.3084846	2183.4817130565643
23	550.3123	248.85355	691.0583	55.166035	744.7073	42.887047	792.42377	696.651	771.9438	54.902775	881.43036	690.50525	765.8471	26.181677	788.27905	704.0865	825.8	1000.0	1000.0	1000.0	91999	86.31926	30.064985	127.350464	-17.451777	86.31946	30.064499	126.289406	-18.826908	-1.7704455	2.6908422	24.880436	-13.239456	-87.615425	6.1981173	2309.7613427639008
24	672.06616	2.367275	675.51917	668.9339	808.0361	66.18659	886.5822	691.4937	852.7933	54.725647	893.6429	745.3874	793.7456	37.923344	877.2419	724.76056	1000.0	1000.0	1000.0	1000.0	95999	88.09165	30.175097	137.5222	-18.907066	88.09157	30.177254	137.22495	-24.736633	-1.8486254	2.6509244	40.781586	-13.363023	-89.35399	6.207186	2435.0294728279114
25	583.1867	236.67926	733.75696	111.06511	782.71454	26.046633	796.814	705.7947	724.4647	230.13663	878.9036	39.803596	721.5737	221.14333	811.92444	58.428787	843.4	1000.0	908.7	911.7	99999	89.9042	30.359348	149.01985	-15.254959	89.90414	30.359102	147.51318	-29.300392	-1.8697841	2.6467535	30.381443	-13.44826	-91.16158	6.143397	2559.7189486026764
26	544.7754	191.98894	700.01294	216.0592	612.1293	142.10376	702.13556	202.49039	566.7606	215.93301	733.86786	92.64024	620.2372	186.6334	776.4846	85.11674	860.25	925.0	849.3	916.6	103999	91.66901	30.310623	159.05203	-13.026747	91.66899	30.311926	165.96434	-25.607008	-1.9343957	2.6360745	46.105587	-15.735741	-92.90039	6.2147636	2683.9568660259247
27	632.7107	91.51376	707.02264	477.46167	590.00574	312.29245	797.81415	81.55103	606.2118	287.91443	797.6177	59.422546	537.1781	313.32916	796.8392	139.80573	966.25	754.4	778.5	690.3	107999	93.1145	30.45672	182.42891	-18.45483	93.11444	30.456999	180.96252	-21.100523	-1.9195502	2.6820924	33.518135	-13.210852	-94.30561	6.4677215	2797.724102973938
28	586.8169	226.81895	717.2947	134.48366	775.12933	30.297115	793.14795	713.76556	710.5188	201.57184	795.8509	110.2525	786.4575	7.9473004	795.8305	768.83716	836.2	1000.0	911.6	1000.0	111999	94.49187	30.621456	181.08159	-14.706089	94.49203	30.621492	182.1249	-15.684574	-1.9515637	2.6384065	42.04562	-12.401236	-95.66764	6.5042086	2921.8839089870453
29	587.42883	153.92926	728.0918	333.57324	750.8398	44.415813	798.31537	700.2164	725.08923	188.04881	797.3604	161.75272	756.1631	44.777264	801.6989	698.0625	903.0	1000.0	926.6	1000.0	115999	95.70954	30.66218	185.44086	-24.11964	95.70983	30.660574	181.06981	-23.969183	-1.939515	2.6334445	41.506775	-13.925509	-96.89662	6.492798	3045.6652376651764
30	717.4669	16.360996	733.83295	693.6416	847.61456	39.834976	886.62134	792.5799	804.91327	48.72859	886.22394	702.82794	814.2239	38.231426	873.86414	737.96796	1000.0	1000.0	1000.0	1000.0	119999	96.93734	30.43642	166.1803	-12.106552	96.93792	30.43401	168.32713	-26.857742	-1.9682221	2.5899205	27.034187	-13.259818	-98.08344	6.678575	3171.8856766223907
31	664.76105	104.03438	728.0012	484.60382	466.9803	326.41882	794.22253	81.98568	737.9257	196.95026	882.0129	152.50337	666.6735	256.1357	801.39954	82.68096	937.75	621.8	925.5	854.4	123999	97.77133	30.555378	164.81725	-12.444817	97.77131	30.554728	165.24124	-21.781645	-1.9724706	2.5741892	26.380808	-14.167414	-98.90507	6.8128495	3288.9859960079193
32	642.92834	73.54425	714.44635	520.4791	761.82043	38.61868	796.6878	695.5487	774.7345	31.617964	798.91327	693.81415	769.78455	28.823538	796.34705	703.0648	884.5	1000.0	1000.0	1000.0	127999	98.79037	30.441925	161.26909	-14.188326	98.79044	30.441534	165.29982	-19.286137	-1.9969958	2.5929503	26.100056	-16.530918	-99.89617	6.6863985	3414.376393556595
33	600.7165	150.88567	734.70557	396.59357	663.04553	42.962242	700.0796	596.6575	683.8163	79.3413	790.48083	580.6577	659.62085	37.754875	701.0894	592.4989	812.8	1000.0	1000.0	1000.0	131999	99.77346	30.287666	163.41766	-15.706408	99.7731	30.289406	161.75967	-20.053286	-2.0223188	2.6123066	32.8452	-13.590542	-100.86811	6.6194296	3547.807262659073
34	722.46045	11.75464	738.6125	707.39075	820.7772	38.386555	893.20306	791.7642	819.7799	38.69015	886.8721	788.12384	836.55585	25.21685	874.20166	804.3851	1000.0	1000.0	1000.0	1000.0	135999	100.48905	30.416323	165.69495	-15.842799	100.48894	30.418621	168.05264	-19.090057	-2.0151396	2.618689	28.535887	-13.580241	-101.55417	6.4601483	3677.3993809223175
35	688.23083	31.459848	721.57764	650.5897	741.47833	43.341785	788.8347	655.02203	740.2182	48.644363	796.74805	636.7769	770.60095	12.304354	787.29156	750.25006	1000.0	1000.0	1000.0	1000.0	139999	101.34814	30.335623	180.51573	-15.088748	101.34823	30.336609	183.47453	-30.832397	-2.0387685	2.6428297	32.040833	-12.295397	-102.39346	6.5979495	3807.0959932804108
36	611.796	199.24484	732.28705	216.29518	776.0064	33.332096	800.1199	700.33826	730.2469	146.54494	799.4476	306.5776	780.44965	23.237204	800.4736	724.1825	853.2	1000.0	933.4	1000.0	143999	102.25134	30.01124	182.97472	-21.20237	102.2512	30.013803	185.7766	-29.531748	-2.0722246	2.6429992	30.605415	-14.593227	-103.292534	6.553879	3935.239515066147
37	467.08456	267.27274	730.9244	103.92672	757.9884	35.816277	791.3942	685.90704	715.46643	165.64105	793.73517	227.71738	771.0786	14.177905	789.593	739.3326	628.6667	1000.0	925.6	1000.0	147999	102.82668	29.830511	200.61618	-14.748179	102.82694	29.830748	200.52722	-30.56703	-2.0727952	2.5801327	30.488907	-13.02308	-103.84139	6.389244	4065.8462018966675
38	611.9191	138.652	722.4282	361.64166	768.08344	25.613735	796.60547	710.55774	751.25604	58.57687	796.63837	597.16644	755.4032	34.246414	792.0056	684.5345	839.4	1000.0	1000.0	1000.0	151999	103.32273	29.578297	204.66669	-17.097246	103.32282	29.57949	205.15381	-18.549559	-2.0353703	2.59175	36.45319	-14.568573	-104.31307	6.1497035	4195.365277528763
39	627.3417	149.70078	726.7739	329.47482	761.73883	35.510056	798.65594	707.67114	778.0744	28.836134	806.74854	696.46716	782.57874	7.6732693	793.37115	770.18286	885.8	1000.0	1000.0	1000.0	155999	103.88047	29.338213	215.02518	-10.977527	103.88032	29.339031	211.58774	-17.857075	-2.0896409	2.603527	39.432407	-12.870286	-104.85881	6.098398	4325.032860517502
40	520.6669	130.06529	695.33655	355.8389	779.3497	18.60395	799.36597	735.8221	786.41724	9.33886	797.50287	770.0546	746.5592	41.653217	799.07513	676.3848	720.8	1000.0	1000.0	1000.0	159999	104.48422	29.12309	213.35583	-18.046827	104.48383	29.12458	215.34373	-22.479073	-2.1338258	2.559196	30.507921	-12.64642	-105.46409	5.8664618	4455.919068574905
41	443.41592	166.02127	721.23224	213.29018	742.78815	44.008137	795.63446	684.4886	746.7777	44.874615	796.6395	658.2763	741.3295	44.53841	797.89355	683.3702	608.5	1000.0	1000.0	1000.0	163999	104.53245	29.27258	198.75793	-16.072636	104.53268	29.272697	190.28468	-36.809223	-2.1112938	2.570383	32.336487	-12.788182	-105.4655	6.033885	4586.259343862534
42	713.54504	24.344912	731.9347	671.6726	747.4247	38.730576	798.1801	682.5278	785.35846	10.739292	800.5944	772.9734	746.95764	38.660458	798.82745	683.86755	1000.0	1000.0	1000.0	1000.0	167999	104.7349	29.21074	168.13144	-13.864088	104.73482	29.21021	163.60666	-18.105297	-2.0080276	2.5270145	31.086786	-13.816353	-105.65235	6.0693355	4718.4680297374725
43	636.42847	97.05193	726.9407	477.11505	782.1034	11.94331	798.2934	758.50037	718.9569	189.40355	800.73474	152.41994	735.3264	159.34195	803.67236	257.893	872.4	1000.0	914.6	929.5	171999	105.29398	28.944231	157.81088	-18.270708	105.29421	28.944477	156.13385	-29.282467	-2.04173	2.5385132	37.382145	-12.819944	-106.19853	5.9105334	4844.160074472427
44	648.70215	107.4649	733.3362	464.28543	808.1566	39.19089	872.7918	779.40015	626.9179	232.68503	800.5489	175.12984	711.5531	173.73456	849.7598	324.6397	902.5	1000.0	790.0	876.4	175999	105.53062	28.596981	146.53833	-12.897419	105.53075	28.596954	143.43925	-16.45897	-2.0642183	2.4794626	27.621866	-12.045235	-106.42027	5.735705	4967.187482118607
45	676.60266	21.087152	700.4779	639.6587	781.0775	29.746119	799.1483	712.5529	752.33594	150.8338	859.7689	304.0731	789.6145	10.831301	799.8372	763.6126	968.8	1000.0	933.7	1000.0	179999	105.45949	28.12967	138.28194	-15.420302	105.45893	28.131807	139.2995	-18.628555	-2.12239	2.4392889	29.916706	-15.484276	-106.33677	5.487134	5093.930804729462
46	552.2369	157.57628	691.05774	336.8744	765.8675	39.008358	798.2438	697.11426	752.71594	95.35728	798.9463	480.6278	770.7122	25.81192	801.85675	711.67804	783.8	1000.0	958.0	1000.0	183999	105.15023	27.825832	137.8041	-13.794032	105.15048	27.826426	142.01218	-25.045025	-2.1359832	2.3863583	27.689894	-14.489584	-106.001144	5.1788244	5222.287439584732
47	559.8505	222.14279	688.40625	175.08815	697.47235	180.30237	803.5685	323.8891	735.07556	183.32439	800.0278	185.31866	794.097	8.928393	799.9146	769.4133	832.25	873.8	918.6	1000.0	187999	104.8247	27.665417	131.6108	-19.705812	104.82495	27.66446	132.17973	-37.460987	-2.1068044	2.3810904	35.7174	-12.071875	-105.680374	5.197878	5356.865721702576
48	671.15295	8.228345	682.922	660.0977	769.8935	32.424023	797.70056	712.47174	788.93726	13.68628	802.44995	758.24896	788.6404	10.42836	795.25476	758.73157	1000.0	1000.0	1000.0	1000.0	191999	104.69355	27.466158	126.898796	-11.498021	104.69315	27.46756	125.05489	-21.856434	-2.078033	2.380976	42.846672	-13.42663	-105.52636	5.262916	5486.036725759506
49	676.2327	14.618117	695.9736	655.3856	776.2852	25.790419	798.91797	737.5272	784.8604	25.229881	798.3918	710.46533	779.3325	12.8742075	795.8941	763.45386	1000.0	1000.0	1000.0	1000.0	195999	104.82146	27.099213	124.689095	-12.800802	104.82138	27.09976	123.45155	-23.549273	-2.0523224	2.3794057	29.92556	-13.443557	-105.669014	5.0422583	5614.628777503967
50	671.8578	9.49318	682.32874	658.82886	812.28107	28.135443	887.1773	795.0897	730.85925	161.47084	889.1278	394.29013	795.16473	4.205336	801.15796	787.47534	1000.0	1000.0	894.4	1000.0	199999	105.0891	26.8086	124.48495	-9.456631	105.08888	26.80935	123.39948	-20.271702	-2.117215	2.3067188	30.130985	-15.416308	-105.92251	4.6864123	5742.955145359039
51	664.5682	8.282306	675.0015	653.11475	758.41205	37.628757	797.2959	698.2764	784.7532	30.617367	802.5921	695.42	776.01624	22.44181	794.9329	738.5469	1000.0	1000.0	1000.0	1000.0	203999	105.38378	26.60328	125.07527	-17.528961	105.38374	26.604744	123.820915	-28.419584	-2.1429565	2.3139458	39.31626	-13.20121	-106.225	4.5337486	5871.1366314888
52	688.52167	5.6993155	697.75507	682.3413	788.123	28.988705	799.1967	701.2131	804.04895	42.517513	857.1322	700.01373	794.13074	3.1734898	797.98596	789.10254	1000.0	1000.0	1000.0	1000.0	207999	105.79818	26.310812	125.03141	-11.57812	105.79811	26.310116	128.2283	-19.165691	-2.1259727	2.3011317	29.169657	-13.351732	-106.62062	4.456105	6002.082325220108
53	677.8983	9.04948	693.26337	670.93115	815.5119	55.624084	981.74945	783.52734	823.971	44.49429	898.01215	792.1191	797.4064	2.3444235	801.39984	793.994	1000.0	1000.0	1000.0	1000.0	211999	106.21103	26.152695	124.3451	-17.204971	106.21079	26.154251	124.87861	-24.690786	-2.1676714	2.3016229	28.96671	-14.497368	-107.057846	4.336774	6131.3205909729
54	675.1256	11.343231	689.0806	658.29974	787.2484	8.40223	796.9066	772.7367	783.8326	15.231683	795.74365	742.625	781.72107	11.988975	791.63153	748.6911	1000.0	1000.0	1000.0	1000.0	215999	106.72169	26.025393	124.638405	-12.640154	106.72151	26.027706	125.00906	-14.473611	-2.2233372	2.2750719	29.571426	-13.408351	-107.54928	4.177043	6261.88716173172
55	669.3541	8.325324	681.9601	659.56976	773.42334	38.33024	804.73975	699.27545	787.4825	29.147682	802.1712	700.4386	788.5745	22.352167	823.1186	745.72296	1000.0	1000.0	1000.0	1000.0	219999	106.9836	25.975386	131.778	-20.593235	106.98355	25.975832	124.18867	-18.50926	-2.192463	2.2646086	28.95425	-13.083553	-107.794014	4.207801	6391.265365600586
56	670.9343	6.214702	680.2599	662.9781	722.49274	178.25809	798.504	191.35268	630.28284	272.06235	846.2497	133.44995	722.4992	196.25723	801.6715	134.4104	1000.0	929.3	806.1	923.2	223999	107.22082	26.00987	124.6682	-12.6991415	107.22063	26.011024	124.60716	-22.120155	-2.2007227	2.2716002	35.604572	-13.788988	-108.04768	4.130147	6514.3359587192535
57	679.0187	7.396764	689.1542	668.25507	775.4717	30.942259	800.5772	712.8886	800.77264	27.089325	875.2542	777.162	762.4744	44.64217	793.34125	690.4782	1000.0	1000.0	1000.0	1000.0	227999	107.68381	25.629486	125.64762	-15.889803	107.68348	25.631899	128.77126	-24.06082	-2.2277908	2.2728298	27.289267	-13.687274	-108.50871	4.1454334	6647.818822860718
58	659.48816	5.9161034	667.8293	652.4636	729.6094	43.229862	796.21014	695.0909	737.231	61.004826	884.6184	672.3425	716.90906	37.210976	791.79175	692.1128	1000.0	1000.0	1000.0	1000.0	231999	108.00149	25.492102	125.027176	-13.019698	108.00128	25.4937	124.92325	-22.154888	-2.2532187	2.2182446	28.78719	-12.630128	-108.82231	4.009339	6780.347103834152
59	667.50684	8.480515	679.2188	656.89465	712.8739	215.87825	798.524	68.74557	793.2763	5.695005	798.7399	779.7909	795.05774	2.3867092	798.63696	789.3671	1000.0	916.0	1000.0	1000.0	235999	108.16505	25.567171	125.42739	-14.628375	108.16485	25.567896	125.20213	-31.136105	-2.2495723	2.2566614	46.35941	-16.894611	-108.98548	3.929614	6907.444196224213
60	673.6938	8.707506	687.60443	664.0508	797.2294	38.94906	890.0263	716.68994	795.2215	2.8721862	798.80115	790.5783	797.44104	4.370366	808.89276	792.7705	1000.0	1000.0	1000.0	1000.0	239999	108.57113	25.340958	127.16742	-16.141922	108.5711	25.341215	127.202934	-21.865871	-2.2734222	2.248395	42.35132	-12.826162	-109.39389	3.6676512	7041.770286798477
61	666.9721	8.9190445	678.991	656.81836	722.4535	201.37909	799.1843	118.83143	661.5944	271.57068	797.6831	25.026245	621.7227	243.4477	838.6899	165.83578	1000.0	920.8	847.3	835.9	243999	109.01755	25.08335	130.71577	-19.532114	109.01744	25.084034	128.43918	-35.735996	-2.2623796	2.248174	27.501421	-11.239217	-109.83757	3.6942303	7162.379177808762
62	656.5216	10.690464	666.6937	638.55524	798.2285	1.995668	801.1482	793.85425	809.01685	29.074486	892.7183	793.75146	808.7808	14.311243	841.5681	794.7532	1000.0	1000.0	1000.0	1000.0	247999	109.36237	24.95631	126.60663	-17.942303	109.36196	24.959036	129.08727	-25.21303	-2.2889733	2.232273	40.3302	-14.920868	-110.16402	3.7554042	7289.228599309921
63	655.38214	15.158127	681.1065	642.4959	819.9496	37.48962	894.7782	793.06537	812.98376	31.954538	883.73193	794.50134	849.1992	25.993416	879.1886	808.3053	1000.0	1000.0	1000.0	1000.0	251999	109.49176	25.078825	126.21756	-12.066815	109.49144	25.081417	125.86237	-14.293039	-2.2975118	2.24195	31.399113	-13.600812	-110.310974	3.6002202	7421.4950132369995
64	665.613	6.439226	676.3638	659.2449	793.3647	7.283579	801.43695	777.3974	807.10266	29.650328	896.0211	796.14935	799.00226	4.502107	806.6286	791.6644	1000.0	1000.0	1000.0	1000.0	255999	109.88179	24.698214	131.3219	-24.554148	109.88166	24.699232	134.56552	-27.396017	-2.3171523	2.2196295	26.158348	-12.332485	-110.69255	3.4664028	7548.720229387283
65	662.7383	26.549774	696.58484	623.16254	847.3125	39.734905	897.396	797.181	850.291	49.87981	900.2799	776.9137	835.4603	47.35567	898.07166	735.1026	1000.0	1000.0	1000.0	1000.0	259999	110.02811	24.632214	134.53123	-14.795929	110.02791	24.632893	132.26608	-21.315256	-2.303059	2.2228422	31.940155	-13.928442	-110.83754	3.3826323	7677.758496522903
66	685.3439	7.8154793	697.7116	676.0695	849.4933	41.425365	894.8577	796.56696	822.9684	36.812103	898.4256	797.34094	795.5454	130.24583	896.4669	422.1892	1000.0	1000.0	1000.0	956.6	263999	110.13908	24.62072	136.94768	-12.501304	110.13888	24.621521	128.95964	-23.318684	-2.3287494	2.2081482	27.840673	-14.301565	-110.929405	3.4867098	7806.627838373184
67	687.386	14.316073	701.92096	667.39514	814.42737	39.477203	894.49066	773.05884	815.4342	37.031425	894.9765	792.0573	799.59607	6.709112	813.56616	789.52747	1000.0	1000.0	1000.0	1000.0	267999	110.1913	24.670403	129.16179	-13.152767	110.1911	24.672812	127.91918	-21.168364	-2.3151317	2.2306335	36.596985	-12.753485	-110.987656	3.4868598	7936.112932920456
68	674.36365	9.289244	687.2676	662.38116	803.3748	10.07308	822.6053	792.84674	812.4901	26.966099	889.4536	794.73145	809.6839	14.7597065	832.5088	781.7236	1000.0	1000.0	1000.0	1000.0	271999	110.27021	24.546207	127.03329	-14.768085	110.26991	24.548311	126.76225	-17.295912	-2.3063087	2.2302089	31.432373	-12.660101	-111.063194	3.4567904	8069.803496837616
69	685.8418	14.078084	699.5629	666.3822	811.97107	32.39485	886.9717	784.4749	808.4124	29.546741	894.47784	782.2318	825.6247	40.569183	892.65967	795.6894	1000.0	1000.0	1000.0	1000.0	275999	110.55887	24.41365	130.80342	-15.00221	110.5589	24.415783	126.20807	-18.527782	-2.3303406	2.1852036	45.541576	-13.135254	-111.35122	3.3686845	8208.564001321793
70	679.97577	5.6212296	687.9231	672.80865	828.1156	41.325424	894.0095	792.4201	854.1112	46.692333	897.67645	791.95374	818.76306	26.36392	880.9772	798.71265	1000.0	1000.0	1000.0	1000.0	279999	110.73422	24.305016	127.646805	-14.81482	110.73408	24.307182	126.311905	-12.469708	-2.3260946	2.2298203	32.89624	-12.800413	-111.526276	3.3319218	8353.474313020706
71	675.9658	6.2784004	686.557	670.6751	864.93115	39.746326	897.8227	800.5137	858.6138	43.3645	898.0133	798.84546	854.6844	38.24058	893.8268	795.59656	1000.0	1000.0	1000.0	1000.0	283999	110.94694	24.22455	138.48358	-13.147139	110.94684	24.225163	139.37006	-17.401377	-2.3351815	2.2123547	33.11546	-12.828617	-111.722176	3.3052056	8500.792732477188
72	692.96796	7.007147	705.0331	687.8392	773.11115	31.322754	798.73413	699.07306	771.08405	44.406628	808.59863	675.37195	766.7085	25.574165	818.73846	736.13257	1000.0	1000.0	1000.0	1000.0	287999	111.24776	23.909376	135.10419	-24.078857	111.24756	23.911016	133.11028	-19.563581	-2.32974	2.2259483	33.12838	-12.777098	-112.03149	3.206687	8637.066091060638
73	690.84283	4.9338655	696.47253	684.3299	793.485	8.405599	801.03235	776.45245	815.01306	38.673187	893.11176	780.47327	806.54297	15.810394	848.44995	794.32385	1000.0	1000.0	1000.0	1000.0	291999	111.37902	23.93443	126.623856	-18.374985	111.37886	23.935911	126.46629	-23.071545	-2.3752973	2.1846466	37.162743	-13.993251	-112.14926	3.1833725	8773.465183973312
74	693.23926	5.429636	702.0956	687.4077	813.952	37.18634	889.90356	784.3163	827.9388	42.755253	896.2152	796.75977	820.65564	35.52537	895.9222	792.6787	1000.0	1000.0	1000.0	1000.0	295999	111.53552	23.9906	128.24536	-14.070271	111.53549	23.992617	126.55806	-18.201088	-2.3462727	2.2084064	30.200455	-13.214927	-112.31304	3.27738	8910.525176048279
75	693.186	8.110082	705.8361	683.9009	842.3424	54.092857	901.2755	780.4831	846.4206	51.6894	901.2486	781.6382	859.6416	31.918709	895.6304	801.45325	1000.0	1000.0	1000.0	1000.0	299999	111.80455	23.898945	138.49916	-13.248809	111.80412	23.899502	135.07634	-20.170132	-2.3609998	2.2183645	34.61822	-12.764882	-112.5875	3.1457515	9047.60031247139
76	706.53265	7.399505	715.0525	698.0951	801.2687	10.799991	825.41956	790.3356	795.34644	46.91775	896.7736	690.92676	794.9507	2.4583735	797.8203	790.5786	1000.0	1000.0	1000.0	1000.0	303999	112.0929	23.818893	127.36159	-16.973541	112.09268	23.821281	128.04256	-48.442398	-2.3766785	2.1980083	56.91312	-12.867531	-112.8661	3.249488	9187.04130411148
77	699.39795	4.8267126	704.11334	691.53845	814.36536	39.489147	896.54205	781.8472	804.3597	27.798563	887.1286	787.7156	842.8908	37.522858	876.7487	792.84357	1000.0	1000.0	1000.0	1000.0	307999	112.30353	23.73304	127.61235	-20.322268	112.30352	23.734009	127.15159	-29.535646	-2.4015875	2.1964393	29.073734	-17.1704	-113.08034	3.1628642	9323.18188905716
78	713.86633	9.091111	727.9349	703.57404	798.05	38.139587	899.08844	739.3372	782.14185	82.59909	889.5699	591.17834	823.15735	46.108288	891.37103	780.0038	1000.0	1000.0	1000.0	1000.0	311999	112.62713	23.681274	127.84113	-20.103186	112.62693	23.682804	127.86221	-17.529608	-2.3900256	2.202503	32.78043	-11.294251	-113.41016	3.2925284	9461.116382837296
79	690.9475	7.614253	702.6813	681.8348	811.26544	34.153458	896.24615	787.65106	817.35284	48.213596	895.2656	762.79724	811.7489	20.093437	866.05865	792.922	1000.0	1000.0	1000.0	1000.0	315999	112.95477	23.7951	128.72736	-14.878046	112.95448	23.796507	127.85557	-24.909914	-2.423268	2.2222373	32.023148	-12.958561	-113.73011	3.187328	9603.752591371536
80	696.8221	6.891297	700.9065	684.88666	778.38446	17.50129	796.6315	740.4316	797.62634	32.01084	889.1157	764.8089	785.4503	7.928401	795.1692	773.97144	1000.0	1000.0	1000.0	1000.0	319999	113.29331	23.537653	128.14806	-22.244823	113.29333	23.539381	128.09233	-18.69675	-2.440322	2.2138882	25.424221	-14.544619	-114.06214	3.0846002	9737.986056566238
81	691.9501	10.618688	702.0679	675.2831	847.7728	48.581	896.8307	784.949	873.49365	42.09181	896.70776	786.23364	881.35645	18.097887	895.80853	839.34155	1000.0	1000.0	1000.0	1000.0	323999	113.35326	23.589737	128.22514	-19.454617	113.35338	23.590944	128.14943	-13.034679	-2.459681	2.2104316	35.969406	-12.763098	-114.127075	3.0213754	9875.996620178223
82	709.3629	6.23032	719.98334	704.6203	858.34796	38.444088	899.42523	799.19904	851.5135	49.063156	899.69525	789.45996	850.1251	35.344353	892.10956	788.6283	1000.0	1000.0	1000.0	1000.0	327999	113.72134	23.349483	128.43192	-13.459086	113.72111	23.3509	128.25273	-17.100657	-2.4537132	2.2110512	29.256187	-13.001041	-114.50064	2.9630358	10013.583018541336
83	601.2143	204.37276	713.509	192.60692	869.6504	46.651646	897.13354	757.10785	832.7259	47.44154	892.5045	786.88983	873.63544	26.162958	896.96423	798.16974	854.6	1000.0	1000.0	1000.0	331999	114.16254	23.196583	129.16525	-18.837282	114.16267	23.19752	128.72025	-15.325323	-2.4670215	2.2079015	39.92736	-13.661516	-114.936356	3.0007632	10149.527631044388
84	711.9054	7.639718	723.01587	701.49554	760.3642	114.49871	898.3665	613.3605	833.46716	67.673416	898.9712	687.12714	843.2201	38.88606	890.2553	790.82294	1000.0	1000.0	1000.0	1000.0	335999	114.52307	23.09299	129.88425	-12.61262	114.52277	23.09567	128.91895	-27.424849	-2.4369478	2.2104275	46.780853	-12.96183	-115.29641	3.0120575	10290.955235004425
85	709.0364	4.7964087	713.8934	703.9529	792.9266	3.179932	798.4211	787.1172	793.5864	41.765945	890.95325	704.80383	786.91	2.8864324	790.47943	780.7352	1000.0	1000.0	1000.0	1000.0	339999	114.7469	22.92118	130.15694	-14.120661	114.74701	22.923195	128.79155	-22.65581	-2.4420903	2.185617	27.751417	-13.620794	-115.50532	3.028018	10428.607224941254
86	711.6875	13.542253	728.7604	695.71344	825.3055	45.363136	896.8005	789.1996	820.6035	38.414364	892.19806	793.55225	848.9761	36.141125	880.8682	793.8684	1000.0	1000.0	1000.0	1000.0	343999	114.82154	23.06681	129.16249	-18.026394	114.82122	23.070492	129.134	-32.482033	-2.4095287	2.225553	41.846687	-14.225258	-115.59129	3.157883	10566.247200250626
87	705.36487	7.715112	715.2284	697.6903	796.40564	4.4446454	802.044	788.48083	765.18414	66.631004	800.1501	589.7044	795.6527	2.7135508	800.2583	791.67883	1000.0	1000.0	1000.0	1000.0	347999	114.97437	23.021488	130.56578	-16.758024	114.9743	23.024015	129.00157	-44.838764	-2.3998408	2.2650654	33.692307	-15.977606	-115.745285	3.1869755	10702.20896744728
88	708.98157	19.669748	728.1033	678.95636	844.9487	46.979317	896.64996	793.9006	872.20935	36.072773	897.68805	797.6526	884.67737	11.349996	898.5416	853.6758	1000.0	1000.0	1000.0	1000.0	351999	115.35595	22.767117	130.22063	-21.875116	115.35587	22.768816	128.98729	-23.199244	-2.4086118	2.2413177	35.938793	-13.4015465	-116.12205	3.0888681	10840.932903289795
89	712.42786	6.6913333	718.1065	701.41864	854.64355	51.16232	897.7178	784.4389	855.58575	44.12545	894.9873	784.56854	858.97595	32.950794	887.56964	799.6558	1000.0	1000.0	1000.0	1000.0	355999	115.49568	23.023567	129.96739	-12.417584	115.49575	23.024364	129.2581	-16.144083	-2.4446378	2.2183864	38.574615	-13.3786125	-116.26427	3.171032	10976.667744159698
90	707.25775	8.6849375	721.03925	697.2411	847.8832	51.278614	895.0358	779.10565	818.98285	45.03253	894.3521	779.4963	872.5153	12.252844	882.48096	838.69305	1000.0	1000.0	1000.0	1000.0	359999	115.83026	22.764854	130.70193	-13.098653	115.83011	22.76789	129.64241	-17.78065	-2.4653113	2.2240481	30.536251	-15.116964	-116.59041	3.0484989	11116.911040306091
91	718.2975	5.6441307	725.7004	711.34656	822.8634	48.371822	898.7622	770.91125	808.8966	28.13314	893.0784	795.9622	863.4531	42.811413	897.6732	795.9534	1000.0	1000.0	1000.0	1000.0	363999	116.03717	22.692142	129.52159	-20.25083	116.03689	22.694016	129.46678	-30.611475	-2.4655209	2.2335508	33.442093	-13.108306	-116.80982	3.0005982	11252.07832145691
92	714.40015	7.2960854	720.37085	702.3407	844.27966	50.246468	900.2527	783.9285	826.5084	43.575703	896.5038	791.71814	843.4486	30.278	879.5518	797.0716	1000.0	1000.0	1000.0	1000.0	367999	116.34596	22.463049	131.04276	-13.073944	116.34607	22.465532	129.74597	-23.428965	-2.4591706	2.2308745	35.03248	-12.461423	-117.116875	3.0423756	11389.572052240372
93	713.05743	3.0365803	717.0073	709.0058	866.1134	36.13638	898.04614	805.2026	873.72986	33.520214	894.82635	800.91223	875.0145	17.260908	896.7442	832.93835	1000.0	1000.0	1000.0	1000.0	371999	116.55589	22.587801	131.89497	-14.255249	116.55585	22.58985	129.98688	-18.987837	-2.4703524	2.2506943	35.05129	-13.061506	-117.32379	3.1000078	11527.321682453156
94	720.2718	9.803746	730.07574	707.5606	857.20886	49.779835	900.9656	794.4199	867.34143	45.696903	899.7017	795.8431	878.1743	20.633287	899.6509	842.5404	1000.0	1000.0	1000.0	1000.0	375999	116.77191	22.602026	131.38255	-12.131152	116.77169	22.603931	130.32549	-17.642334	-2.5259187	2.2237113	31.383717	-14.823302	-117.539825	2.9601884	11664.031385660172
95	719.73145	12.20285	739.7509	707.3905	882.3761	36.98021	898.10614	772.1141	832.82166	49.328136	895.68567	783.9506	879.2257	27.45588	897.9996	802.5129	1000.0	1000.0	1000.0	1000.0	379999	117.1245	22.247717	131.8412	-16.5192	117.12432	22.249664	132.42386	-20.45551	-2.5440924	2.1941862	35.287727	-14.760141	-117.89688	2.9248278	11800.970919370651
96	706.45654	12.734631	728.1455	696.00385	843.3812	55.652164	900.4643	770.15137	796.7535	46.38661	898.5075	691.8199	870.2077	39.62194	899.4297	801.5025	1000.0	1000.0	1000.0	1000.0	383999	117.23499	22.157957	130.98474	-14.338382	117.23514	22.158577	130.95822	-23.646017	-2.5377095	2.1765282	35.438538	-13.09716	-117.98849	2.7996387	11935.136892795563
97	727.7936	1.5819633	730.47656	726.5224	804.9337	31.015419	897.5251	790.0117	794.0663	6.109188	809.20135	785.93317	808.28253	35.3634	881.62756	784.1441	1000.0	1000.0	1000.0	1000.0	387999	117.21377	22.225132	133.62178	-24.025406	117.21374	22.227894	130.16705	-28.666191	-2.517846	2.1318839	29.25917	-14.063088	-117.96423	2.8768716	12069.34141612053
98	722.3645	10.265478	733.4103	705.55585	795.5958	4.5178413	802.04144	787.49817	812.33704	32.984585	892.17834	793.31665	798.2667	11.757787	832.1872	789.1287	1000.0	1000.0	1000.0	1000.0	391999	117.34367	22.20591	131.26271	-16.772861	117.34343	22.20902	130.91998	-13.597105	-2.5126162	2.1624112	37.398087	-13.872528	-118.09926	2.8894892	12202.818893671036
99	722.38086	6.6035805	730.30884	713.27405	821.912	45.46853	895.69006	768.6857	837.6166	45.746746	894.2186	796.4558	836.742	32.52354	876.1793	796.03656	1000.0	1000.0	1000.0	1000.0	395999	117.43262	22.141169	130.29433	-15.354344	117.43265	22.143202	130.72237	-29.373827	-2.5447006	2.1243649	40.956245	-14.230094	-118.18195	2.6493568	12339.280189752579
100	710.8998	6.0072575	720.15735	704.71765	887.60986	8.967034	894.44403	862.9976	832.7082	47.385914	900.08167	789.2499	856.31213	15.808511	888.68976	836.1819	1000.0	1000.0	1000.0	1000.0	399999	117.55774	21.96777	132.00726	-19.04584	117.55766	21.969406	130.46603	-21.064287	-2.5518308	2.1645503	31.679594	-12.091396	-118.30903	2.796357	12477.297006368637
101	711.14343	15.919044	726.47626	688.35803	795.7245	7.6301904	808.9116	780.02673	814.7901	38.404484	892.6366	784.2554	813.6554	24.68936	877.9315	793.03955	1000.0	1000.0	1000.0	1000.0	403999	117.68792	21.834267	131.83972	-16.668095	117.68802	21.836037	130.97705	-44.242237	-2.54437	2.1514206	28.081429	-12.814547	-118.44633	2.7570486	12613.636835098267
102	726.3051	6.2019687	736.89923	721.2595	879.77344	32.9197	894.5291	782.032	835.39905	45.239693	894.3024	797.0305	851.45	19.121292	871.8428	801.03876	1000.0	1000.0	1000.0	1000.0	407999	117.7024	21.854511	130.67557	-11.190851	117.70229	21.855999	130.91757	-19.183989	-2.5097635	2.1516492	33.20183	-12.692135	-118.45012	2.840354	12748.614452838898
103	725.66296	9.30288	739.0597	715.8468	797.433	3.2778978	800.7856	789.8265	812.1928	26.106947	885.40234	794.5162	796.1393	2.5953436	800.2332	792.04767	1000.0	1000.0	1000.0	1000.0	411999	117.85582	21.64591	130.52258	-14.54975	117.85555	21.646713	130.75009	-17.209026	-2.5262454	2.167726	26.613382	-12.546667	-118.60811	2.6648076	12883.955966472626
104	708.74866	18.731483	729.8071	680.2597	891.7253	62.834423	987.8427	782.4898	856.1174	73.85891	997.4318	793.89404	885.86505	21.536205	906.646	823.9713	1000.0	1000.0	1000.0	1000.0	415999	117.9684	21.698555	131.49986	-13.642578	117.96829	21.70056	131.10258	-28.54814	-2.5601501	2.1529653	30.136772	-12.852625	-118.71116	2.687567	13018.59895825386
105	714.65204	6.220696	722.1472	707.7779	823.8792	45.0094	897.89764	778.9868	832.2374	42.406654	897.82245	799.1445	852.77893	37.007076	886.3423	796.07745	1000.0	1000.0	1000.0	1000.0	419999	118.1168	21.564386	131.19066	-17.90249	118.11664	21.567274	131.08101	-40.954426	-2.5728805	2.123924	23.087612	-13.880003	-118.858826	2.6884933	13157.069344043732
106	727.23553	5.4757857	734.1208	721.1453	846.8244	41.196125	900.2993	786.264	831.0337	44.336967	899.4044	789.17834	855.6172	34.21159	898.1952	799.50183	1000.0	1000.0	1000.0	1000.0	423999	118.22209	21.425867	131.25589	-11.4388	118.22214	21.42655	130.87193	-16.052393	-2.5437517	2.137457	29.185595	-12.331139	-118.95985	2.6811802	13294.051003217697
107	720.6468	4.5973277	728.54553	717.4022	880.6556	24.008398	900.0627	831.2385	805.9278	69.77152	894.6758	629.93616	868.71857	25.291748	897.58716	812.4533	1000.0	1000.0	1000.0	1000.0	427999	118.34439	21.40993	131.33356	-14.426539	118.34439	21.41064	130.88132	-18.330444	-2.5461102	2.1223657	33.376366	-12.21951	-119.08586	2.6149626	13430.50390625
108	724.70886	12.260235	737.4504	704.7044	893.89874	6.388871	900.6141	881.2931	876.65173	40.089016	901.84125	795.57	881.37146	12.050008	899.87646	865.8526	1000.0	1000.0	1000.0	1000.0	431999	118.55406	21.243021	130.91867	-13.3843155	118.55391	21.242722	131.07895	-20.97857	-2.56378	2.1235187	38.374546	-12.225054	-119.29304	2.6121602	13570.269330501556
109	727.5482	10.24403	742.68115	713.9709	826.4305	43.56155	897.2127	788.1998	818.9745	63.223824	898.5236	676.7321	830.2194	14.00355	854.284	802.77295	1000.0	1000.0	1000.0	1000.0	435999	118.52008	21.222198	131.74252	-21.656513	118.52023	21.22332	131.29738	-17.300663	-2.5670733	2.1258607	32.265926	-12.591339	-119.25832	2.583723	13710.129513025284
110	729.1935	9.509425	741.7904	715.3784	877.0667	40.510857	899.66064	794.1004	893.02277	6.061068	900.437	878.72943	864.8915	38.648075	897.09607	799.98346	1000.0	1000.0	1000.0	1000.0	439999	118.69433	21.051262	131.9499	-22.878515	118.69421	21.053295	131.08566	-20.878897	-2.6000438	2.0915463	29.70226	-13.188049	-119.42361	2.6368945	13849.120820760727
111	736.14575	6.077117	742.2889	726.24963	872.8166	35.94031	896.5736	801.84265	856.23865	45.984676	895.84503	797.4568	879.9381	23.81583	898.2754	825.86096	1000.0	1000.0	1000.0	1000.0	443999	118.74304	21.329638	131.76974	-21.352106	118.74299	21.330927	133.03674	-28.398218	-2.6103432	2.1222284	26.457638	-13.458745	-119.48242	2.722768	13985.05825805664
112	727.0371	13.916523	742.33624	705.7979	828.3714	35.789318	895.145	785.4007	844.0804	49.097786	898.2646	779.75977	881.8131	28.7268	898.5941	796.98816	1000.0	1000.0	1000.0	1000.0	447999	118.9691	21.142168	132.61314	-22.8023	118.96891	21.144566	132.99902	-30.490826	-2.5927842	2.124271	28.094198	-13.85188	-119.69954	2.664835	14122.215677261353
113	728.7734	5.3196282	735.0716	722.752	771.65814	123.49441	899.4524	590.49194	818.49445	39.31688	896.9272	790.2157	846.3088	46.127735	899.12134	781.89874	1000.0	1000.0	1000.0	1000.0	451999	119.06401	20.9973	134.22182	-18.739481	119.06408	20.999699	132.76344	-22.188665	-2.6327953	2.084282	30.825975	-14.000589	-119.783585	2.577376	14258.56541800499
114	734.3316	6.4050584	741.6	725.263	857.54297	48.8648	899.7586	792.68243	885.2379	28.550909	898.84875	799.8738	882.5788	27.010084	896.611	806.4926	1000.0	1000.0	1000.0	1000.0	455999	119.25813	21.126547	131.78769	-17.595694	119.25784	21.12927	140.45512	-15.106342	-2.666439	2.0991569	30.004017	-14.862877	-119.99284	2.540359	14393.80838227272
115	733.4196	8.340081	744.7843	723.0949	888.5397	29.328794	901.5301	800.7242	877.3294	40.346245	901.11365	795.10077	884.0187	32.317852	900.6242	791.03564	1000.0	1000.0	1000.0	1000.0	459999	119.49875	20.82689	131.81625	-19.722742	119.49859	20.827972	131.79263	-31.514412	-2.6404788	2.091112	28.579998	-13.286136	-120.23287	2.4752676	14533.381538629532
116	728.51465	8.178455	737.6198	720.3084	897.3861	1.3858008	900.402	895.35486	878.32166	39.084938	900.53625	800.13684	893.40784	2.7071738	897.67804	889.216	1000.0	1000.0	1000.0	1000.0	463999	119.64805	20.642534	132.35764	-16.777348	119.64805	20.643991	132.93604	-25.453093	-2.6121964	2.1019628	27.442968	-12.5534115	-120.387955	2.5791621	14671.069116592407
117	727.92017	3.266048	733.1545	724.1571	865.08875	42.208565	896.42535	799.2898	855.5397	45.010685	896.6796	797.94086	878.35724	26.577215	894.2418	799.9306	1000.0	1000.0	1000.0	1000.0	467999	119.80765	20.53789	136.10873	-14.771133	119.80775	20.53844	131.94798	-20.819405	-2.6493323	2.0811884	28.446926	-12.977036	-120.53582	2.5168872	14807.374069929123
118	733.4788	7.415473	740.50415	721.25745	885.9669	27.269499	900.80084	807.41296	809.5005	91.62234	899.17474	596.57837	876.5536	27.239681	899.4677	801.99316	1000.0	1000.0	1000.0	1000.0	471999	119.9278	20.58866	132.08308	-15.365225	119.92786	20.588316	132.05893	-19.021458	-2.6499722	2.0892305	31.73705	-11.941389	-120.66339	2.4513223	14942.659848928452
119	708.8093	19.952778	733.3845	686.2511	825.77136	46.48111	898.3717	790.3615	865.181	39.784065	897.01715	792.98224	873.2503	31.181845	896.57965	806.52545	1000.0	1000.0	1000.0	1000.0	475999	120.11737	20.6083	131.97647	-15.106541	120.11686	20.61176	132.25238	-34.900055	-2.670786	2.0774188	27.776144	-12.840509	-120.84347	2.3864944	15077.946477651596
120	725.7143	24.994606	748.2766	683.5161	886.1847	29.897203	900.4437	796.8836	836.14417	69.95082	900.31665	680.30176	889.7176	13.374967	898.9444	850.9366	1000.0	1000.0	1000.0	1000.0	479999	120.20476	20.640062	132.83832	-27.83233	120.20457	20.642502	132.47537	-22.596756	-2.7099915	2.0607152	35.94129	-16.340782	-120.93451	2.4849102	15212.2980260849
121	720.5646	15.82348	739.7839	699.4612	805.8319	85.098694	899.9617	688.9444	850.62286	90.4358	902.76404	598.20386	845.6488	42.30437	896.0106	799.74915	1000.0	1000.0	1000.0	1000.0	483999	120.2392	20.649855	133.2801	-13.440819	120.23909	20.650997	132.40105	-22.23018	-2.7061028	2.0530238	38.964302	-13.411546	-120.952805	2.549609	15348.650551319122
122	741.10144	3.7272527	746.01447	736.8442	886.326	30.028406	899.92334	796.5386	857.4364	50.200817	900.995	794.6189	881.0695	33.474026	900.8637	786.6187	1000.0	1000.0	1000.0	1000.0	487999	120.19991	20.702236	132.47212	-15.095842	120.20024	20.704079	132.78406	-22.736656	-2.6762047	2.0714948	33.777206	-12.022189	-120.92283	2.4060986	15486.20162987709
123	734.4611	5.266639	739.40125	726.07166	882.4332	16.289017	899.55975	854.3529	873.9792	39.580032	900.3005	795.6002	880.216	15.84418	897.7261	852.34265	1000.0	1000.0	1000.0	1000.0	491999	120.46623	20.503506	133.72316	-17.091002	120.46575	20.50627	134.06775	-17.539246	-2.6921318	2.0980186	41.04031	-14.678629	-121.18222	2.498994	15623.59474492073
124	736.1665	9.982533	746.38336	720.0703	844.85284	42.138885	893.7797	790.9586	783.6083	72.563156	888.61444	583.0494	820.6359	19.911402	853.0558	794.9405	1000.0	1000.0	973.6	1000.0	495999	120.62944	20.443266	132.71875	-13.344915	120.6293	20.445684	132.93561	-29.545368	-2.7052424	2.0887914	46.33061	-14.217331	-121.34918	2.4553921	15759.608558654785
125	719.5626	5.936784	727.63416	711.4843	828.7982	76.40816	896.77075	640.3194	836.9662	86.70207	898.30176	608.48047	856.7816	38.713142	899.7648	800.9831	1000.0	1000.0	1000.0	1000.0	499999	120.75992	20.25676	133.11174	-17.249378	120.76011	20.258022	132.62044	-19.304907	-2.718816	2.0662932	30.271734	-13.534547	-121.48246	2.3864057	15897.35991024971
126	724.834	6.7033978	734.7921	716.09607	836.3504	94.16024	900.5952	590.55804	863.4056	96.68709	900.1363	573.54095	882.1138	20.61723	897.90704	830.2207	1000.0	1000.0	1000.0	1000.0	503999	120.88226	20.292988	132.65471	-15.431247	120.88243	20.293894	132.60564	-22.764202	-2.7290943	2.051775	26.99348	-14.266291	-121.60606	2.4192607	16033.370008945465
127	735.0398	9.402465	750.5967	726.5746	840.7051	59.2939	898.2029	728.6719	846.64844	48.903233	899.60364	795.2066	885.0182	25.967304	898.5691	807.85406	1000.0	1000.0	1000.0	1000.0	507999	121.10287	20.238943	135.77391	-16.55685	121.10262	20.24032	132.68654	-19.8016	-2.7385538	2.08229	42.610714	-12.018428	-121.8285	2.4856782	16168.422470092773
128	720.23584	10.370611	733.0957	704.9459	874.12634	41.049843	899.7136	793.20844	854.3781	48.74563	897.8855	788.70605	872.24445	38.148537	900.70593	798.62775	1000.0	1000.0	1000.0	1000.0	511999	121.32231	19.9808	132.78525	-12.340384	121.3223	19.981876	132.52791	-13.141457	-2.7355406	2.0317888	35.48522	-15.419881	-122.03143	2.261291	16304.077783584595
129	727.74414	8.166257	733.9631	713.71136	869.9424	37.42498	900.68994	797.30414	804.9335	114.7616	894.6838	588.3755	870.9874	23.96833	894.32135	834.5436	1000.0	1000.0	1000.0	1000.0	515999	121.25351	20.016226	133.32547	-13.874211	121.25354	20.017536	132.89714	-26.888313	-2.7390566	2.0359292	33.779488	-12.85498	-121.96172	2.3727121	16441.079493522644
130	730.3351	7.4479413	736.72845	717.7117	877.60974	38.967247	900.7877	793.98254	852.3078	80.14901	901.9462	642.0893	876.5488	39.851234	903.7102	792.21906	1000.0	1000.0	1000.0	1000.0	519999	121.45349	20.00092	139.84758	-14.396955	121.45328	20.003681	141.08496	-14.70867	-2.7190878	2.0931263	50.606804	-13.13143	-122.1819	2.4568958	16578.806206703186
131	725.1693	10.602481	738.9497	709.20184	876.19617	41.220966	900.03546	792.37885	860.443	45.941807	900.21326	793.4188	862.17126	36.45338	898.4775	791.3395	1000.0	1000.0	1000.0	1000.0	523999	121.70031	19.50163	144.33086	-16.832075	121.70036	19.501343	147.7404	-23.215258	-2.7210157	2.0900073	57.73427	-12.658591	-122.42906	2.6580894	16717.558880090714
132	740.2412	8.539798	747.1638	725.932	856.6105	47.80079	898.16547	794.54034	809.4412	66.833435	897.6216	676.82587	838.2194	44.498375	894.75867	787.4354	1000.0	1000.0	1000.0	1000.0	527999	121.61866	19.509218	134.93066	-20.896465	121.61882	19.510078	134.39082	-30.23727	-2.7254834	2.0017314	29.429064	-13.347641	-122.31565	2.482365	16853.82644557953
133	743.0695	10.79892	756.8152	731.68896	893.59296	9.551956	901.26245	866.856	876.96545	41.01037	901.95984	793.2525	867.3839	39.861053	898.8657	785.71735	1000.0	1000.0	1000.0	1000.0	531999	121.52945	19.68911	134.95975	-19.442654	121.52923	19.690794	136.15552	-19.574404	-2.7637098	2.0109315	30.06734	-13.281136	-122.22969	2.428818	16990.596438884735
134	735.9488	16.94097	756.5555	716.7724	9.572126	4.7793508	19.24776	3.7475958	15.731878	10.902269	42.006874	4.6302776	451.1648	439.18564	892.9008	2.299305	1000.0	59.2	69.2	532.1	535999	121.55737	19.681868	155.34868	-20.865273	121.5572	19.683039	162.7873	-16.281797	-2.7337837	2.102	43.65112	-12.133301	-122.267265	2.5426416	17088.4834048748
135	104.21083	200.66599	730.89014	-11.839824	184.24716	356.2805	899.17725	1.4845154	185.27405	356.295	900.1514	1.9860541	183.31068	356.92548	897.3843	1.1469759	196.34782	259.9	260.7	259.3	539999	122.36307	19.382637	164.30963	-29.556751	122.36317	19.381908	166.34424	-29.227283	-2.54792	2.2926536	45.795536	-13.592792	-123.17237	3.0922525	17191.53427004814
136	60.99926	133.1653	567.4607	3.3619673	277.64297	321.6005	798.78973	38.8955	298.61972	348.68976	893.2116	45.90127	290.49396	312.6427	804.80365	45.417316	146.92592	384.3	389.9	401.4	543999	122.85674	20.122486	150.2515	-27.596395	122.85688	20.12512	151.62274	-42.363552	-2.7284772	2.0193927	23.559969	-13.183125	-123.58436	2.947301	17301.07075881958
137	622.63904	25.911472	652.57043	584.04834	887.39026	6.9357486	901.50183	881.23193	866.6473	30.035864	889.94336	792.03436	851.7542	35.068504	897.17535	789.0884	1000.0	1000.0	1000.0	1000.0	547999	122.20908	21.051119	143.58467	-16.906992	122.2092	21.053888	144.57253	-22.0855	-2.7413375	2.071826	25.329506	-15.090378	-122.91831	2.8032181	17444.402893066406
138	535.2793	250.8396	698.38605	101.71709	699.56335	189.4204	879.0097	189.43808	792.7161	91.56601	896.2522	592.2381	776.1549	129.4885	877.9024	453.48557	797.5	927.6	1000.0	964.9	551999	121.86723	20.578293	139.01683	-19.861303	121.86753	20.575647	139.25479	-30.01333	-2.7301044	2.0514348	38.88928	-15.448669	-122.575714	2.784838	17580.279324769974
139	706.1339	12.861169	719.7383	686.9505	567.2494	368.55908	899.77313	106.92503	585.59186	366.39767	901.72064	104.92295	414.4733	288.2823	857.87366	100.79822	1000.0	664.8	673.5	520.0	555999	121.56946	20.287315	134.90852	-21.015383	121.56964	20.287254	135.13428	-20.451788	-2.713887	2.1000218	37.446476	-12.518466	-122.29191	2.6784084	17697.78874540329
140	722.40393	16.839006	749.0824	706.19086	818.3131	39.62547	899.3243	790.6044	782.76746	41.032856	813.4465	691.32837	858.21454	46.453434	898.5867	790.5007	1000.0	1000.0	1000.0	1000.0	559999	121.726	19.872288	133.54073	-20.691875	121.72586	19.873419	134.09396	-26.924332	-2.6821969	2.1482992	39.96583	-12.434135	-122.451126	2.4827683	17836.262139558792
141	719.21893	8.035362	732.32196	710.44366	833.12354	78.98755	898.36566	696.8687	858.2223	86.26962	988.3516	687.0069	866.41846	40.85015	899.15314	798.6344	1000.0	1000.0	1000.0	1000.0	563999	121.79703	19.580257	132.43367	-20.613134	121.79698	19.582006	132.44757	-20.2504	-2.8204753	1.980978	34.100597	-13.93063	-122.51463	2.1959734	17975.790776729584
142	700.6578	30.573473	735.57697	651.52094	902.0109	2.416011	905.4245	896.07715	891.47754	27.67062	903.4303	808.81116	895.96466	19.37732	946.4674	870.7717	1000.0	1000.0	1000.0	1000.0	567999	121.47741	19.765913	135.08238	-16.860584	121.47744	19.765888	143.51878	-17.16332	-2.8697152	1.8612709	45.485477	-12.275093	-122.18027	2.1700494	18114.804750204086
143	718.54443	9.005764	728.6046	705.4234	850.18994	55.515892	901.0405	762.89087	855.24005	47.774216	900.6579	784.9452	837.6291	49.706665	901.2976	787.11395	1000.0	1000.0	1000.0	1000.0	571999	121.24633	19.93249	133.45702	-18.958178	121.24633	19.933784	132.52522	-20.622787	-2.8262918	1.8888942	37.441055	-12.637098	-121.94314	2.194091	18257.34370136261
144	728.5445	8.166165	738.2354	716.00195	717.1278	97.49376	895.3021	597.10364	801.65344	92.67434	895.39703	685.50226	763.6915	67.99683	888.9743	683.93036	1000.0	1000.0	1000.0	1000.0	575999	121.18923	19.985126	132.67267	-14.602663	121.18939	19.986284	132.68753	-23.569551	-2.8022037	1.9400634	30.740267	-12.716181	-121.88602	2.301509	18396.477883815765
145	720.1973	8.66722	733.15424	709.08905	853.1209	59.852596	902.3455	743.3986	859.03894	65.878784	901.4972	701.714	863.25244	49.37352	900.86725	781.52136	1000.0	1000.0	1000.0	1000.0	579999	121.18861	19.907598	132.69717	-18.041128	121.18848	19.909565	133.12863	-19.298487	-2.7441423	2.0011375	24.415525	-13.436119	-121.894455	2.3338664	18541.40448832512
146	734.4077	8.719911	747.211	723.1243	828.78937	47.514965	902.6772	795.2124	837.26965	95.18447	901.5466	587.34235	877.3086	33.137146	900.88513	794.25305	1000.0	1000.0	1000.0	1000.0	583999	121.11657	20.082952	132.62675	-29.866823	121.11643	20.086136	132.62224	-29.231537	-2.7423873	2.0354736	24.8843	-11.555304	-121.82487	2.2551146	18681.586166620255
147	735.8953	4.9739165	741.8426	730.08923	857.9863	41.541275	899.8665	795.72284	846.6496	68.325226	898.4399	688.8378	832.8373	49.010506	896.0104	787.2448	1000.0	1000.0	1000.0	1000.0	587999	121.35121	19.859684	133.15347	-26.031187	121.35127	19.85947	132.76572	-30.25559	-2.7438757	2.030397	32.002434	-13.3462925	-122.065674	2.2074192	18822.202721834183
148	729.2774	9.507724	740.5017	719.83887	771.5529	75.072014	899.7826	696.5153	878.3457	60.667027	899.95856	696.36566	858.2863	47.74309	899.5475	782.06714	1000.0	1000.0	1000.0	1000.0	591999	121.41831	19.823439	132.71764	-41.238136	121.41852	19.822691	132.45628	-35.755238	-2.773916	2.0020406	22.821562	-13.391186	-122.13586	2.1781354	18959.909259557724
149	731.568	13.7016945	751.6496	713.80206	876.3436	41.86167	903.4213	790.53204	857.7127	79.299225	900.9185	698.4895	870.5508	32.687176	899.4848	787.517	1000.0	1000.0	1000.0	1000.0	595999	121.45704	19.920815	132.90822	-14.975195	121.45712	19.921034	132.80139	-18.857084	-2.8116162	1.9884284	29.266611	-12.901817	-122.15526	2.2233152	19097.063435316086
150	739.0801	5.9355774	748.13605	731.91925	766.9922	40.14053	800.4524	693.12933	756.7662	99.117386	890.95233	597.5401	769.4185	35.606247	805.4527	718.9958	1000.0	1000.0	1000.0	1000.0	599999	121.51272	19.932661	132.6412	-25.377508	121.51239	19.933828	132.67284	-27.656836	-2.8195193	2.002838	28.501022	-13.504246	-122.23194	2.280565	19234.59243440628
151	744.79535	16.838207	766.10046	720.98	816.523	60.232178	897.7251	694.776	836.0511	93.31339	899.51105	590.35474	825.39435	53.808125	895.3476	746.2645	1000.0	1000.0	1000.0	1000.0	603999	121.61366	19.788923	132.99521	-24.492983	121.61376	19.790741	133.00046	-30.602423	-2.8137357	2.0032306	24.44278	-12.538601	-122.31995	2.207997	19376.91557121277
152	746.8596	4.2186236	751.28534	741.6154	833.96375	70.57384	901.6691	701.88947	842.5038	74.44121	901.5831	688.9417	870.39453	42.5123	901.3958	792.1148	1000.0	1000.0	1000.0	1000.0	607999	121.68497	19.561563	133.15854	-19.30595	121.68487	19.563614	132.95609	-27.285196	-2.8061345	1.9885131	27.638847	-12.022892	-122.3914	2.2209089	19516.11032629013
153	735.7583	10.089526	750.6462	722.16925	858.1074	65.04793	902.0923	705.18036	855.0417	93.53382	901.709	596.6035	874.2905	33.51704	900.2296	793.9233	1000.0	1000.0	1000.0	1000.0	611999	121.68066	19.51873	133.78407	-13.05943	121.68107	19.51992	133.49338	-18.157902	-2.7905276	2.0020552	34.370113	-11.784149	-122.37881	2.2743394	19654.9980199337
154	728.465	10.279791	746.2695	722.3878	854.2344	89.9361	900.3121	600.76605	806.24817	118.57334	898.51025	605.0369	887.3026	13.494413	898.057	852.14923	1000.0	1000.0	1000.0	1000.0	615999	121.70231	19.51873	133.67918	-14.936574	121.70242	19.519777	133.86174	-24.607649	-2.7846	1.9789635	39.071163	-15.828571	-122.40809	2.2220926	19794.764231443405
155	736.7385	5.673642	744.92004	729.2812	860.0047	63.518093	901.4939	696.1393	863.7409	43.487267	899.5657	795.0188	881.0041	33.4307	902.7936	792.9083	1000.0	1000.0	1000.0	1000.0	619999	121.80139	19.440752	134.48698	-16.23008	121.80147	19.439838	136.68774	-18.264368	-2.7980344	1.9631578	25.784426	-15.009811	-122.50751	2.081918	19933.13809657097
156	714.3298	11.301956	725.29504	696.6888	841.7137	79.09838	902.9032	698.573	838.8376	78.489655	900.17084	695.9921	853.50226	60.47344	913.1894	760.3263	1000.0	1000.0	1000.0	1000.0	623999	121.90102	19.380333	132.7603	-14.405559	121.90095	19.38476	132.77437	-21.731804	-2.8153706	1.9451998	23.248444	-13.081743	-122.60472	2.0306268	20076.498066186905
157	728.8375	6.8697586	737.38617	721.2509	837.2093	91.63162	902.24097	598.3307	858.6243	88.15198	901.4768	610.2792	861.9297	51.244923	898.46747	774.01105	1000.0	1000.0	1000.0	1000.0	627999	122.07286	19.25231	134.8921	-18.889143	122.07329	19.25272	133.49753	-19.47017	-2.8176866	1.9867868	27.2833	-12.595436	-122.7805	2.1009393	20217.737156152725
158	728.3178	10.740066	743.4609	713.4827	836.2206	77.55913	902.6282	721.64813	879.0295	61.578506	903.6157	694.6091	840.40564	68.400345	902.34753	731.65765	1000.0	1000.0	1000.0	1000.0	631999	122.07166	19.299927	132.9003	-15.06945	122.07149	19.303333	132.7703	-22.946312	-2.8140166	1.9576265	23.619009	-11.565147	-122.76845	2.098303	20357.281116962433
159	733.4021	8.617931	745.4699	721.13873	867.16766	86.88525	901.42334	606.73346	846.8748	102.46544	900.05725	602.49054	892.9588	5.348578	900.67316	886.34296	1000.0	1000.0	1000.0	1000.0	635999	122.11461	19.414856	133.36456	-20.208458	122.11459	19.41617	133.10658	-23.643068	-2.8048878	1.971591	30.72382	-13.809374	-122.81321	2.155458	20494.92149066925
160	718.3581	12.308119	728.88416	697.4794	865.1673	46.89568	903.0313	785.78284	861.58154	54.083015	900.3161	744.1813	853.0091	50.17593	897.532	789.4808	1000.0	1000.0	1000.0	1000.0	639999	122.23724	19.31995	135.5888	-21.713184	122.23743	19.321405	134.51363	-30.686745	-2.8340554	1.9720223	24.974493	-12.468211	-122.93862	2.1130264	20635.385766267776
161	726.0171	4.294851	730.14374	719.773	859.60266	41.31295	902.2316	797.2855	844.9364	54.959606	903.0065	768.91797	857.7492	64.37169	901.81793	731.9082	1000.0	1000.0	1000.0	1000.0	643999	122.34329	19.264336	138.88397	-14.129484	122.34312	19.266567	133.1276	-42.32367	-2.8524504	1.9533541	25.076336	-14.041702	-123.04836	2.143508	20775.354670524597
162	717.19604	7.2812533	727.07697	707.162	872.14325	43.835327	903.43695	802.82196	864.10614	55.642952	950.8002	795.9726	879.696	34.028996	899.4313	809.0885	1000.0	1000.0	1000.0	1000.0	647999	122.41427	19.15858	133.52834	-12.816493	122.41431	19.160288	133.14479	-19.671005	-2.8519506	1.9762487	23.151945	-14.400635	-123.12465	2.1567757	20917.574731349945
163	738.2459	12.296389	758.3977	725.4052	834.12683	49.73022	897.717	775.846	864.15735	45.01974	896.9035	794.08075	877.6564	30.564531	898.3515	811.46	1000.0	1000.0	1000.0	1000.0	651999	122.55084	18.953394	133.29063	-23.555464	122.55102	18.955898	133.2818	-21.54744	-2.8426316	1.933341	24.764992	-12.382881	-123.23588	2.0918546	21056.433831453323
164	746.6695	9.059963	753.04034	731.07635	868.2334	64.788216	900.7892	696.0591	845.73193	79.94258	898.6817	694.8643	871.0773	43.396187	898.5561	782.5874	1000.0	1000.0	1000.0	1000.0	655999	122.61468	19.08614	133.43796	-14.126507	122.61458	19.088379	133.35086	-16.521105	-2.845858	1.9511441	21.147007	-14.771415	-123.31428	2.0540078	21198.031294822693
165	740.5369	13.1017475	757.9522	723.0012	847.6229	101.38238	901.12683	605.0866	854.1234	67.927986	900.511	688.06555	884.275	32.65038	899.3396	787.2787	1000.0	1000.0	1000.0	1000.0	659999	122.52035	19.337719	133.48126	-15.699612	122.52054	19.337385	133.37895	-28.627998	-2.840089	1.9421563	26.853138	-14.665467	-123.213554	2.196488	21337.311429023743
166	739.1628	5.895491	745.71356	730.9172	839.214	118.676544	902.01215	601.66595	804.8539	124.80674	900.8695	586.14215	886.0648	23.806154	900.3733	829.49243	1000.0	1000.0	1000.0	1000.0	663999	122.6194	19.156069	133.81725	-14.549081	122.61938	19.158165	133.32993	-16.049131	-2.806033	1.9623234	27.76787	-12.091967	-123.315186	2.1048892	21473.94552373886
167	744.25275	6.4699087	755.2288	738.5154	826.99335	91.08561	903.2766	694.5671	866.11755	64.190765	900.96466	694.6882	862.54803	49.95194	901.49805	778.2129	1000.0	1000.0	1000.0	1000.0	667999	122.5646	19.27752	134.48729	-19.668642	122.56474	19.276505	133.51787	-24.684614	-2.811918	1.9571457	30.849197	-13.635404	-123.25615	2.170657	21611.724910497665
168	737.036	10.698078	747.8438	724.845	888.1779	30.7848	902.5357	796.3322	878.20636	41.967705	902.6345	788.5262	882.2417	32.996674	902.0915	787.8008	1000.0	1000.0	1000.0	1000.0	671999	122.66486	19.306284	133.57863	-19.194414	122.66505	19.306156	133.40399	-35.821583	-2.8237875	1.9640855	37.15486	-14.094573	-123.36246	2.1565697	21749.745670080185
169	739.8976	6.7932277	748.896	731.07007	866.764	67.2807	901.40356	685.50476	878.8747	39.228832	900.75745	799.84344	892.43524	8.363145	899.1495	874.3025	1000.0	1000.0	1000.0	1000.0	675999	122.89205	18.933615	133.61465	-16.49403	122.89233	18.93478	133.35243	-23.733833	-2.8404434	1.9588987	23.778038	-14.667875	-123.58572	2.110605	21887.463589906693
170	720.65314	9.645761	731.1721	704.91583	859.6499	86.40398	900.71326	617.0117	856.0908	47.870445	900.1346	792.1867	885.058	23.667337	900.4751	819.78766	1000.0	1000.0	1000.0	1000.0	679999	123.0118	18.88005	133.67471	-10.663345	123.0118	18.881252	133.63655	-31.656702	-2.8529334	1.925434	28.94054	-12.450255	-123.70743	2.1099093	22028.601382017136
171	738.8289	8.8546295	747.24396	725.57684	900.27637	1.1872561	901.6892	898.18	888.5864	30.032816	901.2377	798.655	874.32227	32.496693	900.0134	791.7439	1000.0	1000.0	1000.0	1000.0	683999	122.96911	18.907125	134.05469	-18.84298	122.96924	18.90782	133.38933	-20.28524	-2.8580291	1.9180671	31.488974	-15.307095	-123.655	1.9952539	22168.87344312668
172	737.25476	11.833095	749.4711	723.31085	878.72577	37.73817	900.5506	798.1226	855.47754	80.38951	900.0071	693.0352	894.47626	4.117845	898.8152	886.008	1000.0	1000.0	1000.0	1000.0	687999	122.95011	18.934246	133.65254	-17.81876	122.9502	18.93639	133.77994	-19.814098	-2.83339	1.9350268	29.340958	-13.959084	-123.63805	2.1659331	22306.055752277374
173	738.421	9.169273	751.09607	725.25055	836.5579	77.78247	899.84955	699.1854	850.5	72.555374	896.35565	696.8458	860.4709	42.625378	894.6097	791.37274	1000.0	1000.0	1000.0	1000.0	691999	122.93392	18.793848	136.84119	-12.103297	122.93404	18.794039	133.80515	-29.437988	-2.827722	1.9285734	28.116999	-12.929952	-123.617935	2.006429	22444.390318393707
174	734.7493	8.631954	744.5538	724.3256	874.6849	39.197353	900.9463	797.36096	856.001	68.69224	899.4074	692.0573	876.6416	40.24662	899.03577	794.6072	1000.0	1000.0	1000.0	1000.0	695999	122.92397	18.521645	133.8783	-20.675125	122.92412	18.521889	133.70338	-22.328627	-2.8153586	1.9160558	28.832943	-12.87004	-123.59984	2.0200965	22585.611828565598
175	742.8641	1.4938273	744.6416	741.2798	870.5296	54.009274	902.2154	755.9994	870.5416	63.20133	901.3412	698.0162	872.7114	31.828049	899.22687	814.80334	1000.0	1000.0	1000.0	1000.0	699999	122.72661	18.713293	134.18704	-29.07059	122.72646	18.714813	135.56322	-33.956955	-2.8281932	1.9155217	28.494553	-12.754673	-123.40585	2.0522075	22730.43164420128
176	740.33093	5.695861	748.8511	735.0471	885.8312	29.837942	898.97644	796.5375	854.78046	93.17708	900.08875	592.0262	883.629	30.708443	899.2425	794.50305	1000.0	1000.0	1000.0	1000.0	703999	122.81981	18.420849	133.7702	-18.530163	122.82015	18.422037	133.44086	-23.919357	-2.8482885	1.897105	38.53421	-12.548979	-123.49804	1.9173418	22870.528104305267
177	735.72656	8.441348	748.7284	725.1963	867.53125	64.04708	902.16376	697.0146	847.85876	80.99859	901.7233	693.7657	875.0563	41.93052	899.1266	791.69183	1000.0	1000.0	1000.0	1000.0	707999	122.84191	18.607517	134.79228	-14.473094	122.8419	18.609528	133.35413	-20.034147	-2.8505967	1.9242201	49.868225	-11.426026	-123.52401	2.1585758	23014.193432569504
178	746.8434	12.763986	768.3863	736.16516	865.2007	64.96808	899.24493	689.60376	846.6362	103.356415	900.387	595.3001	879.0123	33.27361	898.5863	781.98834	1000.0	1000.0	1000.0	1000.0	711999	123.0015	18.579193	134.14444	-14.639983	123.00139	18.580389	133.36403	-19.501774	-2.8686767	1.918339	26.622437	-11.904704	-123.68748	2.0685322	23152.730120897293
179	739.35406	8.7038765	749.855	728.1551	867.0303	63.171154	901.34265	698.8572	857.03015	90.108	900.93726	601.9161	894.70215	3.7785077	900.37085	887.4051	1000.0	1000.0	1000.0	1000.0	715999	123.1778	18.646105	134.11324	-13.779064	123.17765	18.649654	133.84763	-13.791082	-2.8620052	1.9030154	26.830711	-13.290151	-123.863495	2.1024923	23289.767199993134
180	753.4276	8.037582	767.0871	746.44507	761.80035	89.13655	899.88293	633.55225	870.14514	54.499622	901.0905	733.98224	814.69226	91.656555	900.15356	700.5562	1000.0	1000.0	1000.0	1000.0	719999	123.31739	18.620544	136.27374	-16.970968	123.31727	18.623188	134.79506	-23.229855	-2.8801224	1.907415	29.56924	-12.57321	-124.002075	2.0186439	23434.573667049408
181	729.12195	16.764622	755.4798	709.4886	897.62305	4.420299	902.9339	890.53595	872.8504	77.99515	904.4349	639.20984	888.9549	29.169474	901.6532	801.5294	1000.0	1000.0	1000.0	1000.0	723999	123.38458	18.467834	133.9379	-14.003609	123.3848	18.467522	133.7337	-17.624805	-2.8567839	1.8936933	26.521114	-15.0956545	-124.07277	1.9544923	23574.355900287628
182	733.1194	8.957522	743.94415	719.15936	878.33936	41.057564	902.2178	794.77094	858.59216	66.4832	901.29956	697.44836	876.6504	41.06839	900.0821	790.17224	1000.0	1000.0	1000.0	1000.0	727999	123.46238	18.564363	135.14227	-14.554313	123.46222	18.566349	133.9705	-25.238205	-2.8401012	1.9112246	26.002975	-13.127445	-124.15221	2.0638008	23713.9704580307
183	738.9665	8.008986	748.7637	730.2153	896.24384	4.451777	901.5041	885.9043	865.34894	90.46303	900.1499	594.145	881.92957	31.817583	899.47485	788.29083	1000.0	1000.0	1000.0	1000.0	731999	123.4827	18.522106	133.99808	-16.659616	123.48296	18.522367	134.14737	-22.311607	-2.8768053	1.8942939	22.515028	-13.899832	-124.16776	2.0093002	23854.95043182373
184	742.91846	14.855947	762.1807	724.05896	808.88245	95.62731	903.10156	693.27106	856.8802	69.849594	904.35394	702.3041	875.5163	42.323093	901.655	763.6824	1000.0	1000.0	1000.0	1000.0	735999	123.59154	18.47166	135.77522	-17.301552	123.59184	18.470486	134.36864	-19.044394	-2.8623166	1.9216777	26.712105	-12.474512	-124.27795	1.956115	23993.573661088943
185	748.2322	9.210826	763.68896	739.8716	842.1891	81.73462	903.1392	695.1339	847.99445	99.548836	901.7824	604.7559	887.1996	18.88062	900.3189	844.47955	1000.0	1000.0	1000.0	1000.0	739999	123.6621	18.427809	134.1879	-25.857044	123.66222	18.428997	134.20287	-21.714813	-2.8454893	1.9199821	21.882683	-13.598648	-124.34014	1.9272041	24132.441658973694
186	743.26404	13.10804	761.9024	724.874	871.1693	42.081806	900.2239	801.05896	855.86786	81.785065	900.677	691.3322	861.8485	43.85641	898.8184	792.7128	1000.0	1000.0	1000.0	1000.0	743999	123.66024	18.44109	134.25545	-16.522856	123.66016	18.443695	134.24388	-19.109371	-2.8640978	1.8706592	35.557945	-12.533125	-124.33431	1.9603467	24274.260987520218
187	739.8385	8.125928	751.5561	731.50104	795.70154	124.15278	897.82886	600.62836	846.47766	93.08906	897.24097	590.4148	873.94354	30.605896	895.5234	794.7206	1000.0	1000.0	1000.0	1000.0	747999	123.63714	18.357265	134.33418	-18.388683	123.63707	18.359163	134.30109	-24.22468	-2.8640985	1.8837429	24.963722	-12.145357	-124.314766	1.9849589	24413.934142112732
188	727.5155	11.34862	743.5596	715.7514	895.42596	3.0083334	899.875	891.1493	854.3539	60.835224	900.17346	711.45496	890.7985	9.445484	898.3768	869.61	1000.0	1000.0	1000.0	1000.0	751999	123.66039	18.176113	134.36783	-16.727627	123.66069	18.17474	135.14796	-14.91938	-2.8594697	1.8718303	22.559649	-16.246325	-124.3452	1.933897	24554.78242969513
189	733.1123	9.586875	748.01984	721.4365	866.2469	44.93573	899.29565	794.7261	811.6439	112.65062	899.551	595.3397	867.0167	46.032738	895.6453	749.5765	1000.0	1000.0	1000.0	1000.0	755999	123.63279	18.180365	135.83432	-19.937553	123.63288	18.1813	134.49077	-19.772577	-2.8545897	1.8714973	25.488394	-14.698568	-124.312996	1.8779672	24696.51875782013
190	729.01166	10.655086	745.56036	715.8019	806.3221	95.21475	900.29706	692.7886	895.95996	4.356215	900.915	885.65967	874.6043	39.469975	898.46625	795.5324	1000.0	1000.0	1000.0	1000.0	759999	123.66715	17.978998	134.21211	-17.744205	123.66735	17.978909	134.1764	-16.835697	-2.8641574	1.8517493	23.315552	-11.778197	-124.34132	1.8237246	24836.734636306763
191	740.07275	7.578549	748.2811	727.67926	858.24646	49.00746	901.7474	793.5936	872.0589	48.37209	900.19183	758.18726	867.9178	43.944233	899.2218	791.7484	1000.0	1000.0	1000.0	1000.0	763999	123.7718	17.682652	134.4602	-13.99024	123.77207	17.681547	134.23727	-20.788807	-2.8712466	1.8384291	25.232506	-13.005102	-124.452194	1.8530481	24975.34863948822
192	747.1581	15.140375	768.4265	725.62256	807.8895	45.511005	890.3537	741.8485	843.49316	45.199257	896.0209	796.42426	816.67993	36.657234	890.0516	794.2557	1000.0	1000.0	1000.0	1000.0	767999	123.77744	17.95612	134.61635	-23.265148	123.77741	17.958384	134.27238	-19.35815	-2.8680372	1.8606979	26.113247	-12.50069	-124.45273	1.8684434	25116.65312242508
193	745.22284	20.487295	771.08527	716.9504	867.308	65.51521	901.9299	693.60846	866.1652	65.02874	899.8512	693.48724	893.4535	7.6438813	902.6853	878.24316	1000.0	1000.0	1000.0	1000.0	771999	123.82389	17.979958	134.691	-16.347826	123.82399	17.981543	134.55914	-20.63514	-2.8823893	1.8656558	25.132597	-15.887875	-124.50462	1.7569869	25260.322703123093
194	739.9822	8.756987	754.15765	730.3786	833.3973	120.38787	897.15515	590.53326	870.03064	85.865265	901.0877	612.50305	884.0697	31.810701	900.76807	789.648	1000.0	1000.0	1000.0	1000.0	775999	123.91991	17.875593	134.81543	-12.5239315	123.91989	17.877493	134.42157	-21.77376	-2.8786569	1.8472155	52.08291	-12.595785	-124.592476	1.8661033	25404.008873462677
195	747.98517	5.5625663	755.1914	739.6394	875.61426	41.664757	900.4912	792.338	864.6821	90.92561	900.5891	592.11383	874.6344	40.422367	897.7266	788.5971	1000.0	1000.0	1000.0	1000.0	779999	123.90944	18.070517	135.42809	-16.345665	123.9094	18.071808	134.40952	-26.171204	-2.8908718	1.825134	35.02608	-12.489271	-124.5817	1.7618012	25546.303189992905
196	746.20917	11.706093	765.2254	734.62274	843.9735	103.02107	901.6481	591.05865	785.2829	140.86136	899.49225	588.5159	868.846	46.96961	898.7789	739.447	1000.0	1000.0	1000.0	1000.0	783999	123.98198	18.100916	135.82834	-23.464222	123.98201	18.102455	134.48912	-22.618965	-2.849256	1.879104	25.809647	-15.616882	-124.662125	1.8403203	25687.057917118073
197	734.1098	11.278827	748.5475	717.6906	857.3548	91.93972	900.2686	596.3758	864.66144	44.22507	899.804	793.461	881.98486	32.348965	898.9319	788.5318	1000.0	1000.0	1000.0	1000.0	787999	124.0932	17.91301	139.76266	-21.07448	124.09328	17.913729	134.57138	-23.662209	-2.8683705	1.8882041	30.432896	-15.656781	-124.78149	1.8168076	25826.963274478912
198	734.7058	6.4808702	741.89777	726.4184	886.14343	32.775417	900.2461	788.1554	885.45593	28.801208	901.0196	800.1947	873.94226	34.796917	897.8224	811.81323	1000.0	1000.0	1000.0	1000.0	791999	124.12333	17.68261	134.65855	-15.286434	124.12334	17.684551	134.42603	-13.92649	-2.8899474	1.8398381	20.876333	-12.758411	-124.79428	1.7372171	25964.248731851578
199	745.7494	19.106386	777.4781	728.36383	878.6242	35.859104	900.5512	792.8472	885.19806	29.823458	900.87354	796.9701	884.84503	30.7375	899.56537	793.6997	1000.0	1000.0	1000.0	1000.0	795999	124.01229	17.958841	134.65326	-15.815517	124.01232	17.960028	134.53514	-16.23048	-2.9093294	1.8174914	25.277367	-13.970806	-124.68391	1.684219	26104.604707717896
200	761.33826	10.668362	775.30414	745.73645	889.6711	30.304766	902.4774	798.9658	879.62335	37.84694	901.76636	798.86566	895.7289	4.9002547	901.5012	885.2244	1000.0	1000.0	1000.0	1000.0	799999	124.15752	17.674805	136.3402	-26.557722	124.15784	17.674932	134.27023	-38.361465	-2.9285872	1.8234453	33.67726	-11.789685	-124.840576	1.7468427	26244.900886774063
201	751.4333	4.6300387	756.7025	746.1786	867.526	46.918255	900.5117	792.28955	895.5819	3.6912453	900.95087	887.9944	886.527	30.716078	899.8907	794.6989	1000.0	1000.0	1000.0	1000.0	803999	124.33106	17.720177	134.94614	-23.994932	124.33125	17.720377	134.59256	-20.17512	-2.9197772	1.8398595	36.049583	-13.83346	-125.01633	1.8005595	26385.396666288376
202	740.29596	10.378085	757.7673	731.5011	885.46497	69.26407	993.1629	793.02765	919.9119	38.688095	998.3192	893.77344	886.23145	38.393852	944.1196	799.9864	1000.0	1000.0	1000.0	1000.0	807999	124.39	17.704145	138.26868	-20.412363	124.38981	17.70866	134.56416	-30.633842	-2.9129841	1.8378278	32.30111	-12.941863	-125.06362	1.6726093	26524.589988708496
203	745.9569	3.3464575	750.4693	741.442	848.8566	81.74673	902.2077	695.5678	868.63544	86.88962	900.73303	608.07635	882.6893	32.195427	900.6504	793.36505	1000.0	1000.0	1000.0	1000.0	811999	124.40837	17.662971	134.68333	-17.20721	124.40852	17.662691	134.66673	-23.800941	-2.8969681	1.8525044	41.02677	-13.842655	-125.07687	1.7858734	26663.37623524666
204	755.34973	10.79687	770.9069	743.7612	889.44745	30.153013	912.0175	800.54865	858.3908	87.8316	899.6376	609.00903	886.38007	31.971706	900.9644	791.2641	1000.0	1000.0	1000.0	1000.0	815999	124.48517	17.57244	137.42604	-15.5075445	124.4853	17.573828	134.54483	-20.71992	-2.8980289	1.8464832	31.840548	-11.834221	-125.15714	1.7379885	26800.685787916183
205	735.3777	9.757426	745.89197	721.8339	897.9131	3.1633134	902.4033	891.7683	875.2386	61.482033	899.73364	691.0525	864.7377	40.791386	897.4473	793.89844	1000.0	1000.0	1000.0	1000.0	819999	124.69452	17.440014	135.24786	-23.353083	124.69461	17.441053	135.19128	-22.513685	-2.913978	1.817321	22.125385	-15.90543	-125.383484	1.7132558	26941.50768637657
206	752.43335	4.402988	760.0563	749.7696	858.1961	67.04908	901.9298	696.8123	807.85706	101.59408	901.0426	614.4513	883.34454	29.739834	898.0639	795.0207	1000.0	1000.0	1000.0	1000.0	823999	124.74824	17.292826	135.09663	-18.061138	124.74836	17.29182	135.03775	-17.051521	-2.8996444	1.8271351	28.260298	-13.243802	-125.429794	1.6737242	27084.739109754562
207	745.28687	6.794047	753.28375	737.8796	874.9575	40.414524	899.7936	790.3209	831.2336	93.52896	901.1433	642.43195	864.76434	48.06231	900.7049	785.3668	1000.0	1000.0	1000.0	1000.0	827999	124.84697	17.241634	135.14001	-16.348942	124.8468	17.24413	134.90477	-17.231133	-2.936236	1.797614	31.023003	-12.914062	-125.52664	1.6462084	27226.52001810074
208	752.0639	5.757981	759.1631	743.4587	852.05676	63.111706	906.1057	726.3237	891.0038	30.8491	904.68896	799.07697	851.76483	52.171158	916.0805	789.81805	1000.0	1000.0	1000.0	1000.0	831999	124.81417	17.372046	135.23042	-17.796793	124.81428	17.373034	135.20549	-30.330471	-2.9037175	1.8239516	24.575136	-11.4352865	-125.495544	1.6574159	27366.81904411316
209	746.3252	7.717027	758.02185	736.5636	895.6006	3.3615716	898.9994	886.6766	836.06433	120.573715	899.9618	592.3302	896.39294	3.5072496	900.4613	890.61456	1000.0	1000.0	1000.0	1000.0	835999	124.87462	17.260427	135.4624	-17.991255	124.87458	17.261833	139.46146	-19.04461	-2.9163446	1.8211489	20.622196	-11.513077	-125.55343	1.6901369	27504.82272529602
210	751.3003	7.92505	759.84045	740.9198	880.3793	28.051216	897.27936	801.7484	853.05273	41.753616	897.60156	798.3192	862.806	33.088017	894.62537	805.64575	1000.0	1000.0	1000.0	1000.0	839999	125.08016	16.91387	135.1289	-20.052576	125.08002	16.916136	135.22835	-23.085333	-2.9353988	1.7776059	25.804142	-12.873587	-125.75639	1.6232868	27641.581289291382
211	752.50916	3.8737674	756.3388	746.3569	866.40955	91.73637	906.28467	594.8322	875.10205	44.08993	906.9269	789.7931	896.1745	6.797694	905.40216	885.98505	1000.0	1000.0	1000.0	1000.0	843999	125.08056	17.224117	135.19304	-34.21117	125.08048	17.225945	135.65108	-41.074913	-2.9595225	1.7729474	21.337715	-12.591111	-125.76359	1.6232581	27780.40084218979
212	758.43665	4.965176	766.0776	752.28546	860.34393	52.308914	906.217	794.683	890.1681	32.13159	907.5909	794.6902	894.65576	10.071793	902.46924	865.8623	1000.0	1000.0	1000.0	1000.0	847999	125.11838	17.295025	135.86342	-24.937963	125.11826	17.297651	135.5749	-27.49561	-2.9519932	1.7888356	22.33591	-14.39724	-125.79189	1.7151704	27923.20053911209
213	754.47375	7.512389	762.1461	744.9183	879.6904	39.929646	902.16315	793.9929	888.20685	32.07348	903.0415	792.28326	868.3063	44.401134	899.7282	791.6804	1000.0	1000.0	1000.0	1000.0	851999	125.09168	17.344994	135.72446	-22.725275	125.09152	17.34827	135.44583	-22.473797	-2.903244	1.8265333	25.167822	-12.946138	-125.76712	1.6786475	28064.662722826004
214	749.04865	10.36679	762.0642	733.0644	857.38605	67.646095	903.0429	695.2337	868.3864	49.100452	906.40405	786.5453	895.7411	4.3650002	902.90814	888.02234	1000.0	1000.0	1000.0	1000.0	855999	125.14155	17.031887	135.65633	-24.688019	125.1416	17.033915	135.34012	-24.935606	-2.8889046	1.8336276	27.785793	-12.516678	-125.81608	1.7236104	28201.578898191452
215	759.4875	9.571375	769.2833	744.2801	895.51624	2.8501744	901.26874	891.0081	864.65784	91.87596	900.5254	589.44824	890.10565	5.000515	897.3172	881.345	1000.0	1000.0	1000.0	1000.0	859999	125.10229	17.05626	135.30238	-27.560017	125.10248	17.056244	137.91261	-28.082664	-2.9121475	1.8196647	22.565004	-11.787678	-125.78012	1.6917338	28339.110073804855
216	752.12103	3.3801444	756.7506	748.44464	892.6831	13.895549	901.4037	853.65393	866.0858	46.95538	900.23596	788.1288	887.41583	12.215887	901.8457	863.72565	1000.0	1000.0	1000.0	1000.0	863999	125.13013	17.194828	136.44926	-34.469276	125.13009	17.198017	137.34239	-35.3681	-2.901907	1.8258482	27.52934	-13.363289	-125.805145	1.6490176	28476.163268089294
217	740.5707	11.173338	757.87427	727.2779	892.82587	5.918922	901.35693	884.7923	889.5285	28.148134	902.32275	805.3225	889.7738	9.311871	899.81824	871.23975	1000.0	1000.0	1000.0	1000.0	867999	125.12476	17.148024	135.45439	-34.98867	125.12488	17.14828	135.40926	-41.82069	-2.9186292	1.7846792	26.259663	-13.014777	-125.79836	1.7020646	28616.074577093124
218	760.7148	8.484086	773.66046	753.0867	899.391	2.2444081	903.2141	896.1995	828.32385	117.523544	904.47986	596.9009	895.1292	6.5526047	902.1691	879.917	1000.0	1000.0	1000.0	1000.0	871999	125.18358	16.93711	135.30463	-20.929703	125.18354	16.93818	135.65996	-28.550425	-2.893783	1.7988044	23.09448	-14.387033	-125.85331	1.7749231	28753.02880549431
219	749.59485	9.59004	766.0059	742.3331	854.05304	88.32871	897.88477	604.8871	875.95734	39.396996	899.7642	796.70306	884.2291	21.878397	898.133	819.9026	1000.0	1000.0	1000.0	1000.0	875999	125.18032	16.815302	135.9942	-25.11603	125.18045	16.815346	135.63788	-34.175323	-2.884515	1.8171996	38.7149	-11.969784	-125.8535	1.6555109	28893.118056058884
220	754.5846	6.558108	761.8077	747.47375	866.44464	85.92848	899.24054	608.85535	837.1621	105.01781	902.4991	593.44434	861.3895	83.41363	900.27374	611.5602	1000.0	1000.0	1000.0	1000.0	879999	125.12954	16.818216	137.21754	-24.405457	125.12955	16.819727	135.59	-36.738514	-2.8954637	1.813632	41.115818	-12.222132	-125.804985	1.7005937	29036.49279808998
221	747.22595	11.580905	763.6519	731.0236	894.8781	3.5759594	898.8122	886.8868	885.3542	29.072828	898.6213	798.558	874.2034	21.367771	897.10645	826.4785	1000.0	1000.0	1000.0	1000.0	883999	125.20551	16.754427	136.91025	-29.51496	125.20552	16.755375	135.53673	-34.287178	-2.9225245	1.7790695	24.189392	-13.926442	-125.87368	1.5782609	29176.24056339264
222	741.24695	14.21629	763.7834	724.52155	896.1097	2.1034374	898.8353	891.97504	860.0916	84.12497	898.6785	623.20886	861.0662	44.99798	898.877	792.769	1000.0	1000.0	1000.0	1000.0	887999	125.20325	16.889372	135.36264	-24.186497	125.20323	16.890438	135.48314	-34.784557	-2.9059932	1.7942947	27.197777	-12.310411	-125.87782	1.707966	29313.413208007812
223	750.9975	7.9153695	760.68695	742.7534	885.92664	31.131191	900.2664	792.76154	885.46564	31.692064	900.2548	790.9004	888.7733	7.0226636	898.67676	876.3668	1000.0	1000.0	1000.0	1000.0	891999	125.3595	16.82473	135.26468	-27.555727	125.35929	16.82775	135.08951	-25.07024	-2.9229116	1.805893	23.086357	-12.413767	-126.036255	1.6619158	29449.95919060707
224	757.2793	7.06929	764.6372	745.6734	878.6299	39.308544	900.2292	790.4868	847.31445	52.177692	900.50214	790.5961	879.5127	21.962557	900.9117	833.61444	1000.0	1000.0	1000.0	1000.0	895999	125.36378	17.043158	135.3073	-13.660047	125.36403	17.042093	135.64159	-19.084044	-2.916917	1.7995272	24.280024	-12.938024	-126.04737	1.628322	29587.744927167892
225	747.83057	6.1292815	756.96924	741.4012	861.37024	52.133995	900.4958	762.3367	886.5584	31.721273	901.70746	792.277	890.9126	6.014064	898.57214	877.79645	1000.0	1000.0	1000.0	1000.0	899999	125.56631	16.743265	135.64491	-13.90329	125.56638	16.744555	135.59496	-34.06123	-2.9505079	1.785121	25.933834	-14.433418	-126.247	1.613627	29726.50839662552
226	744.8716	3.7695389	750.2276	740.2795	885.67596	31.416683	900.12885	794.0991	875.30145	46.437885	901.4749	772.1821	888.77	20.938631	899.81104	826.38367	1000.0	1000.0	1000.0	1000.0	903999	125.64556	16.568026	136.493	-19.350018	125.64562	16.567467	135.48924	-14.117947	-2.937499	1.7916462	22.131708	-12.094891	-126.320755	1.5807898	29868.302006721497
227	744.329	13.000634	760.5376	725.01575	845.5542	49.93385	899.18195	784.5575	867.9287	43.93259	897.56714	790.28644	861.4797	39.73892	897.8366	768.59863	1000.0	1000.0	1000.0	1000.0	907999	125.67878	16.547747	135.71506	-16.620842	125.67864	16.550629	138.56287	-15.725754	-2.9180152	1.7916195	26.599043	-13.641143	-126.35427	1.6148354	30009.13064479828
228	755.7942	6.7168546	765.7896	746.9491	894.62305	5.816768	902.90106	881.84717	858.9331	82.35894	901.1207	630.34894	888.5511	9.740838	904.05023	871.5119	1000.0	1000.0	1000.0	1000.0	911999	125.66557	16.637554	135.9565	-16.707756	125.66562	16.638706	136.24257	-18.161007	-2.9331117	1.7880701	22.606668	-13.442246	-126.340065	1.6399289	30151.00247335434
229	743.07874	6.2244577	751.8685	736.7789	857.3076	42.827457	897.1396	797.00916	805.35767	110.98842	894.5752	596.9065	831.5467	87.420555	893.14124	589.9236	1000.0	1000.0	1000.0	1000.0	915999	125.6398	16.867771	135.7569	-22.486572	125.63984	16.86889	135.75458	-23.12567	-2.8857963	1.8211223	28.994968	-12.05205	-126.311	1.5690573	30289.001241207123
230	749.7301	7.3439994	761.1799	740.71375	884.6214	31.000069	898.6215	792.101	862.5873	65.442696	900.3946	691.0386	877.9412	33.35528	897.55023	784.80835	1000.0	1000.0	1000.0	1000.0	919999	125.62224	16.631691	136.03937	-17.449902	125.6224	16.63169	135.85507	-29.757181	-2.9005244	1.7964294	32.84816	-12.77116	-126.294754	1.4752656	30428.820573091507
231	746.8903	4.612245	752.3077	739.7164	868.3906	45.583424	900.01904	796.4646	875.19257	39.97554	900.40125	792.73285	880.5578	32.025085	900.05835	793.50024	1000.0	1000.0	1000.0	1000.0	923999	125.59376	16.5096	136.04855	-21.342894	125.59391	16.508564	136.10513	-23.62388	-2.8533282	1.8071309	27.770903	-13.469439	-126.25884	1.5308498	30568.52900838852
232	749.87146	6.3281865	756.9027	740.0731	899.549	2.8196156	904.04364	895.01166	887.7469	30.571276	903.26935	796.999	891.1908	18.055264	903.8502	839.11847	1000.0	1000.0	1000.0	1000.0	927999	125.61123	16.620173	136.06073	-39.8247	125.61103	16.62203	136.6175	-37.429276	-2.8475525	1.7965176	22.505516	-12.280411	-126.28704	1.5666077	30710.16917037964
