Epoch	AverageEpRet	StdEpRet	MaxEpRet	MinEpRet	AverageTestEpRet	StdTestEpRet	MaxTestEpRet	MinTestEpRet	AverageTransferEpRet	StdTransferEpRet	MaxTransferEpRet	MinTransferEpRet	AverageRandomEpRet	StdRandomEpRet	MaxRandomEpRet	MinRandomEpRet	EpLen	TestEpLen	TransferEpLen	RandomEpLen	TotalEnvInteracts	AverageQ1Vals	StdQ1Vals	MaxQ1Vals	MinQ1Vals	AverageQ2Vals	StdQ2Vals	MaxQ2Vals	MinQ2Vals	AverageLogPi	StdLogPi	MaxLogPi	MinLogPi	LossPi	LossQ	Time
1	20.182554	3.3135047	37.13239	13.4934435	67.69586	7.142238	81.87985	59.7194	64.09669	8.777055	74.45213	45.014107	68.927635	10.847053	87.400375	55.7891	12.406833	44.5	42.9	45.8	3999	11.854578	7.4955454	29.216982	-3.258745	11.855152	7.4956393	29.455141	-3.2138255	-0.51998353	1.2472899	5.3561454	-11.722397	-12.930688	0.71992385	42.51491737365723
2	19.998169	2.7744358	32.732162	12.060521	54.767906	5.594168	63.22858	44.98423	54.321423	5.6369786	62.974594	42.938095	49.73331	12.98573	65.83765	15.47279	11.822485	38.4	39.2	37.9	7999	24.357557	12.653048	57.05345	-4.882668	24.35769	12.653157	55.90304	-4.1435647	0.2797886	1.7234747	10.915427	-12.759836	-26.63086	1.1154928	97.26023411750793
3	26.232525	57.34948	769.133	9.439252	898.15204	1.5175624	899.93665	895.7647	800.5565	240.2823	898.98663	85.41278	812.6083	231.65733	895.0032	117.69804	19.885714	1000.0	906.9	911.2	11999	42.809776	20.12297	104.61592	-9.824147	42.809944	20.124176	106.27796	-12.487315	0.7873278	2.1869314	15.556469	-9.500784	-46.99648	6.803872	180.35125374794006
4	73.16838	91.36268	777.81604	31.685373	74.71316	7.9498153	91.22837	63.419903	74.43632	8.496966	84.803024	59.61588	70.874374	6.300916	79.023735	57.588596	70.765625	59.8	59.7	57.6	15999	59.481056	24.366714	102.0315	-12.74383	59.48089	24.373398	103.02611	-14.448663	1.094811	2.181936	16.05576	-11.119038	-63.70129	11.719966	238.64737391471863
5	134.60318	136.692	812.9044	65.598236	306.88126	300.5767	908.3062	139.01782	609.63153	363.90887	908.40656	131.08095	752.1212	295.56067	902.0663	146.59195	119.454544	296.5	652.0	824.4	19999	66.28992	27.161222	95.63845	-17.595318	66.292534	27.156364	96.84359	-17.025087	0.83598644	2.254817	18.892181	-11.230735	-70.052765	8.50618	311.1663727760315
6	209.9438	131.9734	692.53046	101.732796	200.27942	29.659058	230.84364	133.2019	230.31238	57.480732	350.38992	172.59492	209.47307	17.185787	240.71051	172.46513	194.2	117.8	136.4	121.5	23999	68.72936	27.276844	96.60388	-23.742197	68.73148	27.271883	96.45867	-21.504892	0.44717094	2.1571126	20.487053	-11.444288	-71.87515	7.6933994	369.25354862213135
7	164.43909	33.06099	263.84973	113.61255	689.32837	324.963	908.87103	177.55939	616.3707	356.1624	909.78815	152.79239	700.61584	256.20834	910.9479	277.32202	125.27273	744.1	652.8	751.1	27999	68.57067	27.50152	98.05372	-23.471146	68.57098	27.499826	98.16316	-34.56671	0.46608156	2.0665538	18.802526	-14.675475	-71.29599	7.1806035	445.7915163040161
8	204.36177	73.79011	477.46088	134.47841	700.14	322.13004	912.9141	178.03455	644.38855	327.10672	913.89056	196.17409	429.11108	316.18283	910.42847	166.80696	174.52174	744.6	678.3	417.4	31999	68.14805	27.526472	99.91395	-22.400328	68.14841	27.525274	100.19078	-26.1638	0.3310752	2.018173	17.932762	-12.884145	-70.548515	5.9039745	517.962584733963
9	362.23843	205.74245	794.6345	174.7367	893.3695	4.317673	899.34644	885.1146	903.03015	10.507992	920.2024	884.76636	902.3373	7.910524	911.5602	882.83594	377.0	1000.0	1000.0	1000.0	35999	68.09052	26.785454	102.10457	-24.321323	68.09002	26.78465	101.0909	-22.915628	0.2044168	1.9694719	21.624014	-11.698417	-70.251945	5.083493	602.7778210639954
10	708.0811	172.16231	803.91736	363.9816	920.86005	1.2717997	922.1442	918.18646	919.68	1.6522171	921.70667	917.3222	926.7386	3.4075658	932.10785	922.25604	890.0	1000.0	1000.0	1000.0	39999	69.51611	25.371271	103.83375	-29.554794	69.51607	25.369802	101.350006	-32.929028	0.048981763	1.9108882	23.633757	-11.821811	-71.46993	4.716843	687.7538588047028
11	812.94574	12.963943	833.1971	797.2329	811.9168	1.9917775	814.73505	807.8604	812.2329	1.721857	814.42554	808.9525	808.9191	6.527976	814.0276	789.6765	1000.0	1000.0	1000.0	1000.0	43999	70.92372	24.096634	102.47444	-29.94928	70.92412	24.095734	102.63497	-29.30819	0.044707164	1.8538508	22.47388	-12.173124	-72.7483	4.6301503	773.6725559234619
12	806.8678	4.257727	811.1151	799.8422	922.1663	9.38554	928.9806	903.16003	923.3721	7.614778	928.21893	901.6007	916.6704	11.33385	926.1076	898.3217	1000.0	1000.0	1000.0	1000.0	47999	72.49464	22.936563	103.088196	-25.163069	72.49503	22.936028	101.200294	-24.829483	-0.01485475	1.8120375	20.878006	-12.718533	-74.16925	3.76585	873.0929896831512
13	732.91125	127.50857	839.5555	486.4736	924.54504	1.4038426	926.5629	921.9649	923.43427	2.3392231	926.6747	919.2516	918.1652	9.777737	924.4397	898.3301	825.0	1000.0	1000.0	1000.0	51999	74.11083	22.199705	101.90712	-26.179302	74.11117	22.197687	102.362885	-44.42334	-0.14301586	1.7808824	23.105272	-12.048399	-75.67134	3.5809727	959.71866106987
14	821.38715	14.557387	837.22797	806.25354	924.81476	2.2438145	928.742	921.31323	923.4248	1.8824948	927.9463	921.0127	920.2616	4.1411586	924.43884	910.44855	1000.0	1000.0	1000.0	1000.0	55999	75.662544	21.743317	106.01416	-33.315952	75.662636	21.742117	104.63634	-36.6447	-0.15572579	1.8091975	21.944206	-11.00684	-77.13752	3.24445	1044.658160686493
15	886.43976	53.180847	961.4128	829.762	921.8574	3.6212735	925.7678	915.21045	922.1835	3.0043676	926.0799	917.8311	921.2041	2.154474	924.59973	917.1637	1000.0	1000.0	1000.0	1000.0	59999	77.32124	21.20425	108.67245	-25.678082	77.321655	21.20198	106.56345	-35.016003	-0.17637752	1.7977742	25.290825	-11.20895	-78.73065	3.3012757	1130.861085653305
16	826.4108	21.072006	857.20905	806.52295	924.2471	2.1901655	926.4649	918.77185	917.9491	45.31225	955.7119	785.2111	922.0866	5.098461	926.0854	908.1383	1000.0	1000.0	1000.0	1000.0	63999	78.66983	20.822193	104.77067	-36.53199	78.67005	20.821346	105.22498	-45.135822	-0.21885647	1.7896208	22.762455	-13.142728	-80.014626	3.1738691	1217.8240809440613
17	853.4497	35.158424	887.984	797.1775	926.47784	1.4192528	929.2806	924.14075	927.5163	2.2220838	930.29584	922.35626	926.1763	2.1862814	929.38025	923.39966	1000.0	1000.0	1000.0	1000.0	67999	80.14923	20.360788	105.65041	-28.556723	80.14931	20.360332	105.42426	-23.88472	-0.2229545	1.7883079	24.143219	-12.673721	-81.42781	3.2199013	1304.4364266395569
18	1002.25037	50.457756	1052.2799	934.63385	1036.6302	142.25673	1285.4004	924.90216	996.869	229.67915	1336.4648	421.03806	1188.914	63.962788	1293.9874	1089.814	1000.0	1000.0	927.1	1000.0	71999	81.778534	20.05523	107.20306	-38.96473	81.77893	20.05457	106.244934	-43.842255	-0.21602699	1.7895408	29.031097	-11.5548	-83.031746	3.119803	1388.619511604309
19	882.4365	318.9008	1180.983	352.0252	1455.0635	8.118565	1472.5038	1441.4652	1374.6448	164.8821	1516.0739	922.4851	1438.6503	11.114634	1449.2328	1419.7488	758.2	1000.0	1000.0	1000.0	75999	83.63969	19.758768	108.50262	-31.019495	83.63994	19.756977	108.94712	-31.31262	-0.2489284	1.7915694	25.746113	-11.00437	-84.83913	2.9498723	1473.9158494472504
20	1247.7343	10.78859	1263.9269	1234.1665	1632.7498	9.0997305	1653.3196	1619.0663	1627.366	105.10007	1760.7042	1416.2584	1631.2496	8.32594	1642.5427	1614.7041	1000.0	1000.0	1000.0	1000.0	79999	85.46636	19.620493	109.89298	-35.09061	85.46641	19.620728	109.0821	-37.524857	-0.22565702	1.7709743	23.356567	-12.990233	-86.61299	2.9646337	1560.1397352218628
