Epoch	AverageEpRet	StdEpRet	MaxEpRet	MinEpRet	AverageTestEpRet	StdTestEpRet	MaxTestEpRet	MinTestEpRet	AverageTransferEpRet	StdTransferEpRet	MaxTransferEpRet	MinTransferEpRet	AverageRandomEpRet	StdRandomEpRet	MaxRandomEpRet	MinRandomEpRet	AverageAdvEpRet	StdAdvEpRet	MaxAdvEpRet	MinAdvEpRet	EpLen	TestEpLen	TransferEpLen	RandomEpLen	AdvEpLen	TotalEnvInteracts	AverageQ1Vals	StdQ1Vals	MaxQ1Vals	MinQ1Vals	AverageQ2Vals	StdQ2Vals	MaxQ2Vals	MinQ2Vals	LossPi	LossQ	Time
1	20.208237	3.431227	35.659775	9.254008	20.036657	12.147039	51.455757	4.7952414	15.659792	3.1631	21.449078	10.83587	13.979273	1.9789577	17.760536	10.173158	17.759369	3.7678866	24.158947	12.824961	11.958084	19.2	17.4	5.5	18.5	3999	8.651177	5.74573	23.578018	-3.80266	8.650751	5.7464633	23.89066	-3.672029	-10.113467	0.7257615	32.54693531990051
2	19.873863	3.039088	31.179565	12.145179	25.506153	9.63039	44.462784	13.541254	25.650341	10.434611	45.579334	9.799884	13.454704	1.9982647	16.263393	10.9881935	25.315123	13.82631	62.44274	12.558284	11.77647	36.2	26.0	5.5	24.9	7999	17.134438	8.95875	36.4983	-3.7517252	17.134562	8.9597435	37.138145	-3.6022265	-18.893406	0.51629543	76.50212597846985
3	30.961157	36.495358	407.41403	12.052313	23.946264	10.597122	46.258747	13.733336	22.118746	6.452419	33.919483	14.3381815	16.1611	1.0266075	18.001413	13.806553	17.246805	3.7188294	26.039701	11.946217	20.290817	26.2	22.4	6.2	14.3	11999	25.646143	12.486067	47.69237	-4.5483446	25.646145	12.487006	47.75082	-4.3518343	-28.544786	2.5698109	119.42014360427856
4	108.77582	115.25418	887.611	67.41058	21.094357	7.596144	34.12326	11.87638	26.916788	13.68899	55.299965	14.057128	15.372698	1.8753172	17.78022	10.67672	17.948246	3.9522479	27.315657	14.148823	81.32653	18.6	28.6	5.6	16.2	15999	34.702324	14.693149	56.537613	-11.182166	34.70315	14.690687	56.768314	-7.881515	-37.726845	4.175348	162.96664452552795
5	95.745476	8.599904	115.46548	69.77133	24.187183	12.407419	54.000587	13.826953	25.310078	11.283966	44.232754	12.811077	17.502155	1.1007311	19.638811	15.260895	26.466864	13.681915	48.47246	9.820121	61.276924	25.3	26.7	6.1	27.7	19999	40.876984	17.189821	64.258385	-16.74415	40.877155	17.191595	64.61857	-9.813556	-43.736313	3.138291	206.96129393577576
6	106.89219	10.842658	133.13472	86.76616	25.658762	8.209868	36.99845	17.02843	21.432758	9.776378	49.56956	14.53045	15.894884	1.3244623	18.933443	13.47819	22.896936	9.729573	44.978878	13.722261	65.31148	35.7	17.4	6.3	19.9	23999	46.1405	19.888239	71.322914	-15.183272	46.139996	19.891222	71.53337	-11.155311	-49.087734	3.4408002	252.48041701316833
7	116.21635	10.137259	135.1699	86.81073	22.416943	9.483174	49.47217	15.763687	30.275593	17.375828	64.97885	11.636624	15.030561	2.1344078	17.555307	9.672204	16.596348	3.5904973	21.107416	8.694192	66.37705	24.5	33.3	5.6	12.8	27999	50.459984	21.894695	79.22207	-15.331227	50.459846	21.895779	79.544556	-14.931009	-53.41341	4.0561395	296.9152431488037
8	107.54307	17.837868	152.37726	68.61646	17.998486	8.2434025	41.485474	11.684507	17.583225	3.0178308	23.527548	14.538014	14.664586	0.9592976	16.111822	12.469021	18.221302	3.0924945	23.668413	12.232884	67.71186	15.6	11.2	6.4	15.2	31999	53.68976	23.21956	84.345726	-24.482647	53.68995	23.220469	85.21513	-19.410246	-56.49322	4.4757724	340.42579221725464
9	172.8759	150.1288	947.80585	114.800095	15.618902	2.007422	20.35047	12.321457	17.832186	5.30946	31.228361	10.632608	13.664978	1.6723831	15.842626	10.586808	20.502687	5.8992257	30.600845	14.411373	124.39286	12.2	13.3	6.3	20.9	35999	56.30837	24.509447	89.085045	-20.398046	56.307964	24.511095	89.407036	-18.96634	-59.10441	5.008075	384.6100685596466
10	494.6939	321.78265	917.554	75.874886	17.648254	2.6075766	22.712086	12.333711	26.821777	22.227215	91.72143	13.441402	14.90029	1.5191574	17.674213	12.775616	20.047766	6.2213974	34.001034	12.7799	511.42856	16.4	26.0	6.4	19.7	39999	59.228554	23.986631	91.41804	-22.369036	59.228706	23.987436	91.354904	-27.595335	-61.832546	5.3462687	429.09139490127563
11	608.96765	296.34634	962.4432	223.90633	17.389172	5.0889993	24.327553	11.473079	16.575489	3.8023489	26.719994	12.231786	13.97601	2.2405562	16.971827	10.366803	18.788698	5.324145	29.61078	12.149647	607.625	19.8	13.9	7.7	19.1	43999	61.335457	22.865953	92.66748	-34.446815	61.335804	22.86665	93.40541	-28.50143	-63.84107	5.2875724	472.5893452167511
12	197.79924	111.20839	591.59174	130.17818	41.789253	26.038412	82.40693	14.272029	36.89986	30.366085	89.26525	12.693312	13.941345	2.8913362	16.525	6.4433236	29.693668	13.734713	64.44088	15.651754	151.66667	43.5	33.9	7.9	35.5	47999	62.49848	22.47115	93.29884	-30.73388	62.498905	22.471209	93.31955	-24.888771	-64.88476	4.981177	518.0337066650391
13	141.7003	15.1391	192.55269	117.258514	19.227104	4.4186115	28.509665	13.625153	20.083109	7.016761	36.762917	11.4171915	14.617357	2.737619	17.899862	7.5216446	20.36269	6.1255794	31.779673	12.976922	86.608696	18.6	17.3	6.0	25.0	51999	62.522606	22.899073	93.72165	-30.349148	62.522575	22.899065	94.27121	-26.58973	-64.67034	4.436181	562.4908082485199
14	155.03433	44.749416	328.4602	117.09212	20.242157	10.829072	51.520195	11.096989	39.470634	30.474388	101.68456	14.4587755	16.43784	1.4701208	18.961536	13.996995	22.298946	9.31095	42.47205	12.346292	99.128204	19.3	40.4	6.0	20.2	55999	62.494877	23.538477	95.18326	-28.371181	62.49505	23.53949	95.02959	-28.225668	-64.57539	4.3482184	607.0728888511658
15	211.94266	77.9247	493.78577	131.04366	23.763258	6.937361	36.892567	16.54106	18.522272	4.1540203	26.534971	13.52829	15.040529	2.74254	18.86375	8.059653	29.161417	20.27189	78.8406	16.324032	139.34483	25.3	12.4	6.7	24.1	59999	63.61642	23.844902	97.11356	-33.08051	63.616074	23.84662	96.74686	-25.063198	-65.673874	4.6680493	651.5500998497009
16	235.02815	72.0441	395.21658	141.2507	24.366817	11.679743	47.21654	9.323768	25.268143	11.580771	48.75007	14.305942	14.127339	1.6340576	17.720287	11.5311365	17.750528	2.5319269	22.905163	13.892623	155.92308	24.8	26.8	6.3	15.6	63999	65.268425	24.077604	98.47763	-36.869152	65.26831	24.07827	98.869545	-41.72261	-67.22249	4.947743	695.2259941101074
17	214.19032	64.83642	341.6016	139.08234	19.723366	6.679249	34.921616	12.86754	22.330322	14.556919	63.961475	9.966754	14.457234	2.656062	18.461077	7.5211782	19.983143	5.7638	32.679703	13.889453	133.56667	15.0	21.8	6.6	18.8	67999	66.70521	24.56839	100.393456	-28.67718	66.70493	24.56954	100.47131	-29.22108	-68.56199	4.460088	739.7744512557983
18	288.93933	91.44997	464.10153	145.4898	16.462664	3.1317282	23.28214	10.000492	16.116152	1.6356219	19.540169	13.964224	13.9672575	2.4446235	15.894989	9.002067	22.374939	13.550022	62.381462	14.92943	174.60869	12.7	8.6	5.9	17.1	71999	67.78382	24.91381	101.89132	-29.272636	67.78365	24.915245	102.743835	-38.398327	-69.59794	4.5179844	782.4893608093262
19	1069.5133	355.55267	1378.9851	557.7521	17.288967	2.9688368	22.082722	12.28821	16.657364	2.2136965	22.020676	13.746726	14.615995	2.0428958	18.008411	10.100584	18.964748	4.290008	31.42929	15.44185	775.0	12.1	14.5	6.4	14.8	75999	69.20102	24.97599	103.082184	-36.12548	69.20046	24.977428	103.305756	-30.201551	-70.92122	4.4208145	822.6239595413208
20	430.00275	394.2452	1184.2926	72.78994	25.989758	13.053363	54.38556	16.256628	31.06253	22.46699	94.977165	13.150338	14.911769	1.591793	16.972006	11.36801	21.784573	9.392612	42.07297	8.804544	367.9	35.2	33.1	6.1	21.6	79999	71.17781	25.076433	104.62732	-38.88458	71.17725	25.076925	104.43735	-43.028095	-73.002144	5.6541047	862.4748589992523
21	428.44025	327.41504	1029.5997	88.343445	22.489063	11.608436	47.23146	10.279433	20.170858	5.4490213	28.81407	10.493286	14.362918	1.9140788	17.60151	10.497549	21.533203	7.750402	37.47197	10.442448	391.1	26.0	25.6	5.5	20.8	83999	73.169304	25.6089	111.812355	-41.664536	73.1691	25.60566	111.231026	-32.84678	-74.97695	5.666102	903.3233118057251
22	1004.4999	463.6702	1362.1202	194.74002	18.196655	2.6013024	22.205471	13.454753	17.570978	3.6600058	25.502045	12.713054	16.236195	1.154429	18.16667	14.670664	16.251026	4.714391	26.338179	10.57359	757.0	16.6	14.9	6.1	17.7	87999	75.9913	26.365084	111.8024	-52.675247	75.99126	26.363377	111.9544	-37.203686	-77.93812	5.784398	943.5417671203613
23	323.71204	291.52695	1255.739	46.43627	19.544823	3.9353216	27.100323	13.474569	26.824001	15.75584	65.105705	11.740976	14.347223	2.2850587	17.94385	9.504897	29.673084	14.604467	56.49411	15.639732	234.15	18.7	28.2	10.1	33.3	91999	78.77402	27.492443	119.96013	-45.566353	78.77374	27.49357	118.91619	-35.89625	-80.752815	6.684234	984.9992454051971
24	285.2594	141.88005	595.3699	113.28884	20.728558	4.791569	30.790037	14.928083	31.402851	30.34649	120.60322	14.45272	13.324432	1.5025445	15.204934	10.649759	20.183369	6.2022004	30.252462	11.61135	199.58824	26.6	34.2	8.3	19.7	95999	80.63337	28.113249	127.3087	-30.477005	80.63293	28.11484	125.91048	-28.681034	-82.62224	6.970736	1025.4631526470184
25	828.73346	398.27966	1226.0946	54.18115	32.465363	18.742638	75.50508	14.169261	27.443787	6.1185884	37.251907	18.761803	16.002825	1.2850548	18.099674	14.211529	24.922297	6.269896	39.876335	17.333914	744.1667	36.8	37.5	6.2	33.0	99999	81.98485	28.203556	129.04128	-49.09084	81.984375	28.20388	129.25621	-36.90627	-83.91706	6.9482217	1067.25514960289
	104.53033	32.488647	34.91922	114.97328	6.961613	47.06137	35.446846	119.67991	11.8532505	7.2495995	2.0034575	10.38953	2.937091	30.855267	25.049923	77.7269	10.5374155	428.0	49.9	72.3	7.0	44.8	103999	83.35861	25.35646	112.60444	-43.269382	83.3594	25.35736	112.41441	-33.404747	-85.656746	13.458649	1183.2660908699036
27	764.2301	386.50266	1104.1876	137.1771	44.442303	27.351072	83.78569	9.491541	33.880424	27.010017	102.26857	9.872281	8.675169	0.9552904	9.851208	6.4499483	29.128073	20.407541	63.035004	8.412151	702.8	56.3	42.2	10.6	39.1	107999	84.42526	25.18425	117.11879	-38.487247	84.42509	25.186415	115.01788	-43.66511	-86.7142	13.058273	1230.4799180030823
