Epoch	AverageEpRet	StdEpRet	MaxEpRet	MinEpRet	AverageTestEpRet	StdTestEpRet	MaxTestEpRet	MinTestEpRet	AverageTransferEpRet	StdTransferEpRet	MaxTransferEpRet	MinTransferEpRet	AverageRandomEpRet	StdRandomEpRet	MaxRandomEpRet	MinRandomEpRet	AverageAdvEpRet	StdAdvEpRet	MaxAdvEpRet	MinAdvEpRet	EpLen	TestEpLen	TransferEpLen	RandomEpLen	AdvEpLen	TotalEnvInteracts	AverageQ1Vals	StdQ1Vals	MaxQ1Vals	MinQ1Vals	AverageQ2Vals	StdQ2Vals	MaxQ2Vals	MinQ2Vals	AverageLogPi	StdLogPi	MaxLogPi	MinLogPi	LossPi	LossQ	Time
1	197.99664	183.50899	515.47455	5.2196507	22.38688	22.383837	75.68811	5.0820384	116.112015	203.38956	566.58276	5.063526	274.48242	60.72409	340.43472	194.36494	14.47646	22.029514	80.35401	5.192717	418.0	56.3	232.5	1000.0	39.7	3999	11.420333	5.7942715	25.155863	-3.5385845	11.420015	5.79588	25.013851	-3.6714804	-5.2290583	0.95198107	12.129885	-12.624689	-12.496243	0.38805875	73.742807388302	192	364.6827	155.09804	514.74506	82.153984	206.11494	73.24343	320.68875	49.06141	226.57968	63.63245	341.42465	151.93184	139.32423	17.800812	192.21725	129.09175	177.6793	87.8918	359.4569	18.97768	742.0	884.2	1000.0	1000.0	746.1	7999	33.00429	6.8040433	66.55226	-7.177346	33.004154	6.800959	65.75208	-4.851718	-4.48546	2.1604853	27.029593	-15.669195	-34.099075	2.4734757	221.05900144577026
3	375.50223	187.90848	531.6926	100.971535	279.6484	83.02395	455.27084	206.88014	286.29547	83.83848	411.9093	123.11001	43.94998	81.22277	215.75568	-8.051299	280.32553	58.229595	344.3557	148.66241	748.8333	1000.0	1000.0	296.8	1000.0	11999	55.310295	9.1376915	129.34708	-15.376619	55.3103	9.116641	131.5945	-6.116668	-3.484866	2.9703598	28.545763	-14.24526	-56.522064	4.8120637	365.1544420719147
4	113.85017	191.7519	520.5693	4.297613	4.1822195	0.5781589	5.319214	3.0792367	126.09198	252.6211	763.65814	3.7899282	167.39243	28.691582	225.61705	132.26447	84.75708	163.94926	473.6074	3.1893327	256.0	21.4	216.8	1000.0	217.2	15999	74.93111	14.052906	162.90636	-25.502522	74.93124	14.03283	167.31778	-9.2589445	-3.3874931	2.7289183	31.95077	-13.669391	-75.99177	8.984232	461.72462797164917
5	385.03433	121.997284	491.92053	156.27011	298.80362	35.961605	405.6744	275.18362	301.93628	19.428175	349.66144	280.21097	298.75006	149.15286	423.62964	3.5255466	310.49854	18.580214	356.58862	292.8598	884.2	1000.0	1000.0	833.8	1000.0	19999	90.01386	14.080741	183.14708	-33.983894	90.0143	14.049759	173.26387	-9.139967	-2.221889	3.4004757	33.206215	-15.075273	-91.178085	11.955487	613.6644990444183
6	486.9591	66.78935	573.629	396.7636	494.43448	63.37489	581.292	389.24857	484.6461	54.784027	573.2061	369.37247	244.70947	77.1902	325.51785	134.01671	523.35944	83.55862	679.90247	381.1039	1000.0	1000.0	1000.0	1000.0	1000.0	23999	107.04216	17.145914	182.96196	-50.17574	107.04185	17.108364	183.93651	-11.766954	-2.1130424	3.5660949	29.466564	-15.516134	-108.16888	11.665791	774.0283887386322
7	352.02838	90.598854	469.25604	214.60422	326.15277	26.164715	370.34244	283.0482	333.5935	26.078175	380.56003	303.0293	330.54272	13.193688	341.26666	293.6195	320.7741	19.748098	347.6778	282.77222	845.0	1000.0	1000.0	1000.0	1000.0	27999	115.24385	15.550403	180.56906	-54.39292	115.24372	15.507955	183.14212	-15.221718	-2.8564394	3.0452502	26.150454	-14.425693	-116.14498	10.509366	935.4656381607056
8	491.56665	29.688433	536.6488	462.69592	401.77676	121.68866	584.7024	258.8729	414.59113	86.31022	566.48987	272.47757	284.06265	38.13134	325.2836	210.00745	354.08868	141.59776	487.86572	-17.235058	1000.0	1000.0	1000.0	1000.0	910.9	31999	119.55919	12.472899	172.81815	-50.3881	119.55889	12.399189	176.30095	-18.82404	-3.1648057	2.7895346	28.418028	-15.1264925	-120.46103	10.499778	1097.0228180885315
9	469.47217	95.82385	543.7663	309.13773	4.567389	0.65918535	5.51398	3.4281135	182.36435	220.26973	515.40436	4.6491113	388.12424	52.122787	428.66287	265.12286	4.8064013	0.46894872	5.370608	3.7014673	1000.0	20.1	412.0	1000.0	20.0	35999	121.91545	9.890905	169.73761	-46.480385	121.9158	9.829198	172.85774	-20.3001	-3.4701838	2.5859032	24.966286	-13.287883	-122.763855	8.483127	1189.3586251735687
10	232.2902	234.20724	611.47797	4.539293	555.632	50.668625	678.01764	484.60696	558.65607	85.446175	790.78284	480.5048	226.44736	85.646515	347.7534	17.146194	571.0379	103.44237	822.76697	452.35666	516.125	1000.0	1000.0	910.3	1000.0	39999	123.50265	8.651975	162.90318	-47.65881	123.50236	8.588489	167.01733	-19.036047	-3.8443875	2.0564532	25.633366	-14.61013	-124.32303	9.2212305	1341.064924955368
11	523.1578	44.627964	588.0931	469.70688	573.0582	81.21376	698.2576	446.6909	570.2125	95.16258	785.304	493.91693	270.89975	39.042267	347.9712	229.2905	560.9933	74.6343	721.55286	432.86267	1000.0	1000.0	1000.0	1000.0	1000.0	43999	123.83387	6.362052	149.1567	-46.06652	123.83427	6.285472	151.57181	-25.809916	-4.068202	1.9483721	23.18433	-14.83592	-124.649	7.6210127	1495.16552400589
12	450.7578	213.27644	640.83154	41.874825	620.51495	54.8083	738.254	539.674	614.9441	60.2074	780.9336	532.5225	141.01161	31.350739	234.31883	124.2502	655.2806	53.770226	763.6104	587.0279	822.6	1000.0	1000.0	1000.0	1000.0	47999	124.14773	5.5297194	146.36304	-54.735985	124.14757	5.4525433	144.0295	-39.201794	-4.1865997	1.8283758	20.74229	-13.39184	-124.95364	6.1930685	1647.090637922287
13	489.1518	52.67482	546.01184	421.773	448.34912	29.33873	496.99335	409.10892	470.11554	39.385365	567.88165	415.90903	360.15213	54.919926	427.93427	262.87378	461.51596	20.112204	495.44382	435.90472	1000.0	962.3	1000.0	1000.0	1000.0	51999	124.86472	5.519263	140.48804	-69.76884	124.86463	5.499508	140.45602	-41.722725	-4.360295	1.677141	18.162682	-12.858959	-125.68469	6.3301997	1809.590977191925
14	494.98108	35.313183	534.38184	437.9857	531.54407	184.01027	733.8392	186.55615	588.63855	91.36632	784.56696	473.97498	294.21283	55.75799	362.02554	204.99458	545.3405	201.57332	787.3093	65.79827	1000.0	824.1	975.3	1000.0	844.3	55999	125.90421	5.381556	141.58922	-64.22733	125.90391	5.3671603	141.43588	-40.796406	-4.4531665	1.6103917	21.833183	-13.91469	-126.74101	5.0576506	1954.3395040035248
15	512.4844	24.38296	552.10266	488.72522	448.4767	22.76019	493.17596	411.12415	454.55087	42.871193	558.44714	392.53082	238.1748	39.28501	326.59988	153.08424	458.10562	21.479395	503.49432	423.0661	1000.0	1000.0	1000.0	1000.0	1000.0	59999	127.26912	5.3671694	142.07916	-58.897022	127.26882	5.3379083	142.75523	-55.771904	-4.6320605	1.4884614	24.248043	-13.085403	-128.10179	4.4767766	2113.205469608307
16	426.95816	185.86278	604.38226	87.33073	595.4393	45.73926	697.02606	518.4006	605.67615	37.084625	682.9977	548.85	248.24057	102.38591	400.67212	7.540843	608.6115	46.28288	694.1794	521.7559	772.1667	1000.0	1000.0	915.6	1000.0	63999	128.54213	5.341201	143.86174	-67.24772	128.54211	5.3337517	144.60887	-36.732224	-4.677818	1.5012137	23.328463	-12.815531	-129.39622	4.677031	2267.609087705612
17	377.26068	153.63962	568.44507	126.85156	518.07074	82.81206	694.51	396.32242	515.51764	58.18539	578.71545	408.70023	9.401557	8.514888	25.362795	-2.1681237	511.84576	57.70793	615.8957	395.00024	741.0	1000.0	1000.0	94.7	1000.0	67999	129.75803	5.4047437	144.80534	-80.57081	129.7584	5.379015	146.38388	-59.280804	-4.742686	1.4247962	24.940905	-12.895058	-130.60405	5.790955	2412.275369167328
18	335.53482	187.14815	549.1844	123.719734	456.12103	207.7329	632.1557	103.66304	469.64325	173.93222	644.6894	57.49509	20.345255	12.651384	38.397167	1.9854313	432.4357	205.65834	643.1536	41.614	612.5714	770.1	863.3	129.4	749.4	71999	130.67786	5.5787063	147.75557	-81.08176	130.67776	5.567683	148.70628	-51.231888	-4.696922	1.4433389	29.080334	-13.356009	-131.5235	6.7231517	2539.9850075244904
19	445.9348	115.266	574.1475	274.59573	553.6842	25.28934	587.447	507.22006	553.43726	41.815655	599.73004	446.18857	137.24356	106.2581	319.79407	13.147696	558.3752	31.258709	640.4491	529.98315	798.8	1000.0	1000.0	618.9	1000.0	75999	131.49261	5.902199	148.03378	-57.847633	131.49252	5.8888164	148.73479	-62.89416	-4.709729	1.4443548	33.564754	-12.965407	-132.33553	6.8950167	2691.002542257309
20	549.6958	18.08954	573.3133	530.2149	603.09534	49.41073	699.92053	534.7313	582.78534	70.10041	711.8437	466.81848	342.0157	54.485794	441.6595	266.7996	629.05945	60.78893	707.43304	537.4425	1000.0	1000.0	1000.0	1000.0	1000.0	79999	132.21779	6.094172	149.64154	-56.014664	132.21754	6.1066628	149.61131	-68.442726	-4.729107	1.4045861	29.180239	-15.11781	-133.0616	7.1294165	2846.0208473205566
21	491.13928	87.78925	550.23737	339.4124	568.4745	19.242922	591.36475	527.6773	576.84467	52.126163	694.27435	506.4254	285.84012	89.85714	382.6623	156.45929	576.41223	46.048115	689.611	516.80695	906.25	1000.0	1000.0	1000.0	1000.0	83999	132.87057	6.3235044	147.07753	-71.20157	132.87183	6.3512616	147.18857	-61.733356	-4.7492027	1.3576938	21.955748	-14.477038	-133.70078	6.1560783	3001.041506290436
22	577.3398	48.843758	660.72736	538.2801	636.0714	36.852985	699.7761	590.79114	633.69635	86.17014	762.45953	464.40256	481.6186	134.86307	593.62067	242.66122	656.3419	61.33576	786.4351	571.5555	1000.0	1000.0	1000.0	1000.0	1000.0	87999	133.50368	6.5486093	153.41342	-87.29646	133.50304	6.545601	154.34062	-72.025215	-4.8124666	1.3150362	21.034985	-15.584687	-134.33969	5.9669065	3159.8849954605103
23	574.6901	34.932346	630.2771	538.64514	664.91986	80.39328	810.0146	585.5594	671.63934	90.53273	802.4867	525.06586	137.4262	106.5793	330.53946	-2.0673454	668.1675	64.926636	784.724	584.4334	1000.0	1000.0	1000.0	712.5	1000.0	91999	134.22159	6.7667747	155.42912	-73.13669	134.2222	6.757829	157.1218	-89.0053	-4.7876396	1.3352109	32.971237	-13.89159	-135.06035	6.393853	3314.257520675659
24	486.28183	130.83713	631.1171	240.74976	707.4354	102.110855	846.4409	565.90967	684.36096	91.20167	797.9497	547.8891	87.948586	167.07068	585.8217	9.728481	731.38245	63.173958	796.57184	584.0805	881.0	1000.0	1000.0	214.2	1000.0	95999	134.88264	6.6601133	155.47438	-66.058266	134.88292	6.666682	154.81194	-73.76862	-4.794655	1.3375666	24.89397	-13.867171	-135.71881	6.143227	3458.9027938842773
25	616.4315	61.053	684.9859	528.83405	559.6295	65.29622	626.5793	420.57532	550.9254	41.327286	598.79724	440.55954	210.08855	116.44926	360.73532	7.5216784	595.5702	22.060265	632.3637	553.8268	1000.0	1000.0	1000.0	826.5	1000.0	99999	135.52121	6.7731657	155.49135	-86.630035	135.52138	6.7509856	156.22142	-58.197716	-4.8382382	1.3015711	28.408697	-14.39226	-136.36752	5.381987	3610.9543633461
26	592.96643	65.13044	655.8135	484.2725	548.5007	80.47821	708.63214	455.0452	616.2565	118.81211	787.0828	423.6176	278.55768	143.10834	442.06445	4.1995506	586.27405	125.81506	772.8677	447.6382	1000.0	1000.0	1000.0	810.1	1000.0	103999	136.1504	6.891561	155.56464	-64.488525	136.15045	6.879591	154.44664	-78.015144	-4.8434267	1.2911576	31.008099	-13.069187	-136.98091	6.4095917	3764.310516357422
27	528.5667	88.78951	646.33	396.27942	468.0876	92.61751	700.87415	359.73462	480.61792	41.644646	537.26025	398.51666	383.59308	36.228622	431.44418	287.9076	490.7248	84.89048	634.2447	367.58078	1000.0	1000.0	1000.0	1000.0	1000.0	107999	136.5373	7.0170107	156.34982	-59.495888	136.53786	6.981954	156.11668	-60.64081	-4.819775	1.3308547	34.945564	-13.634035	-137.3861	5.3444533	3918.9418470859528
28	574.874	58.356285	670.6617	518.34534	624.7312	85.19567	801.9514	532.1	677.56995	95.355774	803.2327	523.12103	217.32881	51.019806	297.87396	123.9863	628.62866	83.965485	764.53906	506.92245	1000.0	1000.0	1000.0	1000.0	1000.0	111999	137.21158	6.9679747	157.10072	-75.94147	137.21167	6.965095	157.36057	-66.93906	-4.855271	1.3130895	35.98535	-12.641908	-138.06956	4.836903	4074.122395515442
29	483.65802	74.840675	538.4902	356.55606	657.6498	68.17828	739.5267	525.7453	677.77893	73.47068	761.78204	530.45844	267.28207	122.36618	439.72504	97.44808	694.08075	27.010162	774.18665	680.1614	1000.0	1000.0	1000.0	664.4	1000.0	115999	137.83224	7.0135703	156.91022	-69.21762	137.83246	6.998911	156.84305	-60.8081	-4.8724146	1.2659642	26.632164	-13.915552	-138.67538	5.274595	4224.440189361572
30	557.5707	35.108173	611.43616	513.3002	562.0918	141.1815	855.9766	395.84668	543.0297	87.843285	671.31915	400.79654	319.55396	66.71377	439.3184	194.51547	566.5646	77.282166	772.8459	481.04672	1000.0	1000.0	1000.0	1000.0	1000.0	119999	138.18732	7.2271204	157.21774	-44.289486	138.18616	7.2156134	158.16872	-78.31045	-4.867203	1.2534244	28.535753	-13.008272	-139.03485	4.7942877	4375.486197948456
31	568.034	138.16719	672.7588	330.47897	513.96814	29.301573	559.66327	488.5341	535.54034	29.29107	589.4606	492.23282	114.41028	84.87682	243.68135	42.265015	532.99133	29.686361	586.5762	491.49466	1000.0	1000.0	1000.0	395.8	1000.0	123999	138.69914	7.274051	157.5666	-72.99806	138.69785	7.243803	156.75783	-86.36298	-4.890185	1.2244326	21.79424	-13.485166	-139.53656	4.5294843	4518.5368320941925
32	561.9069	36.011963	609.226	510.0504	478.46548	54.20119	575.6448	400.9692	511.2919	85.73457	678.3768	398.6209	346.28958	46.325214	377.31992	215.31459	458.22324	44.569214	526.7464	400.82123	1000.0	1000.0	1000.0	969.1	1000.0	127999	139.10806	7.4361143	154.92682	-59.085278	139.10905	7.434872	154.83694	-78.30852	-4.8638573	1.2420803	32.226685	-12.494153	-139.94609	4.5471582	4672.097021818161
33	561.09204	54.3059	641.46344	496.6038	534.9918	40.370438	638.9947	505.52994	545.66205	58.96077	690.58514	490.80936	356.00427	16.620369	393.31354	341.45877	530.16296	42.51223	630.24615	483.61118	1000.0	1000.0	1000.0	1000.0	1000.0	131999	139.52277	7.5900297	154.82259	-70.80946	139.5212	7.562255	155.54944	-62.225246	-4.888988	1.2235999	29.797194	-13.44578	-140.35757	4.3147297	4824.062632083893
34	649.99426	34.600677	694.3426	609.13806	637.91724	77.30106	746.6646	461.89835	654.5997	107.62688	896.0426	496.5	440.28564	21.361256	462.5311	394.8325	626.55505	87.227776	782.76404	440.2642	1000.0	1000.0	1000.0	1000.0	1000.0	135999	140.06732	7.7184706	156.58498	-67.49786	140.06862	7.709916	157.07326	-119.82398	-4.8612685	1.2599306	27.516579	-13.908165	-140.90677	4.4725537	4975.5173053741455
35	573.91205	79.55408	711.3595	519.881	711.7363	58.858253	792.615	582.3227	656.9283	54.647285	746.70764	561.87225	416.74933	23.837812	446.18573	354.8531	696.86707	73.149445	792.83966	545.89655	1000.0	1000.0	1000.0	1000.0	1000.0	139999	140.51215	7.8839693	158.09473	-68.28384	140.51239	7.8642044	157.6724	-72.05969	-4.895994	1.2255161	34.336647	-14.716931	-141.3512	4.0444326	5128.343195199966
36	575.36395	64.136185	658.9508	503.6082	705.09595	54.562584	789.82196	637.38	663.27625	59.361195	754.8736	546.92346	352.54123	38.682854	439.5558	305.12415	734.0033	48.887028	799.4871	651.9441	1000.0	1000.0	1000.0	1000.0	1000.0	143999	140.84283	8.088168	158.6552	-98.72971	140.84344	8.095565	158.15724	-90.52413	-4.872097	1.2393699	25.120687	-13.249086	-141.6666	4.4691105	5277.627768278122
37	603.0028	29.736715	636.78644	564.0159	608.4269	39.97984	684.11884	555.1686	595.78455	64.62519	689.7853	459.27905	233.52351	13.639222	255.67776	201.88568	611.3861	54.855946	698.6678	531.74023	1000.0	1000.0	1000.0	995.5	1000.0	147999	141.08487	8.025595	157.88913	-67.95093	141.08533	8.008177	156.93724	-85.37231	-4.922733	1.2035848	31.598488	-13.064353	-141.93034	3.240942	5427.0149738788605
38	601.5076	23.450949	636.57935	575.1597	644.214	67.65215	783.41327	545.2826	637.0556	32.74919	704.6101	593.6558	409.46387	24.18237	433.52225	343.35263	671.038	71.00591	791.4436	564.13995	1000.0	1000.0	1000.0	1000.0	1000.0	151999	141.45721	8.243763	159.15419	-99.787056	141.45706	8.23258	158.44597	-63.32839	-4.924079	1.1993498	32.02883	-14.397524	-142.30254	4.3228326	5578.317028045654
39	596.885	42.020386	666.4303	555.2241	695.07947	46.71894	777.77527	631.1759	650.41425	49.390434	748.0688	568.3947	446.6854	14.55537	460.98245	416.7008	683.69794	57.350246	782.715	585.4216	1000.0	1000.0	1000.0	1000.0	1000.0	155999	141.8381	8.362327	160.57085	-59.367542	141.83682	8.357097	159.14763	-116.197	-4.916095	1.2200104	23.199938	-14.928946	-142.68213	3.749209	5730.642607688904
40	622.06506	72.378494	721.03467	545.1958	729.40247	51.113846	783.11	649.58966	743.3747	87.85586	891.1715	569.7361	407.87314	34.993042	499.5614	369.34158	750.638	60.686344	868.40027	629.6134	1000.0	1000.0	1000.0	1000.0	1000.0	159999	142.31577	8.344118	160.11034	-68.116585	142.3171	8.32234	159.49255	-51.785194	-4.904251	1.2298088	20.304075	-13.241148	-143.15906	3.5616426	5887.506151199341
41	619.1681	48.320507	669.82495	561.1885	789.15076	45.903843	861.5747	704.4459	734.35	91.705	876.17584	602.0256	364.04996	26.943228	428.37888	318.93747	756.81287	54.441772	803.3087	629.2501	1000.0	1000.0	1000.0	1000.0	1000.0	163999	142.7309	8.388151	160.93637	-44.29776	142.73196	8.383883	161.80844	-63.0046	-4.904099	1.2383965	21.760887	-17.91658	-143.56885	4.064814	6040.066715717316
42	654.9312	24.48577	690.49445	623.1184	734.07367	61.993294	808.604	623.1234	715.0949	82.448616	877.5196	569.17175	361.4742	20.173801	418.57367	343.86957	732.64594	53.781746	807.129	663.42523	1000.0	1000.0	1000.0	1000.0	1000.0	167999	143.0715	8.405693	162.52817	-105.96015	143.07217	8.394045	162.36404	-135.8795	-4.912249	1.2234713	30.807604	-13.526499	-143.91855	4.313826	6192.774302005768
43	654.7129	31.190706	678.72284	601.19135	773.9878	37.87709	825.0545	717.2817	743.26154	82.20258	850.17377	595.6688	6.729477	5.0864396	20.244959	3.606737	786.07074	16.71476	809.8629	762.8114	1000.0	1000.0	1000.0	26.4	1000.0	171999	143.49829	8.326026	162.9065	-97.20408	143.49876	8.328714	162.82385	-69.14268	-4.921917	1.2086134	27.05592	-16.815521	-144.34488	3.2569468	6327.182981491089
44	622.2943	52.04926	707.6323	576.3988	663.6027	92.808556	795.76556	521.8889	586.2785	51.00688	670.5952	507.13458	357.4062	38.172268	437.3819	288.06284	622.08496	61.21444	737.38367	535.4119	1000.0	1000.0	1000.0	1000.0	1000.0	175999	144.06987	8.412008	163.17213	-69.19311	144.06935	8.368858	163.30803	-71.62286	-4.8951507	1.2416238	19.691433	-13.607213	-144.91803	3.6823027	6477.444833993912
45	617.01385	53.799553	681.5493	534.67236	806.3702	47.16188	878.89325	699.2246	741.8146	77.84942	886.3142	635.55914	100.46422	105.255424	289.22766	2.94705	795.9206	36.711903	885.3393	726.03143	1000.0	1000.0	1000.0	235.0	1000.0	179999	144.33495	8.536081	163.78912	-75.15625	144.33592	8.545492	163.07639	-99.16296	-4.918462	1.2268711	30.652596	-13.054386	-145.16531	4.213033	6618.919427871704
46	661.4074	23.27216	689.3724	628.3671	702.6841	92.61242	814.4533	507.19525	717.0875	46.342617	774.6628	597.85944	1.5935992	0.5828522	2.913632	0.63511676	710.8192	72.046906	821.82666	534.2169	1000.0	1000.0	1000.0	20.0	1000.0	183999	144.75342	8.675767	164.53906	-73.59158	144.754	8.664481	164.08752	-44.703075	-4.8957267	1.2470559	21.5916	-13.034819	-145.58717	3.5437984	6755.617966175079
47	650.9651	18.854715	677.1273	625.45483	685.63086	99.48263	770.71936	492.54144	680.16785	101.13165	767.5797	406.26443	294.8359	23.13715	328.05707	254.79211	706.3417	70.35626	790.86334	527.0523	1000.0	1000.0	962.9	1000.0	1000.0	187999	145.10553	8.768129	163.32535	-84.89856	145.10571	8.746459	163.79807	-44.106625	-4.9050794	1.2387248	22.729017	-14.093098	-145.95744	3.2192233	6908.626318216324
48	654.26135	24.011112	690.6539	624.25903	723.5464	60.21123	805.42615	649.2241	699.2006	61.84332	813.441	618.7834	467.13004	34.944756	514.7491	399.51468	729.4721	44.398163	809.53174	682.0401	1000.0	1000.0	1000.0	1000.0	1000.0	191999	145.42195	8.8013525	164.21329	-81.17537	145.42119	8.797034	163.94432	-79.6348	-4.90781	1.2326257	24.003578	-13.473694	-146.2721	3.1827056	7062.119075059891
49	637.0842	55.86284	697.9334	569.98425	738.92554	49.469173	800.9346	679.94324	750.7989	44.11731	801.0634	676.2245	309.63605	94.867256	421.77542	68.320404	767.1935	60.61135	801.14233	618.5043	1000.0	1000.0	1000.0	918.6	1000.0	195999	145.82106	8.923743	165.67104	-81.16508	145.82101	8.913838	165.36394	-89.19294	-4.9105306	1.2143248	21.99265	-13.044199	-146.66132	3.7460747	7213.8305740356445
50	597.3094	18.894197	610.93976	564.74335	779.87683	25.555696	806.2976	727.6026	789.6805	16.1872	805.3035	755.1537	303.05106	39.57178	360.97766	264.53674	781.5167	22.860548	807.99603	737.5295	1000.0	1000.0	1000.0	1000.0	1000.0	199999	146.2081	9.011908	166.13242	-64.23392	146.2094	9.0077	166.06728	-75.48002	-4.9305353	1.2054626	21.716732	-13.498931	-147.07037	2.8515668	7364.145540237427
51	625.76917	48.510353	692.11487	568.62616	701.8336	25.082169	737.7933	648.97864	674.4161	55.722443	745.405	522.70447	255.52173	13.714742	292.50842	236.84128	710.95264	16.4185	728.16284	667.60297	1000.0	1000.0	1000.0	1000.0	1000.0	203999	146.57886	8.994678	166.70963	-86.167656	146.57858	8.985135	166.54527	-159.70613	-4.9185243	1.2177775	24.834984	-13.620752	-147.42596	3.820893	7514.860619544983
52	627.15546	31.331093	661.54645	583.61176	738.5116	17.677788	765.08704	710.1295	696.5127	35.182896	735.2401	625.5244	300.47583	38.7038	368.50705	267.27957	733.7616	9.682277	745.6235	716.0857	1000.0	1000.0	1000.0	1000.0	1000.0	207999	146.75204	9.106759	166.51665	-53.906673	146.75186	9.107978	165.82135	-65.176865	-4.9439735	1.1977489	28.68666	-13.70538	-147.60822	2.8269653	7666.237368345261
53	585.42053	53.08691	660.005	533.74927	741.1102	49.667347	801.91656	684.04645	710.1542	72.10493	802.75653	580.7589	424.216	41.729168	507.61972	344.76532	716.52936	68.18848	801.0813	620.36896	1000.0	1000.0	1000.0	1000.0	1000.0	211999	146.99136	9.229622	165.83548	-78.970375	146.99155	9.235509	166.2186	-85.37627	-4.9482603	1.191464	23.406654	-13.749936	-147.85223	2.98992	7813.576302289963
54	633.9673	48.14862	683.2893	573.2118	713.35345	16.776503	746.7266	694.2544	720.1156	23.439894	766.4633	695.28296	438.40924	47.27797	491.0837	303.7337	684.0705	52.148384	791.6692	614.0826	1000.0	1000.0	1000.0	1000.0	1000.0	215999	147.2768	9.333408	167.1905	-105.666565	147.27481	9.324674	167.99232	-118.06331	-4.9351163	1.193456	21.384584	-12.180066	-148.1325	3.3070142	7967.186091423035
55	644.35156	36.79305	669.5489	580.9939	684.4878	22.693481	701.52625	629.29694	668.766	30.826685	698.8165	605.3889	306.47913	63.58534	417.41534	241.76974	689.83215	17.003721	699.7471	648.2373	1000.0	1000.0	1000.0	1000.0	1000.0	219999	147.4674	9.413747	168.89497	-94.12232	147.46904	9.411008	168.00917	-86.580215	-4.9294133	1.2123455	33.965042	-12.095505	-148.31366	3.3154721	8119.528582572937
56	610.1393	53.20433	683.50073	555.5833	827.6141	47.632214	899.51416	706.23004	769.5616	43.60596	835.5955	714.18604	353.71655	4.769051	358.8914	341.32993	796.74396	49.31893	899.7301	706.4397	1000.0	1000.0	1000.0	1000.0	1000.0	223999	147.8694	9.364185	168.25275	-54.278778	147.87013	9.374016	168.64162	-122.78807	-4.9475036	1.1765223	20.275827	-13.011469	-148.74023	2.5527437	8268.291080713272
57	643.98175	7.4543347	653.8476	632.9747	660.8452	90.09324	873.65344	603.99866	637.8082	66.91589	811.7625	552.7258	519.0535	86.61351	627.55334	364.10156	642.40594	83.354004	891.7737	603.6248	1000.0	1000.0	1000.0	1000.0	1000.0	227999	148.32518	9.390597	168.26575	-131.9803	148.32558	9.383308	169.613	-95.57338	-4.948924	1.1892179	21.430317	-12.720118	-149.18484	2.7283888	8415.972848653793
58	683.67957	50.922462	750.6117	615.9122	798.28284	36.28431	862.5366	710.33093	808.44385	38.79505	897.8879	727.5602	180.29758	49.762207	233.96333	126.1024	795.5989	46.950657	868.7418	709.4027	1000.0	1000.0	1000.0	1000.0	1000.0	231999	148.57156	9.484362	170.52283	-62.209816	148.5694	9.464818	168.81442	-59.75154	-4.9282017	1.2056445	22.297813	-13.326189	-149.4163	3.450136	8566.170248746872
59	643.6493	43.014187	715.8956	605.29254	722.5769	31.874388	796.46185	691.5563	719.88824	57.325363	805.05817	625.39624	316.7724	28.372889	330.8511	233.61578	735.86456	44.66182	806.57117	700.95294	1000.0	1000.0	1000.0	1000.0	1000.0	235999	148.69911	9.484636	169.75153	-79.97042	148.69981	9.486617	169.07106	-71.4776	-4.9358864	1.193379	25.83745	-12.459865	-149.5497	2.7697237	8718.496299266815
60	702.5716	9.885593	711.12054	686.8265	740.87604	38.58681	794.2704	702.9191	736.2825	40.285877	796.36505	698.3668	140.13089	28.567114	205.71178	122.60841	727.202	28.688004	779.6147	701.2057	1000.0	1000.0	1000.0	1000.0	1000.0	239999	149.0116	9.52797	170.16817	-70.97518	149.01254	9.531089	169.7275	-86.18946	-4.958192	1.1972958	42.05522	-14.403801	-149.8875	2.1039321	8872.970797777176
61	653.40497	40.502274	697.7459	597.2838	739.97253	46.523624	798.45123	673.9167	733.7551	43.087727	800.3737	662.92053	395.24887	37.156628	443.14514	325.99948	748.5888	50.846138	796.1601	662.42755	1000.0	1000.0	1000.0	1000.0	1000.0	243999	149.22359	9.493442	170.39436	-109.08632	149.22623	9.4835	169.78595	-37.926586	-4.9585214	1.1937788	23.270763	-12.641678	-150.08006	2.5740337	9024.093189954758
62	657.23834	56.83537	707.1669	567.4331	687.7403	78.35654	806.70276	597.341	740.69885	89.12342	894.0546	598.44684	283.15314	48.79611	339.80508	209.10654	657.15063	78.78417	798.0143	596.5142	1000.0	1000.0	1000.0	1000.0	1000.0	247999	149.57477	9.634291	170.60513	-64.34618	149.57317	9.642738	170.29929	-122.046646	-4.9444814	1.1925443	37.385887	-11.673245	-150.40244	2.924075	9175.695732831955
63	608.2334	74.55407	706.0005	521.0127	754.3554	54.91353	807.4108	650.115	754.03644	48.249733	812.5587	655.10455	134.34329	24.20608	196.3181	114.57861	757.0177	68.57873	840.3069	639.45264	1000.0	1000.0	1000.0	957.5	1000.0	251999	149.9649	9.641526	171.48495	-72.963425	149.96375	9.63401	170.94286	-66.18423	-4.96094	1.1726477	33.19882	-13.329708	-150.8166	2.4574742	9326.402660608292
64	644.6612	36.001133	695.37256	593.5607	738.09015	74.03468	864.4372	616.532	739.837	79.660576	826.7079	616.1846	336.8776	11.132937	365.42188	325.61148	736.96765	52.35283	806.9337	632.7858	1000.0	1000.0	1000.0	1000.0	1000.0	255999	150.18782	9.7277	172.08559	-97.25603	150.18657	9.708146	171.5728	-109.622665	-4.9627814	1.2159739	29.95807	-12.212296	-151.04631	2.428704	9478.410803556442
65	622.5466	30.998686	665.2012	580.3028	724.1881	47.432507	799.2968	644.982	726.3366	77.81687	815.1722	590.61035	312.91174	97.03922	442.31805	179.91994	737.26	50.072098	810.80304	636.47345	1000.0	1000.0	1000.0	1000.0	1000.0	259999	150.42497	9.741412	172.02892	-96.385956	150.42474	9.721164	172.28592	-60.686543	-4.949835	1.2249106	32.709564	-12.530639	-151.27003	2.6028023	9627.153720378876
66	648.41644	44.059155	699.1169	577.9449	820.13586	46.595	896.39636	723.0242	789.02185	62.111916	865.48236	647.99634	320.60403	52.943695	400.1082	235.74937	816.9989	45.150013	898.1223	726.31555	1000.0	1000.0	1000.0	1000.0	1000.0	263999	150.77054	9.842044	171.97816	-63.70749	150.76949	9.852584	172.34753	-93.17548	-4.9552155	1.2242274	37.00035	-12.884756	-151.62766	2.7711236	9780.049308538437
67	687.45013	16.398285	700.74506	659.6687	797.69836	61.795315	895.9924	709.2656	749.4155	40.844006	808.22174	706.1143	258.88733	38.234566	330.31772	196.80804	755.87756	71.18792	903.6291	707.59033	1000.0	1000.0	1000.0	1000.0	1000.0	267999	150.84373	9.949821	172.2335	-69.92065	150.84074	9.944877	172.51012	-74.78543	-4.9382973	1.2572765	27.04038	-12.809032	-151.67874	2.312147	9934.769782304764
68	661.492	40.220375	699.2784	595.8968	618.885	20.639406	660.62195	602.81793	615.0756	13.0023575	639.79407	603.91315	324.91013	5.4065614	328.166	309.13702	631.16876	38.614914	700.4551	602.35986	1000.0	1000.0	1000.0	1000.0	1000.0	271999	150.84079	9.936041	172.29549	-56.551258	150.83965	9.921798	172.6083	-40.39353	-4.941993	1.2079946	25.060446	-14.684708	-151.64406	2.944431	10087.4128074646
69	625.1129	30.178106	668.0896	582.77075	764.12384	60.357452	832.7588	647.7179	741.2821	104.34923	900.2022	576.14905	303.69574	25.766157	328.18048	246.09927	818.70026	59.619457	901.1822	702.26465	1000.0	1000.0	1000.0	1000.0	1000.0	275999	150.80031	9.949422	171.74576	-77.4277	150.79712	9.955635	172.51505	-139.44554	-4.9125457	1.2004625	25.652414	-12.619039	-151.59978	2.8817003	10248.046241998672
70	637.78503	18.055113	660.14594	610.1879	694.6549	29.092628	720.1162	613.1329	693.2615	42.428596	782.62585	612.02576	288.22858	24.859102	323.90872	241.956	704.2975	11.553115	712.8138	671.74744	1000.0	1000.0	1000.0	1000.0	1000.0	279999	150.80544	9.995123	171.54066	-56.823574	150.80356	10.002061	172.62553	-134.93124	-4.953941	1.162948	23.385761	-13.209459	-151.6131	2.6070282	10399.847610235214
71	647.0554	19.327658	670.2834	619.9729	614.904	17.860823	627.5007	562.39	621.4839	4.6171193	628.2475	612.9442	402.81332	26.597801	442.25742	347.09976	654.80133	55.358944	780.4971	613.03534	1000.0	1000.0	1000.0	1000.0	1000.0	283999	150.96198	9.937346	171.6693	-77.0822	150.95929	9.921363	172.66217	-38.97474	-4.978972	1.1391748	27.945723	-13.841257	-151.7862	1.747636	10555.703520059586
72	641.2455	56.740765	716.8661	580.0603	690.3685	38.945915	743.39435	620.9459	710.6323	36.545773	769.8932	616.55225	302.92358	93.44872	434.33398	165.02533	680.0723	52.976894	788.56396	619.49585	1000.0	1000.0	1000.0	1000.0	1000.0	287999	151.23042	9.914565	173.08185	-101.84807	151.22908	9.914345	172.10269	-93.08726	-4.9819613	1.1479968	31.923042	-13.681699	-152.02686	2.2220352	10713.026936531067
73	686.533	27.7742	718.54694	648.15186	695.1371	30.393236	712.72925	618.0163	687.1225	35.06464	713.428	628.74023	234.98227	22.913883	262.545	169.47975	684.2455	36.845917	711.4381	620.39557	1000.0	1000.0	1000.0	1000.0	1000.0	291999	151.43565	9.8993025	172.85643	-102.12418	151.42966	9.880888	172.98111	-59.32733	-4.974139	1.1493374	25.348385	-15.341248	-152.19376	2.6336637	10864.840078353882
74	661.708	57.477825	715.6571	571.7485	710.6739	53.899067	803.3446	611.68463	712.3159	39.39621	801.7958	631.75494	252.42476	65.619705	421.95755	145.997	709.14075	10.1399975	719.43384	682.01404	1000.0	1000.0	1000.0	1000.0	1000.0	295999	151.39009	9.84768	172.22215	-58.74518	151.3878	9.830099	172.7939	-70.08479	-4.968691	1.1553191	25.469696	-12.955303	-152.19125	2.2833803	11016.940220594406
75	678.66174	16.067242	702.2771	657.0175	712.0164	59.85395	874.5877	657.76465	700.1266	44.88627	790.8526	611.52905	103.92452	55.051853	156.29752	12.532432	729.08234	74.02019	846.65765	611.96704	1000.0	1000.0	1000.0	752.6	1000.0	299999	151.29381	9.845573	172.5424	-60.017525	151.28996	9.8295965	172.16954	-147.60399	-4.9722857	1.1223636	23.791386	-12.716307	-152.09006	2.5459535	11164.467283010483
76	641.27985	25.927315	666.1748	598.6574	856.6769	26.944529	901.32214	823.65125	811.86346	73.39347	900.24884	647.3468	360.17557	36.360397	409.60477	272.12814	838.3081	37.191433	896.4372	797.36127	1000.0	1000.0	1000.0	1000.0	1000.0	303999	151.23456	9.869101	172.04184	-68.62353	151.23502	9.854996	173.41277	-74.87271	-4.958854	1.1489302	35.88448	-12.533903	-152.07481	2.451463	11318.695386886597
77	653.1889	34.12554	696.1511	601.28125	816.8754	76.00744	901.6197	660.353	832.25946	60.067734	920.9548	754.5547	389.04608	76.72084	432.34586	163.96611	792.74243	85.97116	897.51447	633.0667	1000.0	1000.0	1000.0	1000.0	1000.0	307999	151.52734	9.891253	173.88644	-90.52155	151.53114	9.884949	173.40144	-71.69252	-4.9580693	1.1500602	29.370201	-15.987223	-152.3779	2.5706081	11470.763668298721
78	709.0424	32.321793	735.85864	654.2868	668.6451	20.77094	696.70624	633.19275	672.96985	53.667645	800.42096	603.78894	189.3417	24.100693	215.93869	125.373055	669.8593	29.608429	701.1715	605.91095	1000.0	1000.0	1000.0	1000.0	1000.0	311999	152.11623	9.976078	173.38422	-117.349686	152.11662	9.957774	175.09383	-98.88938	-4.952438	1.1670594	22.295776	-13.231411	-152.9999	1.9854616	11623.119997501373
79	655.0261	23.969154	680.1339	615.49554	715.43353	27.384682	794.27386	692.04456	732.11304	57.651493	800.3595	641.654	343.24692	10.442661	371.73096	333.69882	694.9876	24.142618	713.41296	629.8313	1000.0	1000.0	1000.0	1000.0	1000.0	315999	152.24057	10.099612	173.89745	-48.71029	152.2412	10.092408	175.62036	-76.75513	-4.9534945	1.167606	23.550634	-13.376083	-153.13222	2.3241415	11777.131470441818
80	639.8091	23.19904	662.8886	602.6279	828.74884	51.400482	900.2394	712.70215	840.36084	64.89409	904.5417	708.55365	224.09851	100.0489	441.17065	136.72548	865.4611	44.552216	929.79596	799.37805	1000.0	1000.0	1000.0	1000.0	1000.0	319999	152.42572	10.186693	174.85297	-93.61347	152.42622	10.166675	176.09268	-86.94875	-4.939591	1.1806787	35.052666	-14.326698	-153.3176	2.7389915	11928.954589366913
81	636.64075	52.413174	703.8129	563.65356	627.18823	27.936361	710.8288	613.7159	644.1185	57.38569	802.83826	587.2998	125.86841	3.5234241	134.71213	121.47913	624.0931	11.139116	656.27045	614.34705	1000.0	1000.0	1000.0	1000.0	1000.0	323999	152.63889	10.062886	174.4505	-69.730385	152.63933	10.063842	175.59329	-93.35006	-4.9680142	1.1452212	30.349915	-12.730585	-153.53954	1.7869443	12083.452150821686
82	657.12274	58.53912	730.3118	578.1064	813.84436	43.56187	898.7252	729.67804	810.7424	18.569782	865.9202	800.8868	144.40553	15.076041	168.93703	130.82365	810.50476	20.160776	870.7886	800.7782	1000.0	1000.0	1000.0	1000.0	1000.0	327999	152.77856	10.09672	174.63654	-85.03062	152.77809	10.086574	174.37184	-72.763466	-4.973655	1.1318998	31.044193	-12.348074	-153.66557	2.1661544	12238.480600357056
83	646.8501	33.34572	700.2885	612.8008	546.00305	51.02118	647.87164	443.66095	620.8525	87.26222	815.0545	479.584	248.1125	46.84236	313.12448	154.891	657.4022	87.9851	851.91095	575.50476	1000.0	1000.0	1000.0	1000.0	1000.0	331999	153.057	10.108467	175.1326	-87.48775	153.05673	10.097189	174.96254	-108.22676	-4.9828315	1.1091233	19.80619	-12.881987	-153.9381	2.2742682	12395.145881414413
84	660.705	40.56457	701.5024	599.2686	793.07513	97.70384	903.3546	620.3206	767.8869	100.353096	903.9103	617.7704	260.6143	53.486275	338.28	189.48946	783.1234	119.90777	902.70404	625.4374	1000.0	1000.0	1000.0	1000.0	1000.0	335999	153.40373	10.109072	176.2626	-46.60818	153.40578	10.112482	176.65411	-99.87678	-4.981007	1.1223763	22.880802	-14.0218525	-154.31583	1.4756306	12552.80116033554
85	635.01044	23.32261	670.1268	608.2846	763.3751	55.26432	813.7473	630.82587	773.8876	90.55043	901.4433	627.92474	193.77637	33.0828	237.73608	135.54926	762.2939	63.76359	814.97406	637.01184	1000.0	1000.0	1000.0	1000.0	1000.0	339999	153.4921	10.11868	176.32808	-70.15973	153.49347	10.121846	176.93893	-138.12108	-4.991323	1.1247696	27.06037	-12.974394	-154.38898	2.1182883	12708.481620311737
86	698.57404	52.76263	739.0905	607.944	833.57043	47.244587	897.66943	764.118	818.0125	47.62798	879.14105	714.5939	340.4718	38.830776	408.02332	264.5497	856.1869	41.64051	897.3021	797.3225	1000.0	1000.0	1000.0	1000.0	1000.0	343999	153.4645	10.212257	176.18248	-80.39486	153.46555	10.21124	176.37737	-95.34155	-4.956885	1.1480538	21.826948	-12.671324	-154.36539	1.8107283	12866.675555229187
87	688.97314	28.634447	718.30725	643.7924	919.30066	36.92657	979.64496	870.18964	914.5576	35.375687	975.7864	839.0022	380.6598	38.192745	416.0435	303.49567	935.0863	21.99626	973.9949	898.427	1000.0	1000.0	1000.0	1000.0	1000.0	347999	153.5949	10.280728	176.74792	-55.213715	153.5948	10.283974	176.15532	-149.84613	-4.962349	1.1472564	31.766481	-13.626161	-154.49178	1.9907951	13022.166712760925
88	665.6565	38.145233	706.5514	603.60156	858.0355	55.35709	914.3	717.845	842.45184	78.43263	905.64246	629.71906	142.63985	29.20753	229.33264	128.08778	856.9421	31.261618	898.0941	814.66656	1000.0	1000.0	1000.0	1000.0	1000.0	351999	153.60979	10.269002	177.44933	-73.57427	153.60855	10.265817	177.2406	-117.38132	-4.9770846	1.134432	28.99429	-13.384051	-154.52417	1.599125	13178.675119876862
89	668.55084	37.25676	715.3281	623.87946	709.85754	68.54654	879.9212	615.4869	721.2165	81.88222	902.51624	616.70123	338.55902	64.61232	420.66257	223.79245	688.0705	35.939114	729.76074	614.192	1000.0	1000.0	1000.0	1000.0	1000.0	355999	153.66386	10.246814	177.66225	-57.56733	153.66464	10.240407	178.23016	-82.78713	-4.965031	1.1430289	31.474651	-14.4752865	-154.57205	1.8795401	13337.155735969543
90	649.5117	21.703348	677.30176	618.81036	678.2145	106.87975	949.72186	601.69977	730.8258	141.265	980.38654	534.8179	369.14908	20.06019	399.42285	336.82605	713.54034	103.1995	920.90686	607.11865	1000.0	1000.0	1000.0	1000.0	1000.0	359999	153.70998	10.3468485	178.39577	-100.907814	153.70956	10.323901	178.42212	-122.314	-4.955827	1.1534319	17.700718	-15.401545	-154.61806	2.4999382	13493.155155420303
91	668.5529	47.26232	732.0292	610.6137	743.92737	70.47877	856.2778	630.14514	792.8085	68.4747	892.49585	716.94806	308.13364	51.21481	363.58173	232.39006	796.00714	79.36533	902.6574	639.56866	1000.0	1000.0	1000.0	1000.0	1000.0	363999	153.84119	10.333426	178.32306	-51.899754	153.84206	10.321952	179.22539	-57.89043	-4.965325	1.1515741	27.281841	-12.539498	-154.76149	1.5801328	13651.776358604431
92	677.7086	23.624178	712.79565	649.9608	898.91833	30.093216	929.4839	821.9881	870.9017	61.253918	987.49744	775.8679	319.6487	45.748104	368.4367	236.86414	890.8638	32.691143	923.998	827.21533	1000.0	1000.0	1000.0	1000.0	1000.0	367999	153.97206	10.217628	178.22148	-53.571835	153.97183	10.204512	178.53877	-66.13289	-4.965275	1.1428608	38.990334	-16.65852	-154.88142	1.8422397	13809.048918962479
93	680.68884	51.02844	729.015	594.8485	792.3885	95.78071	908.69403	639.95	742.6802	100.50161	910.70325	611.33435	145.11732	7.3320923	163.40695	136.53012	756.14514	72.931694	826.9247	624.71655	1000.0	1000.0	1000.0	1000.0	1000.0	371999	154.07037	10.158406	178.43828	-50.63726	154.07146	10.163823	179.4093	-108.96147	-4.9876823	1.1076596	18.603935	-12.475682	-154.98721	1.8703424	13964.98110127449
94	638.8189	27.211647	675.7783	599.39355	714.86847	40.20561	811.1324	639.68243	720.01526	73.288734	868.9669	617.527	320.09268	25.692877	348.51303	261.1071	680.1676	25.26566	709.0046	633.3172	1000.0	1000.0	1000.0	1000.0	1000.0	375999	154.12437	10.149295	177.55666	-52.77797	154.1239	10.137249	179.73875	-87.41656	-4.9751234	1.1197348	30.78753	-15.20167	-155.03932	1.735742	14120.734108686447
95	620.63135	9.423422	631.87524	606.0877	690.2443	81.91837	793.33203	602.4324	624.51483	56.500065	793.59674	595.09106	344.6381	57.706184	425.7282	244.15753	665.64484	76.093765	788.41656	602.5664	1000.0	1000.0	1000.0	991.6	1000.0	379999	154.06676	10.155944	178.7151	-40.53271	154.06668	10.1498995	179.57367	-56.79575	-4.975135	1.1138185	19.043118	-14.507445	-154.98682	1.4746304	14276.008952379227
96	638.8767	33.541584	681.063	601.56903	715.9004	12.7307825	748.7598	706.87805	739.72314	30.906132	810.60187	707.03174	219.96017	15.739795	251.83374	204.97989	719.7252	18.882847	765.67786	706.3162	1000.0	1000.0	1000.0	1000.0	1000.0	383999	154.15076	10.09824	178.75433	-87.90287	154.15154	10.091081	178.60916	-76.63031	-4.987043	1.1127188	21.79118	-12.427063	-155.07762	1.379931	14431.344092845917
97	637.6234	13.47498	655.7177	618.6276	694.72894	67.66217	801.787	621.7945	804.0565	74.42796	909.81287	655.65466	247.97733	23.541044	294.24387	222.74858	710.3459	94.514145	882.206	620.68494	1000.0	1000.0	1000.0	1000.0	1000.0	387999	154.30968	10.075663	178.82489	-78.462746	154.31001	10.058425	179.42749	-73.36722	-4.999082	1.0817293	20.118656	-14.316342	-155.2274	2.0763032	14588.703056812286
98	692.9828	47.14867	750.9326	633.7444	829.19794	67.88389	885.2738	637.34784	825.0667	76.50085	905.57623	627.7412	312.90762	55.305084	421.50446	236.2653	842.1429	40.886917	895.05994	759.8021	1000.0	1000.0	1000.0	1000.0	1000.0	391999	154.3654	10.023952	177.93842	-40.240227	154.36514	10.025051	179.38292	-65.52204	-4.999635	1.0935476	21.249277	-13.571762	-155.28287	1.2653012	14744.899323225021
99	655.08057	36.70063	713.2503	613.3168	801.67566	42.721992	867.3732	699.2664	747.26154	86.77179	874.8177	590.92834	270.45135	27.781986	312.87152	213.65746	763.7008	108.63278	868.3061	535.32074	1000.0	1000.0	1000.0	1000.0	1000.0	395999	154.6273	10.055107	179.23038	-50.41653	154.62656	10.044641	179.55782	-116.017876	-5.0015845	1.0890551	34.024834	-13.776232	-155.54231	1.3741248	14901.773182153702
100	686.3471	26.38387	723.28735	656.03094	810.3376	45.1865	909.96515	708.35254	780.5487	73.53063	910.66425	650.94	222.04202	17.873615	255.35602	196.03186	816.2118	75.26108	910.37885	668.8455	1000.0	1000.0	1000.0	1000.0	1000.0	399999	154.76193	10.115791	179.0229	-47.64762	154.762	10.107144	179.45825	-106.51455	-4.994226	1.0864905	21.693464	-11.812658	-155.6711	1.8878425	15062.137560844421
