Epoch	AverageEpRet	StdEpRet	MaxEpRet	MinEpRet	AverageTestEpRet	StdTestEpRet	MaxTestEpRet	MinTestEpRet	AverageTransferEpRet	StdTransferEpRet	MaxTransferEpRet	MinTransferEpRet	AverageRandomEpRet	StdRandomEpRet	MaxRandomEpRet	MinRandomEpRet	EpLen	TestEpLen	TransferEpLen	RandomEpLen	TotalEnvInteracts	AverageQ1Vals	StdQ1Vals	MaxQ1Vals	MinQ1Vals	AverageQ2Vals	StdQ2Vals	MaxQ2Vals	MinQ2Vals	AverageLogPi	StdLogPi	MaxLogPi	MinLogPi	LossPi	LossQ	Time
1	481.79327	18.403194	511.16583	461.09818	8.729559	0.14422573	8.954681	8.422977	146.09894	211.34836	500.62268	8.433237	8.737058	0.089815445	8.889714	8.621273	1000.0	20.0	314.0	20.0	3999	11.408628	5.7262473	27.835367	-0.06418697	11.409056	5.7254786	27.785563	-0.04266507	-5.3963494	0.5059028	2.110404	-11.567668	-12.483344	0.0641967	47.37257218360901
2	414.94977	128.70839	503.9646	192.87532	284.29837	47.43595	387.04242	218.57785	254.89261	49.175632	329.99942	158.59923	236.28256	44.444763	335.70096	185.27937	857.5	955.2	1000.0	949.1	7999	33.883514	7.2268267	69.70419	16.371717	33.883564	7.2267942	69.80282	16.131397	-5.2621093	0.9148075	12.202551	-12.311391	-34.95924	0.34542677	147.4289207458496
3	299.8532	205.43253	493.50793	17.720055	366.0377	78.42013	534.8601	238.66641	363.76822	60.914253	504.29355	285.52304	367.64145	66.29298	529.9669	296.17154	640.0	1000.0	1000.0	1000.0	11999	57.050716	10.50561	210.02852	26.109203	57.05045	10.508472	212.81673	26.628664	-3.9806998	3.5360785	48.074696	-15.481874	-58.298923	3.268981	247.4593949317932
4	233.27089	154.424	393.83432	16.32875	121.28522	144.5802	486.9721	10.989625	184.13791	94.51455	315.51865	28.875513	92.63856	84.13343	297.30426	21.311182	671.6667	459.9	777.8	345.7	15999	86.31684	26.594757	389.12848	31.086086	86.31648	26.588438	365.81848	30.235912	-0.524489	4.974156	54.58918	-15.276557	-88.373764	11.983834	327.5257525444031
5	151.55269	155.07867	488.7611	9.1881275	430.65073	99.1815	599.60535	333.40308	405.43155	80.127525	539.7837	279.02805	403.2238	70.726616	567.5913	316.17642	331.7	1000.0	1000.0	1000.0	19999	120.5837	40.16211	430.84885	20.210629	120.58287	40.160084	465.8548	33.277054	0.36143935	4.2927566	36.220615	-15.052064	-122.717636	33.87397	432.5195972919464
6	428.9049	50.052036	512.23285	389.12134	377.14117	184.9378	500.0242	2.9079106	396.47885	159.84167	515.8808	31.13451	324.03387	195.58856	489.28003	5.4631877	1000.0	813.1	840.7	730.0	23999	154.05168	48.443222	417.3122	39.273193	154.0494	48.4338	435.2506	37.084293	1.539844	4.6338735	43.374344	-15.821413	-156.15181	38.075703	526.0479831695557
7	205.37682	224.40857	618.8449	2.7563877	422.4912	92.56743	553.20605	262.3148	369.457	140.39725	556.887	107.37143	494.2945	94.81355	708.5692	333.51486	489.77777	996.1	885.4	1000.0	27999	175.61131	50.815502	389.87753	8.342331	175.60999	50.81788	391.45868	28.439713	1.4800316	4.2515693	38.147053	-15.130701	-177.38284	35.525043	633.5474638938904
8	439.53638	75.74609	562.9575	376.56686	518.69714	59.075615	632.647	409.37	541.36865	103.82365	689.5929	352.93784	523.0077	93.06305	662.9077	315.1594	1000.0	1000.0	1000.0	1000.0	31999	187.33562	44.15365	372.15765	4.981915	187.33452	44.153347	366.25043	-2.832506	1.6342381	4.2632394	36.647827	-16.018522	-189.0505	32.26889	742.617683172226
9	410.90216	70.12067	496.28	301.82513	541.5429	93.60575	688.19574	382.32663	567.55444	115.51049	718.5207	355.9444	538.05365	142.66602	720.2428	261.52795	1000.0	1000.0	1000.0	1000.0	35999	188.92049	36.529892	335.51266	-3.4188812	188.92136	36.53492	335.25476	-4.7057	0.1488919	4.2201405	27.70279	-17.115765	-190.15906	30.373629	842.5226669311523
10	272.68756	114.34985	442.2853	93.8228	321.02402	105.83128	603.47345	235.85677	309.05106	91.00379	454.20462	155.73622	407.17294	191.56528	672.465	87.20339	837.0	1000.0	1000.0	917.4	39999	182.04083	31.079037	300.38162	4.0435524	182.03964	31.071062	297.6484	0.31218743	-0.45326462	4.19418	27.108524	-15.09014	-183.18881	27.592665	941.5341944694519
11	296.913	120.95995	398.9931	96.50579	401.7875	114.146194	560.935	230.35248	499.81665	177.59923	803.68475	88.65715	341.88336	180.94305	590.0797	89.74065	807.5	1000.0	921.9	705.9	43999	179.43465	27.929073	285.16403	-10.529601	179.43474	27.923542	285.32407	-1.0060266	-0.64717984	4.0304794	37.553913	-13.625769	-180.53897	22.357172	1037.096633195877
12	330.528	190.05522	531.5311	20.166454	454.40228	69.73825	587.22906	355.4765	506.09018	100.09516	682.79504	364.06354	424.44644	107.36893	684.9757	278.58078	710.3333	1000.0	1000.0	1000.0	47999	173.4721	22.549212	267.8995	-11.840059	173.47057	22.543467	266.58185	-14.360574	-1.4223285	3.5971076	31.307667	-15.278318	-174.41322	22.461645	1137.686348438263
13	415.85492	81.11325	488.4977	260.06674	437.11407	142.3751	569.68286	88.018486	504.82285	42.22663	596.0623	444.5232	397.71606	195.05495	596.4513	74.579124	921.0	917.7	1000.0	832.7	51999	166.17175	17.918232	242.2238	-0.98816437	166.16978	17.931507	241.92656	-22.539064	-1.924177	3.464162	30.730814	-16.876688	-167.07759	23.407768	1239.220242023468
14	291.8213	192.52232	491.19275	55.15967	471.62476	103.594604	588.014	269.86957	493.89716	92.14649	636.29694	315.08212	507.9454	151.16595	667.89355	239.1191	654.8	1000.0	1000.0	1000.0	55999	160.2599	14.714542	221.50914	-15.46484	160.25705	14.723556	223.51553	-34.779995	-1.992247	3.309313	30.296545	-14.713311	-161.11305	23.063614	1339.7237756252289
15	354.50897	81.93932	451.7466	227.19653	614.3147	104.37677	795.86487	476.51007	586.2838	55.104813	700.82697	520.673	607.2206	45.048508	693.291	548.7472	1000.0	1000.0	1000.0	1000.0	59999	153.28223	11.673765	211.44565	-16.397274	153.2838	11.694571	209.85841	-22.684237	-2.3488028	3.0461712	27.42648	-15.377804	-154.05376	20.53885	1440.4718856811523
16	326.1198	103.23358	447.14948	192.69888	541.04083	62.603325	606.21643	389.10876	559.2355	111.865875	795.1217	422.34915	585.0715	80.215645	761.47534	494.7093	793.4	988.4	1000.0	990.5	63999	147.01228	9.830631	191.37625	-29.240011	147.01044	9.839364	192.6716	-40.70407	-2.2588422	3.1810322	31.763388	-14.306692	-147.82735	18.02689	1541.3449575901031
17	404.54755	84.81401	503.6216	292.81403	484.45883	170.49725	718.3853	117.5773	477.25986	194.12592	782.67163	99.04201	469.4926	109.948555	705.3437	330.3926	921.8	912.7	910.7	1000.0	67999	142.81303	9.196533	184.6557	-30.398336	142.81187	9.225069	185.33115	-53.675514	-2.563105	3.0075	28.092796	-15.866573	-143.61021	16.236837	1639.8404381275177
18	440.1358	66.88364	501.271	335.27997	494.87933	137.27232	748.9062	280.63217	517.4961	135.84189	778.87317	312.74042	549.26886	117.024445	701.44244	388.2217	981.0	962.7	1000.0	1000.0	71999	139.03262	8.533331	183.03647	-45.171703	139.03268	8.561172	182.69058	-70.12804	-3.0287807	2.723783	21.585005	-15.301744	-139.79282	13.335577	1741.6648535728455
19	412.61115	215.04077	597.97266	40.139687	523.45636	116.8352	667.6027	248.84355	448.27386	114.40523	606.5123	284.8394	554.6405	104.62198	762.2594	391.85364	812.4	1000.0	1000.0	1000.0	75999	135.29951	8.459366	172.98337	-17.531326	135.29965	8.487937	173.23044	-62.335384	-3.2581246	2.5368311	23.112614	-14.126619	-136.05994	14.447092	1845.6470291614532
20	287.26834	220.2686	536.80994	0.85075605	568.25146	75.481316	681.41223	395.63174	558.58966	71.391014	669.2718	368.791	582.8109	109.58898	709.57684	310.7155	587.1667	969.9	1000.0	971.5	79999	132.6912	9.187792	170.68524	-39.294384	132.69257	9.1796465	171.80002	-61.043503	-3.0770607	2.8368506	24.750595	-15.586603	-133.46779	15.330729	1947.1286826133728
21	463.29498	129.99767	571.5061	208.84912	476.737	28.652855	537.8083	432.14868	497.049	66.692116	640.3924	407.24307	436.0495	74.130325	533.5088	266.32147	880.8	1000.0	1000.0	1000.0	83999	130.79936	9.942852	171.95885	-26.798956	130.80054	9.962752	169.51314	-65.42063	-3.1478562	2.7689936	28.072712	-18.250769	-131.58144	15.387578	2047.7673354148865
22	500.58398	67.79701	581.7526	404.8975	683.7659	95.69071	818.4584	526.34796	581.4435	212.35832	790.65045	33.2415	609.40564	142.34218	758.8772	220.16953	1000.0	1000.0	881.2	937.4	87999	129.37955	10.642909	179.4724	-43.25873	129.3794	10.636111	175.88205	-59.747597	-3.3020353	2.6304975	27.816086	-15.438994	-130.14394	12.780367	2149.127646446228
23	464.2637	16.137794	479.4576	437.11105	611.6017	63.980858	685.18024	471.57382	624.88556	52.664085	677.9579	519.1154	539.71326	96.266235	643.52167	373.86328	1000.0	1000.0	1000.0	1000.0	91999	128.12892	10.886021	186.14331	-40.135475	128.12927	10.902284	181.05304	-37.41555	-3.541965	2.4599905	28.052845	-14.097268	-128.88869	11.270816	2253.0039205551147
24	424.0692	134.2701	605.3917	226.39995	551.2964	58.677727	645.35925	420.63177	636.16864	33.12652	683.2537	589.8272	640.40436	68.00256	738.0477	508.72388	852.25	1000.0	1000.0	1000.0	95999	127.43178	11.133694	187.48883	-42.435085	127.43158	11.146885	184.78839	-41.497715	-3.8169062	2.2153656	26.799475	-15.132751	-128.20084	10.824813	2353.2031786441803
25	457.97934	99.60007	610.0479	334.0202	572.64	111.565834	734.3819	335.5895	612.80145	75.66257	723.4932	483.29388	562.87683	112.8876	760.0907	364.9765	1000.0	967.0	1000.0	1000.0	99999	127.13982	11.301782	186.07076	-70.11396	127.13867	11.313051	183.67131	-47.291843	-3.890968	2.1325345	23.646572	-13.241824	-127.92059	11.152441	2454.9064440727234
26	446.806	109.66906	518.57025	228.54346	443.66895	80.09732	595.399	337.98428	423.74103	93.4997	551.7534	222.66635	410.56714	76.90373	485.1681	203.6963	889.8	983.9	971.1	946.7	103999	127.2438	11.161847	188.69328	-43.134186	127.24396	11.170829	181.84366	-41.513695	-3.957816	2.0675972	23.210968	-14.488059	-128.03157	10.507684	2555.891881942749
27	444.04187	40.226963	480.38614	380.57474	559.4789	126.381226	683.0064	193.2278	628.23083	72.830025	774.49677	554.04395	542.8941	213.07858	769.72174	128.44218	1000.0	925.9	1000.0	845.5	107999	127.29892	11.132037	186.16377	-40.33132	127.29755	11.144549	179.26811	-48.215862	-4.068592	2.0374978	27.880178	-14.846422	-128.08257	9.718222	2653.0188748836517
28	430.9231	135.67383	580.68384	248.91678	718.7593	108.16976	852.3474	550.85657	630.56036	78.63201	716.0116	447.6822	775.7886	102.95151	882.1397	589.4788	860.0	1000.0	1000.0	1000.0	111999	127.53002	11.108309	182.72374	-76.11337	127.5286	11.119586	179.00914	-70.73978	-4.165851	1.9529793	29.732784	-14.226736	-128.32152	10.669691	2753.0714871883392
29	548.9424	19.88802	563.56775	514.67615	615.50446	63.392567	775.58453	522.9289	609.33636	34.384594	685.4389	548.7653	599.7855	62.729324	706.53357	512.9267	1000.0	1000.0	1000.0	1000.0	115999	127.76342	10.963449	179.44708	-72.02041	127.76286	10.9703865	177.72995	-67.977356	-4.2112064	1.9224478	24.2508	-14.644928	-128.56642	10.342043	2856.4990124702454
30	461.97665	84.93426	567.62836	344.5306	807.28394	79.37642	969.4772	683.35834	801.33203	61.33068	878.596	678.5473	859.32996	57.784603	960.14825	786.8821	1000.0	1000.0	1000.0	1000.0	119999	128.06169	10.686202	173.0204	-93.3702	128.06213	10.691261	171.53728	-79.42813	-4.3019032	1.8437899	25.933813	-15.649018	-128.86351	10.123785	2956.1714589595795
31	513.5428	107.40327	665.73267	362.73257	588.27747	47.445995	651.7338	512.1536	584.66565	37.548035	624.94196	499.10632	545.3726	25.862728	606.3491	520.862	1000.0	1000.0	1000.0	1000.0	123999	128.36964	10.483349	170.93666	-48.01913	128.3704	10.490531	169.12563	-59.333862	-4.3765755	1.8077868	24.460596	-12.898296	-129.16788	10.265084	3060.9318397045135
32	344.89758	202.03273	608.1729	93.609024	662.00073	41.77483	712.612	595.0509	679.04724	71.54937	791.3908	532.7965	680.0876	49.80792	751.3443	587.2047	650.5	1000.0	1000.0	1000.0	127999	128.73102	10.294269	169.20152	-63.713215	128.73055	10.28995	167.9139	-77.90323	-4.4385347	1.7595217	23.517271	-13.494975	-129.53409	8.799197	3163.4628007411957
33	538.2772	75.62346	667.5807	475.61313	556.77686	65.21687	679.6528	479.91183	605.7555	72.53462	692.066	518.4048	625.2428	47.360046	682.46606	538.92755	1000.0	1000.0	1000.0	1000.0	131999	129.08311	10.033009	162.94676	-85.086105	129.08424	10.026304	164.41391	-78.62029	-4.5082664	1.658904	28.305847	-15.250559	-129.87288	10.856716	3264.9938242435455
34	576.4712	47.58352	624.14014	504.37762	567.38983	135.3762	704.838	297.6348	603.23206	74.25474	706.35046	460.67096	567.69745	79.19955	661.8845	396.2726	1000.0	894.2	1000.0	936.6	135999	129.539	9.697026	160.33716	-75.62561	129.53845	9.699611	160.63133	-80.78897	-4.5829387	1.5867604	28.73556	-13.128965	-130.33044	7.5864983	3364.6147451400757
35	544.9661	66.17036	631.9019	446.53195	787.0324	121.179794	889.7707	487.3588	723.10114	71.81341	808.97205	566.0914	769.83527	99.6446	888.3769	517.4317	1000.0	1000.0	1000.0	1000.0	139999	130.11687	9.525049	156.04948	-56.111862	130.11684	9.524009	157.32253	-81.92793	-4.5834928	1.5735067	21.163038	-13.479747	-130.91791	7.873713	3465.044035434723
36	554.4874	41.62294	609.70496	511.10123	643.05774	65.02518	803.9596	584.20966	625.2173	33.580967	691.3449	599.7469	629.0939	56.245926	709.7244	539.6032	1000.0	1000.0	1000.0	1000.0	143999	130.59273	9.355504	154.55908	-57.53639	130.5925	9.361888	154.34595	-50.260403	-4.605667	1.5595623	21.224707	-13.57395	-131.39851	8.1285925	3567.348135948181
37	583.4725	6.977868	591.58466	574.48834	572.1913	56.252037	666.6049	458.98547	554.24664	78.86383	657.7338	400.51486	509.88885	36.37436	551.8832	417.62573	1000.0	1000.0	1000.0	1000.0	147999	131.35358	9.084813	154.25874	-94.57907	131.35358	9.079091	154.40877	-66.44523	-4.6109877	1.5889386	23.465105	-13.881468	-132.17049	8.992211	3670.8579585552216
38	565.7067	44.861744	611.7356	509.39154	685.8124	50.817326	785.252	620.2129	722.17	59.97694	785.71716	614.35614	669.79443	86.06845	763.1343	520.26154	1000.0	1000.0	1000.0	1000.0	151999	132.11804	9.015312	155.52849	-94.25895	132.11867	9.037046	155.00343	-135.70625	-4.6407228	1.5523559	31.045334	-12.848457	-132.92128	7.6346574	3771.0267572402954
39	586.8396	56.09144	647.54376	523.784	486.0914	48.741577	615.04004	411.23517	548.5826	116.13968	778.78375	422.25757	463.98813	52.384953	586.89014	371.3733	1000.0	1000.0	1000.0	1000.0	155999	132.90079	8.882687	154.31285	-67.50895	132.90106	8.89379	154.38203	-92.06317	-4.6680565	1.4963535	20.873512	-12.621107	-133.73181	7.684765	3871.993241071701
40	607.6533	55.654118	658.23535	520.5484	540.315	63.578545	682.12164	477.64258	610.4713	107.13477	778.90924	454.3054	507.8712	44.238144	592.7909	450.63596	1000.0	1000.0	1000.0	1000.0	159999	133.53426	8.830627	154.39471	-79.45482	133.53519	8.831447	154.49376	-114.38806	-4.706152	1.4792418	21.815657	-13.818405	-134.3594	7.7545958	3973.4685513973236
41	584.33875	43.097637	635.25714	534.31604	593.0921	85.2353	694.66156	477.43677	631.39044	62.914314	694.30493	514.0505	600.68494	72.7686	694.7552	496.9635	1000.0	1000.0	1000.0	1000.0	163999	134.08278	8.92677	155.65428	-101.93384	134.0821	8.928688	155.00505	-87.93099	-4.7153106	1.4678007	23.6778	-13.262134	-134.89262	6.9358096	4073.6974835395813
42	539.1678	43.615116	591.45624	495.8032	765.5915	41.658474	798.97955	652.3172	720.842	90.498055	800.9938	537.03864	733.4251	73.880745	797.7073	553.117	1000.0	1000.0	1000.0	1000.0	167999	134.48473	9.049774	156.45978	-78.26462	134.48602	9.072801	155.68126	-114.1033	-4.719966	1.4722931	23.83456	-13.923742	-135.29045	7.8306193	4175.441495656967
43	619.4286	40.737152	680.5814	565.91296	566.19415	31.042408	619.9928	521.4808	564.52185	32.373672	625.37726	519.62024	589.7487	26.030062	637.0319	538.6501	1000.0	1000.0	1000.0	1000.0	171999	134.93454	9.297702	157.79073	-102.059715	134.93748	9.28812	158.16692	-96.80493	-4.6860995	1.5171483	18.72392	-14.758036	-135.74493	8.059679	4283.548955917358
44	590.50256	58.175457	649.7146	495.7898	551.3829	92.43921	745.40857	442.51248	512.2762	112.97522	774.1291	390.97385	553.5015	91.06992	798.4826	471.4657	1000.0	1000.0	1000.0	1000.0	175999	135.40488	9.500532	159.65952	-68.49789	135.40605	9.512195	158.48325	-101.09558	-4.6821733	1.5221698	24.685188	-14.5605	-136.22089	7.8795886	4386.861837387085
45	518.01526	155.49933	667.2292	256.88037	666.6561	73.82019	748.9076	525.9175	657.3407	70.02664	753.56036	529.97345	686.05994	86.328514	799.0655	515.18964	868.0	1000.0	1000.0	1000.0	179999	135.73206	9.676578	161.75198	-80.27874	135.73438	9.685913	158.99428	-122.09622	-4.726564	1.4445655	28.320347	-15.726218	-136.52097	8.076109	4488.271482229233
46	598.1741	39.2347	656.15466	559.08887	514.9226	90.983696	658.6739	406.74094	522.6629	70.142914	649.1357	422.7684	548.87317	87.8337	730.4363	405.18274	1000.0	1000.0	1000.0	1000.0	183999	135.98482	9.818121	161.27121	-81.19949	135.98537	9.828068	159.73924	-93.999466	-4.732454	1.4546342	25.704062	-13.175271	-136.78575	6.8463917	4589.329965591431
47	538.66956	50.24257	617.05164	480.43616	710.9821	113.827545	891.6807	468.3648	691.0322	124.05925	892.1709	423.21503	761.00946	87.249115	884.9809	610.99005	1000.0	1000.0	1000.0	1000.0	187999	136.37967	9.786306	162.54974	-122.506805	136.38142	9.754919	163.21101	-61.64409	-4.729927	1.4986395	21.386208	-13.33535	-137.19756	7.4056516	4694.580171585083
48	537.5381	45.91451	611.62396	485.83582	560.78125	66.419815	732.15015	479.43167	599.62463	69.67054	720.73126	498.9343	560.73865	72.34409	683.2105	443.60397	1000.0	1000.0	1000.0	1000.0	191999	136.60558	9.905092	160.84265	-83.94139	136.60693	9.868022	162.081	40.90913	-4.761864	1.4824159	20.613281	-12.317966	-137.40134	6.9973536	4795.665696620941
49	540.6823	114.704254	647.9025	348.30527	497.9441	79.84862	600.6478	322.38043	494.3806	60.219334	606.2107	387.81342	469.66754	109.441986	762.78973	319.58295	1000.0	1000.0	1000.0	1000.0	195999	136.71931	10.02631	162.77805	-96.16228	136.71979	9.990858	162.10228	16.805105	-4.7915273	1.4190184	29.30626	-12.64793	-137.51816	6.9224896	4897.712507009506
50	594.0407	89.83083	743.3053	517.2935	647.7599	116.601494	788.6874	498.46738	631.50653	86.939354	792.3324	517.80597	632.0828	63.14115	741.63306	542.57556	1000.0	1000.0	1000.0	1000.0	199999	136.99564	10.195831	161.4673	-78.46686	136.9968	10.170807	162.00868	9.373187	-4.781778	1.4212493	25.275063	-13.857342	-137.81506	6.3582354	4998.777492284775
51	552.6669	149.36142	734.81116	319.38004	728.6708	67.58147	799.96204	592.09015	714.40497	75.40831	797.32837	601.7314	725.66614	66.95633	796.2334	599.2698	1000.0	1000.0	1000.0	1000.0	203999	137.31738	10.350547	161.94308	-82.35603	137.31834	10.325238	161.75827	10.616954	-4.7485323	1.4720024	22.252048	-13.676644	-138.12962	7.2410417	5099.373381137848
52	632.6095	56.418068	693.25336	549.1564	806.15594	40.43797	900.5749	744.0488	796.08496	28.573746	833.24207	740.4644	811.30615	48.16693	894.0196	730.034	1000.0	1000.0	1000.0	1000.0	207999	137.7342	10.461192	162.79202	-91.4504	137.73479	10.439448	162.47818	11.662428	-4.7930284	1.4204872	21.264425	-14.094921	-138.54044	6.472003	5201.853971004486
53	579.6294	31.447897	622.5802	535.0017	569.75354	108.9516	783.0261	394.98486	571.9431	92.74904	692.9875	395.1283	556.4754	61.570934	683.51764	489.3074	1000.0	1000.0	1000.0	1000.0	211999	137.99922	10.655984	163.28458	-103.03509	137.9997	10.6320715	163.09035	7.5287414	-4.8382177	1.371637	19.293133	-12.282032	-138.80832	5.8548017	5303.0179879665375
54	637.78784	31.51511	667.0754	588.64233	759.7041	43.1759	835.0429	695.0397	764.9622	93.32677	895.3915	603.28046	756.1725	55.66615	808.0206	634.2461	1000.0	1000.0	1000.0	1000.0	215999	138.33118	10.6301775	164.28824	-140.40657	138.33064	10.596529	164.61829	8.564753	-4.838216	1.3822455	16.416828	-13.572403	-139.1649	5.338494	5404.60907459259
55	584.53406	57.019527	660.4774	505.47705	793.27924	59.148174	891.85065	700.2266	749.4251	145.82396	892.39355	505.04092	749.1102	124.85031	874.8426	484.31744	1000.0	1000.0	1000.0	1000.0	219999	138.60532	10.786368	165.27248	-90.74425	138.60503	10.775122	165.14943	5.3205214	-4.8348074	1.3946148	21.04438	-14.244165	-139.41444	6.5193105	5506.38994550705
56	603.448	20.730715	626.9195	575.618	765.7278	73.71033	888.6598	623.181	720.72943	101.49636	876.7946	546.8613	776.305	89.32241	891.44727	577.5256	1000.0	1000.0	1000.0	1000.0	223999	138.89359	10.791503	165.29364	-34.162758	138.89326	10.782028	165.15622	4.0642014	-4.7868814	1.4396445	15.216753	-13.427458	-139.73094	6.064458	5607.2511510849
57	588.0629	36.125916	637.4011	535.4308	823.79297	80.74435	962.9123	731.6669	827.66736	99.52213	978.9917	700.41425	849.1032	73.57348	931.9703	712.1561	1000.0	1000.0	1000.0	1000.0	227999	139.2443	10.7134495	165.74686	1.0529134	139.24535	10.7061825	165.38893	10.559216	-4.773093	1.4625764	21.269001	-13.921908	-140.08575	6.1680107	5707.962623119354
58	676.288	32.843163	728.41187	638.24713	721.14935	65.79133	795.03485	585.703	685.3473	57.370094	782.59143	615.62305	690.24524	42.379074	760.987	580.16284	1000.0	1000.0	1000.0	1000.0	231999	139.7935	10.715931	165.67094	-128.78207	139.79465	10.693197	166.07372	4.591598	-4.797455	1.3974044	22.660402	-14.745427	-140.62962	5.9654036	5808.347465515137
59	631.8234	39.41216	677.7423	572.2868	672.21136	40.043343	698.48157	592.38544	669.33704	34.757446	717.9277	599.76166	682.89954	27.570044	702.90845	602.5079	1000.0	1000.0	1000.0	1000.0	235999	140.24731	10.756332	166.93652	-70.58757	140.2489	10.75004	167.14635	1.3954797	-4.7915792	1.3921034	18.028656	-14.833121	-141.0845	6.43416	5909.318637132645
60	603.2135	35.392536	645.165	549.7623	746.67474	58.328808	889.3003	696.624	758.6125	111.37513	952.0929	603.17474	809.0143	44.46524	890.86475	740.1228	1000.0	1000.0	1000.0	1000.0	239999	140.44754	10.783217	167.13239	-62.712326	140.44653	10.769487	166.65062	0.51158535	-4.832249	1.3371475	18.877977	-12.289931	-141.28456	5.2496595	6010.355653047562
61	617.69	63.047977	721.43274	556.05914	782.0462	88.519356	880.52734	573.5269	757.4491	88.73247	890.6435	595.8025	839.52325	34.13787	888.0624	794.1365	1000.0	1000.0	1000.0	1000.0	243999	140.73807	10.83329	167.01329	-57.115513	140.73894	10.830995	167.01752	13.261891	-4.8315935	1.3491534	23.364136	-13.202676	-141.57275	5.618772	6112.792298316956
62	631.11554	12.46032	645.48126	618.171	806.6705	52.686256	895.7124	701.9886	788.63007	64.823784	891.9383	712.28326	789.6459	83.18886	893.4254	609.691	1000.0	1000.0	1000.0	1000.0	247999	141.01434	10.798729	168.03435	0.7438782	141.01517	10.801207	166.93938	0.8011098	-4.8344564	1.3555825	22.46612	-13.987158	-141.86162	4.7284536	6213.6312828063965
63	605.3011	25.305845	627.4352	564.4408	742.28186	42.987335	826.7277	681.4351	732.5641	111.92205	954.45575	606.24713	741.634	83.976616	896.09595	631.3554	1000.0	1000.0	1000.0	1000.0	251999	141.38814	10.7802305	168.75047	1.3765098	141.389	10.782859	167.67572	0.10491541	-4.833994	1.3801014	15.303055	-13.923851	-142.24397	5.305074	6316.546959638596
64	584.83044	4.660097	589.7028	579.8375	796.27966	7.8688846	811.78485	782.99445	768.2101	58.71221	881.3323	690.9994	777.63544	41.09675	810.93365	692.7876	1000.0	1000.0	1000.0	1000.0	255999	141.65746	10.869313	169.66733	0.6374014	141.65646	10.863388	168.81543	-0.40945584	-4.8506713	1.3544564	21.795393	-13.096724	-142.50948	4.510091	6419.8270127773285
65	570.5449	36.430122	631.5042	537.4127	733.41296	77.2197	800.97046	551.7872	680.48865	61.389416	799.544	581.3542	746.74866	74.7106	862.7227	606.78766	1000.0	1000.0	1000.0	1000.0	259999	141.96045	10.890231	169.71382	0.46069553	141.96104	10.892226	169.20845	0.98589575	-4.844012	1.3648598	22.267815	-13.300169	-142.81262	5.002579	6521.683855772018
66	630.19446	41.27911	674.71405	578.0173	777.07574	61.52349	850.3229	625.71625	738.30536	78.71963	809.2041	607.76306	777.45197	78.03046	866.0139	576.97504	1000.0	1000.0	1000.0	1000.0	263999	142.22089	10.882861	170.93741	10.580149	142.22243	10.883155	170.60532	11.559182	-4.836508	1.3678833	19.263588	-13.759705	-143.08118	5.4767222	6623.41921544075
67	597.6133	6.827109	609.00146	592.026	753.11554	59.846516	809.085	626.78	770.1417	60.727562	815.05164	621.4883	758.5154	53.088978	810.7462	643.68585	1000.0	1000.0	1000.0	1000.0	267999	142.526	10.87114	170.16763	0.40775323	142.52786	10.87347	170.03725	0.09998828	-4.8727226	1.306865	26.00542	-15.293358	-143.38881	4.3260555	6727.517304420471
68	595.1284	36.13133	655.46857	562.36395	840.0951	100.93443	896.4552	585.8068	818.78284	94.52074	891.72205	588.544	839.5913	60.10954	909.3722	694.93164	1000.0	1000.0	1000.0	1000.0	271999	142.8509	10.927079	170.64009	0.58566386	142.85115	10.926224	170.75496	0.039919823	-4.8562183	1.3200957	26.753757	-13.484355	-143.72359	4.3086705	6830.606652021408
69	617.7289	27.190811	662.58997	590.4808	737.36334	71.17823	844.1958	637.9606	743.28455	53.46848	838.0444	651.81335	725.18054	23.077625	783.3779	706.80035	1000.0	1000.0	1000.0	1000.0	275999	143.30617	10.84077	172.05728	0.49755812	143.30751	10.839966	171.9978	0.84953994	-4.854938	1.3552781	25.455153	-13.169952	-144.1665	4.551706	6932.9151883125305
70	584.4657	76.46269	655.0627	455.48416	622.0044	68.41633	725.46857	534.09564	622.2027	89.01533	793.1077	497.3887	580.7873	45.125366	663.6506	468.976	952.25	1000.0	1000.0	1000.0	279999	143.59605	10.882589	171.39682	-0.060212314	143.59756	10.87955	172.67267	1.0078566	-4.872952	1.328305	15.134545	-13.395262	-144.46193	4.725491	7037.567029714584
71	620.9965	18.91143	652.4441	601.8766	752.99243	63.244404	817.75714	624.8153	755.09033	48.110817	828.6083	685.5334	754.0725	22.998808	799.6518	722.11304	1000.0	1000.0	1000.0	1000.0	283999	143.92195	10.872618	171.12885	0.39089656	143.92294	10.86886	173.3982	-1.0413494	-4.8251424	1.3943391	30.365368	-14.036151	-144.7871	5.646668	7139.58891415596
72	608.2106	26.000988	651.28296	583.84503	717.4085	70.97903	837.41797	619.75616	722.04346	48.5582	800.2139	651.27	686.9769	55.965126	773.0905	623.7616	1000.0	1000.0	1000.0	1000.0	287999	144.15492	10.918346	171.69894	1.5613189	144.15573	10.914052	173.40001	0.0060812235	-4.8349957	1.3884678	17.165867	-12.838455	-145.01906	4.724357	7239.916781425476
73	638.7069	44.082424	714.7424	609.9518	802.51514	2.8750043	806.955	797.0675	798.6288	10.987262	804.7792	766.1944	798.30176	10.726347	806.7367	767.24713	1000.0	1000.0	1000.0	1000.0	291999	144.36426	11.022072	172.51735	-0.5354139	144.36513	11.017201	172.34023	-0.1843895	-4.8532834	1.3213696	16.560455	-13.901261	-145.2254	5.1769133	7339.935513973236
74	603.0689	26.42199	636.4812	562.4773	749.4811	47.629536	805.2999	681.2353	739.8793	44.455105	804.5925	691.7893	772.95123	54.88454	893.4732	690.82684	1000.0	1000.0	1000.0	1000.0	295999	144.69872	11.075683	172.63007	0.62657607	144.69807	11.070479	172.38103	0.9930174	-4.8546133	1.3383657	18.745419	-12.982864	-145.55719	4.7649765	7440.367641448975
75	613.44507	28.73004	640.2069	567.7823	541.7994	54.161194	680.23236	471.40436	617.4279	91.63097	794.8354	503.16888	566.1528	68.8854	703.65155	507.44458	1000.0	1000.0	1000.0	1000.0	299999	145.16087	11.160952	173.43141	0.6545193	145.1617	11.158647	173.8243	0.6936445	-4.859524	1.3271987	16.114103	-14.525326	-146.02838	4.621114	7544.020328760147
76	618.8701	4.3712134	624.96405	612.6729	779.8728	38.960262	801.8317	667.5888	765.5704	55.08977	803.6859	628.9573	761.8542	58.778564	800.2592	610.7786	1000.0	1000.0	1000.0	1000.0	303999	145.4612	11.138262	173.41092	-3.1039329	145.46251	11.137378	173.08302	0.7979226	-4.8632555	1.3275076	18.098587	-13.720786	-146.33157	4.7866235	7646.45671749115
77	617.2137	28.059258	649.04474	577.0226	785.9899	27.382078	810.15106	731.76355	782.053	49.302387	832.87964	654.582	795.6583	26.860798	829.50995	741.56604	1000.0	1000.0	1000.0	1000.0	307999	145.70483	11.248976	174.01268	1.3075819	145.70557	11.245512	173.34445	-0.67585576	-4.8639517	1.3395287	19.997616	-12.48048	-146.57019	5.3205214	7746.551874876022
78	641.375	35.291225	689.20905	597.4482	793.2897	23.507725	808.7072	735.6278	788.1535	35.406094	809.633	690.32263	802.76154	3.7433798	808.3197	795.8197	1000.0	1000.0	1000.0	1000.0	311999	145.8594	11.39893	173.53882	-0.9343552	145.85805	11.393751	173.83461	1.8752244	-4.858573	1.321744	19.794127	-12.27203	-146.71481	5.688219	7848.1322610378265
79	627.1987	13.128431	641.3519	605.71875	738.2617	51.335625	890.8834	707.3172	737.2279	67.40839	892.1467	638.18933	728.85223	56.671516	894.55835	686.6538	1000.0	1000.0	1000.0	1000.0	315999	146.17468	11.492625	174.8638	-0.087242365	146.17497	11.489316	176.52785	-1.0912825	-4.8552127	1.3329986	18.23058	-13.010473	-147.04143	4.264551	7948.189946889877
80	644.47546	15.018631	658.1077	619.04364	688.9146	103.15093	832.3654	545.38617	687.99304	128.39468	924.577	527.3221	659.40485	91.55827	809.2872	553.87933	1000.0	1000.0	1000.0	1000.0	319999	146.49988	11.546226	175.2168	-5.830857	146.4998	11.539333	176.48181	-1.6469584	-4.881085	1.2960322	20.29777	-14.423655	-147.36707	4.067836	8048.120699882507
81	624.6859	14.329241	640.31	603.4592	736.8139	78.36531	866.3167	568.9435	688.1253	61.46612	814.5969	628.392	722.60046	76.368034	807.66486	588.7769	1000.0	1000.0	1000.0	1000.0	323999	146.82841	11.45654	175.75372	-4.2403564	146.82759	11.451373	175.99048	-1.6771885	-4.898728	1.2814001	21.080109	-14.1205635	-147.69278	3.6768785	8148.544434309006
82	635.88525	4.0420876	639.4226	629.0254	752.37244	86.03951	844.2133	589.2726	789.38995	42.200768	813.02527	671.25116	768.8065	82.780174	862.8383	585.56964	1000.0	1000.0	1000.0	1000.0	327999	147.2544	11.671571	176.70041	-0.7360204	147.25601	11.669118	177.35585	-0.14007065	-4.8572307	1.3338577	18.786613	-14.481895	-148.1063	4.831206	8250.874969005585
83	641.4061	25.353388	682.2177	613.7518	805.2325	1.8741844	807.743	800.8012	805.72534	2.2562912	808.7432	802.09985	804.5663	1.4663554	807.42255	802.7934	1000.0	1000.0	1000.0	1000.0	331999	147.45554	11.732326	175.85515	-0.37884438	147.45412	11.723382	178.03944	0.49880016	-4.867283	1.3350227	17.002316	-13.10043	-148.31035	3.6873167	8354.15809559822
84	642.0117	21.100159	670.499	612.8393	723.00085	33.795887	798.42944	661.5581	736.7024	42.778908	811.2709	658.78107	737.4982	54.3972	872.342	671.0622	1000.0	1000.0	1000.0	1000.0	335999	147.74353	11.719849	176.50227	-9.576812	147.74403	11.714404	178.48128	-6.8579373	-4.8174825	1.4641268	22.444733	-12.695481	-148.5985	5.038906	8454.214981555939
85	622.6962	10.54386	639.0474	609.636	787.4372	61.653015	892.5541	716.59985	826.8669	32.63281	896.11017	801.3374	840.61896	40.481354	896.63635	800.85156	1000.0	1000.0	1000.0	1000.0	339999	147.81029	11.719797	176.68242	-2.3567615	147.811	11.715054	178.5164	-1.0061393	-4.8283324	1.4303732	14.4229765	-13.236539	-148.66383	3.7673433	8554.192713975906
86	642.0843	9.967106	655.78345	627.7013	834.32654	72.694984	894.79236	637.63763	809.5816	71.36084	955.0012	673.78955	830.7125	49.65638	904.8416	769.0143	1000.0	1000.0	1000.0	1000.0	343999	147.94154	11.617015	177.13768	-2.0366008	147.9425	11.615079	176.88658	-1.6010952	-4.8832965	1.3177427	23.105324	-13.334919	-148.79916	3.478541	8655.08119893074
87	626.04663	7.624086	634.1211	617.69653	728.5063	57.9806	812.4492	635.9487	750.56305	66.784805	803.97144	618.3976	725.2983	68.09356	841.80536	622.1807	1000.0	1000.0	1000.0	1000.0	347999	148.18216	11.582726	175.45709	-1.7696077	148.18292	11.578558	177.55698	-0.028026432	-4.8426213	1.4452212	19.811872	-11.769699	-149.04599	4.1632795	8756.27052617073
88	611.2115	30.690342	653.899	569.38007	739.8631	93.613075	814.59814	553.7352	760.0087	70.66569	799.7811	553.3252	700.13965	78.137695	796.0494	500.0049	1000.0	1000.0	1000.0	1000.0	351999	148.54613	11.605199	176.00539	-2.8216977	148.54712	11.60089	177.05731	-1.3705405	-4.820559	1.4349201	23.217648	-14.854584	-149.40967	4.237464	8857.111491680145
89	614.18933	15.985599	638.2982	593.7569	785.311	30.082077	807.3558	726.2656	784.9149	26.105013	802.4692	719.20966	787.65735	14.764119	803.8496	748.06555	1000.0	1000.0	1000.0	1000.0	355999	148.73833	11.603878	176.17467	0.5385636	148.73929	11.598908	176.8434	0.321257	-4.8229623	1.474633	21.96666	-12.847307	-149.58424	4.286532	8957.147037267685
90	610.61633	4.4805264	616.9909	604.70013	778.6797	99.20913	935.7136	651.45935	770.3099	77.78223	903.225	675.72253	714.20197	73.60314	893.0157	646.39276	1000.0	1000.0	1000.0	1000.0	359999	148.86494	11.591256	177.41078	0.9312655	148.86752	11.5864525	177.804	-1.1999781	-4.8514	1.3739288	18.492588	-14.935836	-149.71371	4.045152	9061.80614733696
91	604.6479	35.625084	631.284	543.2931	786.2001	47.26719	870.8692	702.8623	775.8463	67.33541	896.1073	683.47845	756.06696	30.458258	805.7996	718.7254	1000.0	1000.0	1000.0	1000.0	363999	149.08817	11.683958	175.56598	-1.4505816	149.08913	11.681026	177.29482	-0.66419226	-4.8772225	1.2839283	21.34225	-16.665958	-149.92984	3.9264913	9162.722648382187
92	616.77045	30.137127	664.2211	585.2772	794.26306	38.651157	832.9422	681.4108	769.9071	64.84811	846.0263	617.47437	785.8433	52.395638	841.1895	662.1032	1000.0	1000.0	1000.0	1000.0	367999	149.28625	11.804312	176.72351	-2.0721338	149.2867	11.797608	177.23376	0.7445971	-4.8938475	1.277843	18.105381	-15.442709	-150.13773	3.743183	9262.434657335281
93	615.23413	12.716306	634.7582	603.51825	802.5328	58.458347	892.12604	649.4068	828.7912	62.13576	897.6808	687.15515	843.3131	35.26871	897.03815	793.65607	1000.0	1000.0	1000.0	1000.0	371999	149.76202	11.70341	177.07661	2.3212702	149.76598	11.707016	177.56006	-2.7198691	-4.8918614	1.2611905	16.812088	-13.539748	-150.60582	4.231336	9362.25690484047
94	609.5252	32.420906	635.9972	556.3218	862.32275	50.214718	916.9353	741.0605	850.9318	39.373486	893.6239	789.9573	826.7541	54.496616	891.54156	748.7893	1000.0	1000.0	1000.0	1000.0	375999	149.85158	11.860151	177.97624	-0.8452641	149.85179	11.854789	177.28592	-5.092489	-4.8900766	1.2517477	15.063126	-13.364864	-150.69133	3.6495457	9461.473900079727
95	639.9166	42.640324	700.32874	588.1974	755.1965	61.007168	822.9774	630.7802	745.4877	64.02681	805.66437	583.7346	767.34924	29.473541	814.8238	711.11896	1000.0	1000.0	1000.0	1000.0	379999	150.07954	11.893208	177.09767	-3.9908814	150.07773	11.878359	177.5486	0.038279176	-4.909767	1.2208856	18.959972	-12.726736	-150.911	4.032771	9560.523864269257
96	617.6199	19.962038	648.90643	596.43164	725.6535	23.130037	780.28876	688.0913	713.3324	77.62085	814.7159	542.5956	694.7499	44.880093	756.596	617.74866	1000.0	1000.0	1000.0	1000.0	383999	150.33887	12.074694	177.7587	0.014641106	150.3398	12.064743	178.84224	5.041972	-4.8490524	1.2884574	21.198494	-14.322607	-151.16185	4.4617586	9661.13671374321
97	635.4716	11.7564945	650.06744	619.65717	579.0529	63.34261	641.0649	406.5238	562.54675	117.892975	782.1057	371.76242	568.21655	67.20123	626.15204	378.90033	1000.0	1000.0	1000.0	1000.0	387999	150.81174	12.044709	178.24849	-2.3460824	150.81424	12.041151	179.07553	2.0699248	-4.868123	1.2864228	16.993443	-12.492453	-151.64862	3.8254166	9767.769468307495
98	623.12836	13.036557	637.86725	603.9325	711.28625	43.26694	764.6452	631.4136	691.6292	52.88563	797.8648	610.7135	716.27136	47.04634	805.8569	642.48224	1000.0	1000.0	1000.0	1000.0	391999	151.20361	11.979519	177.70213	-3.9512727	151.20392	11.971543	178.03189	-1.7376456	-4.888736	1.2513583	20.302523	-14.175489	-152.05316	3.3060186	9871.178778409958
99	633.96265	22.782547	671.4613	613.788	639.8913	50.16368	775.24963	603.0505	634.6584	71.1285	748.438	501.55472	693.7969	68.2748	790.00903	600.73444	1000.0	1000.0	1000.0	1000.0	395999	151.32654	11.748637	178.63094	3.6669858	151.3248	11.73918	178.53577	-0.63869405	-4.9048843	1.2492566	18.51582	-15.320886	-152.15158	3.860912	9974.451656103134
100	629.3483	13.073647	644.04645	609.8232	817.1706	66.08294	895.1646	717.9507	779.5588	69.89072	897.53577	631.4052	790.4174	40.43364	855.9564	725.889	1000.0	1000.0	1000.0	1000.0	399999	151.3203	11.802982	177.90233	0.39506868	151.31917	11.791766	178.08656	-1.3540381	-4.8949127	1.243659	16.744835	-12.088536	-152.13486	4.099642	10073.81889128685
101	634.79395	12.236792	647.4264	614.6286	701.8776	64.76055	801.2433	621.39496	697.68427	61.720497	794.98553	620.2028	706.6273	80.032936	852.28894	623.9479	1000.0	1000.0	1000.0	1000.0	403999	151.45715	12.028042	178.98555	-2.3141193	151.45895	12.018997	178.28365	0.62572306	-4.84222	1.3095481	17.85199	-13.636045	-152.26872	4.7824144	10177.14551115036
102	639.9015	23.064852	676.7765	613.1324	712.3424	44.524296	791.833	640.34265	634.40894	75.905716	742.9457	486.74667	675.8421	93.82032	888.3528	550.3154	1000.0	1000.0	1000.0	1000.0	407999	151.68303	12.095965	178.7086	-3.7193658	151.68204	12.088961	179.15825	-0.5198039	-4.890572	1.226464	17.707085	-13.116161	-152.51071	3.4727998	10277.1465113163
103	625.5186	9.3777	632.6281	609.6714	709.1374	80.34276	788.93896	521.10974	704.68176	49.05078	775.9154	625.90375	728.846	45.357334	800.27673	634.574	1000.0	1000.0	1000.0	1000.0	411999	151.83054	12.198664	177.68573	-4.7000046	151.8281	12.189719	178.19331	4.7282887	-4.886343	1.2478691	16.39668	-14.26903	-152.63159	3.7315757	10379.14672279358
104	659.9156	5.8015175	668.0932	654.2375	607.36584	55.935287	702.94977	518.92334	599.51587	47.12996	701.0264	526.81915	592.8627	32.353683	615.0583	510.43732	1000.0	1000.0	1000.0	1000.0	415999	151.82907	12.20491	178.22554	-0.7349795	151.82927	12.19737	178.75688	-1.2003317	-4.9126706	1.2172952	15.030994	-12.447441	-152.64793	3.4384766	10481.315999746323
105	623.9672	26.741234	661.40967	590.881	680.6134	79.757286	782.57025	515.5964	654.15643	79.31822	770.97864	540.58325	697.86096	44.80565	780.5774	635.20514	1000.0	1000.0	1000.0	1000.0	419999	151.86438	12.200431	178.56715	-3.8288636	151.86305	12.191649	178.43501	1.4021151	-4.898768	1.2404656	21.062447	-13.0133295	-152.67494	3.153653	10583.707805156708
106	638.6256	13.545699	649.1293	615.7895	712.43884	58.13924	841.06854	604.81067	649.08044	57.235905	726.6502	539.2608	767.3988	83.97405	886.62695	593.8915	1000.0	1000.0	1000.0	1000.0	423999	151.74834	12.351083	181.82182	-10.78954	151.74883	12.343722	179.11159	-1.9946306	-4.890242	1.247631	21.826189	-12.896353	-152.56133	3.674265	10686.757187604904
107	632.682	15.3683	654.1767	612.5344	688.19244	47.478043	759.20844	620.3851	707.9528	63.11975	793.44507	617.9348	683.7421	29.48528	715.5869	627.76196	1000.0	1000.0	1000.0	1000.0	427999	151.71867	12.437002	179.0581	-3.4227371	151.72061	12.436885	179.26762	1.6631789	-4.8874774	1.2543681	20.226206	-14.178537	-152.53087	3.668496	10788.565756559372
108	639.8427	17.28063	659.19684	611.90594	644.8954	34.18752	701.7942	605.2096	663.22235	141.80804	890.1902	423.1514	618.8037	35.187466	685.30945	548.2504	1000.0	1000.0	1000.0	1000.0	431999	151.7721	12.596295	179.77034	-7.860367	151.77132	12.587098	178.42151	-2.322352	-4.910633	1.2188785	20.569218	-13.460138	-152.5855	2.9947395	10889.887583494186
109	624.5294	6.004156	634.3005	618.2161	712.3269	24.205397	742.66614	661.45807	727.6349	48.23294	840.7367	636.12317	739.33344	56.16735	890.77094	659.1176	1000.0	1000.0	1000.0	1000.0	435999	151.76665	12.789832	179.70055	-8.829063	151.76715	12.786108	179.29909	-1.100679	-4.882649	1.2536114	21.425526	-11.99631	-152.56366	4.377116	10992.450111150742
110	643.90045	15.896315	663.9852	622.8932	731.281	20.485344	791.9006	719.73486	757.01416	43.974236	845.5243	696.2735	750.8172	39.373135	832.327	719.5279	1000.0	1000.0	1000.0	1000.0	439999	151.81282	12.798815	180.02594	-0.66485685	151.81502	12.797777	178.87836	1.3384969	-4.8928847	1.2604642	14.803973	-13.421153	-152.62639	3.7575483	11093.321296691895
111	635.9923	18.528795	668.07825	624.755	711.56445	57.434956	861.34326	619.05896	648.9476	73.746796	748.42596	496.47882	657.94324	80.14715	756.33496	532.03015	1000.0	1000.0	1000.0	1000.0	443999	152.24474	12.854346	178.8702	-1.7125721	152.24547	12.849164	179.116	-0.33475864	-4.8896723	1.2518318	18.36682	-12.853184	-153.05716	3.4494178	11194.026762485504
112	629.9388	18.759716	658.83594	607.05286	768.48724	71.984985	892.72107	646.5428	746.1576	33.630043	788.2944	687.851	761.4265	60.86553	850.11365	644.0633	1000.0	1000.0	1000.0	1000.0	447999	152.42165	12.935932	179.84554	-0.020469546	152.42644	12.941519	179.76025	-2.166624	-4.869295	1.2716156	20.481398	-15.283214	-153.22525	3.565229	11294.287524700165
113	632.39886	3.218247	637.6259	629.4987	764.2865	69.57703	901.35376	652.99426	784.659	71.645515	896.3466	713.2665	794.77606	87.82147	901.7919	657.1605	1000.0	1000.0	1000.0	1000.0	451999	152.5203	12.778035	180.75212	-10.808589	152.51947	12.775548	178.97363	-1.8148175	-4.8965855	1.2520734	19.167797	-13.662537	-153.33783	3.4688501	11397.254581212997
114	640.2278	15.235577	665.47076	624.67786	806.6796	47.258694	878.5731	714.5527	771.6774	56.519974	894.40735	703.1572	824.0379	31.213306	886.84106	804.6444	1000.0	1000.0	1000.0	1000.0	455999	152.79298	12.75866	179.89334	-5.7241063	152.79163	12.752106	179.82875	-1.2293979	-4.8763866	1.2400926	20.384026	-14.162695	-153.59915	3.6211278	11499.59450173378
115	623.1237	5.041291	629.3717	615.35913	796.27045	36.733086	900.182	769.73047	820.8994	51.00363	899.8609	773.81757	799.80634	33.761353	874.658	762.42474	1000.0	1000.0	1000.0	1000.0	459999	153.03854	12.865912	181.08644	-2.563068	153.03911	12.863597	179.9583	-0.55660725	-4.895043	1.2348262	13.312304	-12.70727	-153.83763	4.0933437	11605.24988913536
116	640.37897	2.583227	644.61774	637.91394	726.56714	140.3266	915.91583	572.06256	751.32886	176.34947	975.0419	440.1647	769.4679	143.31294	915.227	473.38028	1000.0	1000.0	1000.0	1000.0	463999	152.77272	12.873983	185.67285	-9.683403	152.77174	12.868626	181.14166	-0.053795397	-4.906189	1.2254133	14.00847	-13.4111595	-153.57352	3.1789658	11705.713067770004
117	631.423	14.659624	651.7834	611.85925	808.5654	47.541164	892.612	758.03906	779.8223	41.572964	886.56903	727.4723	807.2105	33.24188	870.5029	764.1892	1000.0	1000.0	1000.0	1000.0	467999	152.90326	12.773796	180.1761	-2.3601031	152.90544	12.779762	179.73474	0.22755603	-4.9138885	1.2223866	21.869259	-14.787755	-153.71707	3.5147636	11805.347479343414
118	639.5698	13.04905	657.3312	620.5695	772.1498	108.921684	899.60876	613.7021	748.6207	121.448814	895.37396	556.6853	747.0627	75.282166	872.38855	600.98114	1000.0	1000.0	1000.0	1000.0	471999	152.97572	12.638699	181.93561	-5.815442	152.97896	12.642426	179.93451	-4.788947	-4.8823667	1.2570313	16.615738	-12.655869	-153.77463	4.0783005	11905.383015155792
119	639.76855	7.6132855	651.69543	631.00806	726.4247	93.85659	893.81665	635.66974	781.0221	89.04152	897.3374	670.48004	709.1519	92.74722	892.18646	640.7559	1000.0	1000.0	1000.0	1000.0	475999	153.4555	12.7540455	180.70937	-2.5103872	153.45523	12.7483015	182.21956	-1.4714632	-4.8845954	1.2573745	24.378624	-15.112201	-154.24693	3.6805508	12006.57596707344
120	623.00476	11.94824	642.9562	611.1803	628.6222	2.9483302	635.11743	623.4285	622.8672	17.52572	639.9667	572.74023	631.32605	7.1522713	650.7726	623.2624	1000.0	1000.0	1000.0	1000.0	479999	153.61253	12.901826	183.06638	-3.914091	153.61191	12.894314	180.98007	0.152803	-4.8925843	1.2531096	17.836514	-13.870951	-154.40494	4.0427623	12109.558977127075
121	633.4248	12.282446	650.882	617.2057	836.81366	32.1993	876.7036	777.276	812.3106	60.144104	893.7526	721.78467	827.4084	62.35024	898.66766	715.405	1000.0	1000.0	1000.0	1000.0	483999	153.33754	12.960143	180.26494	-3.1343575	153.33855	12.953039	180.81749	0.07994476	-4.8860826	1.2433091	18.958939	-13.474665	-154.1286	3.2214692	12213.56426692009
122	654.1156	17.85235	679.96606	631.99756	813.1823	78.696976	901.59186	628.7552	862.66956	43.855873	903.3369	793.12885	742.2455	82.226715	891.75464	639.8046	1000.0	1000.0	1000.0	1000.0	487999	153.29675	12.946563	179.88634	-3.9004626	153.29434	12.930038	181.355	2.233993	-4.904579	1.2320431	20.099533	-13.43157	-154.09793	2.9303262	12319.701571941376
123	629.55347	7.338927	639.8358	620.9572	876.096	53.512234	953.43024	735.6287	796.5479	119.183105	902.4153	582.45917	886.6786	66.49272	946.04315	702.6664	1000.0	1000.0	1000.0	1000.0	491999	153.637	12.885445	180.05008	-6.290289	153.63976	12.886251	181.03726	2.3641126	-4.896491	1.2422065	21.288696	-13.335739	-154.44734	3.2060206	12420.765549898148
124	630.7416	13.052907	651.4041	615.61694	659.6853	60.569454	790.33057	578.9363	645.16174	40.2722	703.06506	589.1652	629.55334	72.32429	697.5386	501.86847	1000.0	1000.0	1000.0	1000.0	495999	153.74362	12.713274	179.50449	-11.152504	153.74164	12.703951	180.73769	10.911778	-4.9240017	1.2145956	16.392073	-13.763848	-154.54544	2.9618747	12522.390284538269
125	633.78326	6.596382	643.22314	626.8398	799.12714	9.986376	809.13776	779.13446	794.6777	9.942056	809.0037	777.71783	786.09155	26.043255	819.5273	744.7365	1000.0	1000.0	1000.0	1000.0	499999	153.831	12.563943	181.02565	-12.959667	153.8293	12.5639925	180.26076	1.5481718	-4.9173594	1.2135842	14.816839	-12.219669	-154.59834	3.5966728	12624.216148138046
126	635.9839	8.1248665	649.8857	629.79486	793.624	80.83433	976.52216	696.78326	846.85693	99.94785	985.6044	728.13403	736.93005	61.69475	908.5413	656.181	1000.0	1000.0	1000.0	1000.0	503999	153.98186	12.452871	180.33118	-9.483259	153.98045	12.448242	179.65979	-2.9629903	-4.8911996	1.2197652	18.026096	-15.859535	-154.77603	3.1727023	12726.192944049835
127	619.4422	9.217402	629.1631	604.3255	815.4718	106.279106	898.9709	578.15247	833.33124	88.9326	919.3907	617.90497	747.1911	87.09572	894.44037	649.28613	1000.0	1000.0	1000.0	1000.0	507999	154.04607	12.351932	180.29959	-5.151835	154.04543	12.355712	180.80255	0.027486175	-4.90666	1.2005448	13.479797	-16.683987	-154.7604	3.9257572	12826.936077356339
128	624.89685	11.643197	635.3942	605.4065	709.8489	39.63246	775.22125	637.8109	675.09674	56.829426	787.9647	607.11914	747.3992	64.24727	885.7915	651.96906	1000.0	1000.0	1000.0	1000.0	511999	154.20908	12.369937	181.41664	-1.3785653	154.20593	12.355827	181.26636	10.011226	-4.893948	1.225307	19.444168	-13.808828	-154.97304	3.5373385	12927.757580041885
129	631.7711	8.910911	646.2938	624.2182	744.41364	73.3825	895.7411	662.45526	718.1201	37.542152	769.9816	654.4977	723.3884	31.903294	774.325	668.42126	1000.0	1000.0	1000.0	1000.0	515999	154.33238	12.5069895	180.72241	-6.527211	154.3311	12.509395	181.03905	11.329309	-4.9193697	1.193821	16.643621	-13.638435	-155.05284	3.5187042	13028.672049045563
130	630.08234	16.188877	654.1142	609.8797	726.6994	60.156254	890.73895	639.8891	763.7224	88.41782	890.0577	635.27155	764.78314	104.021225	896.3735	628.331	1000.0	1000.0	1000.0	1000.0	519999	154.34734	12.540431	179.70308	-6.9347124	154.34589	12.539151	180.59659	5.481429	-4.908936	1.2145367	14.690643	-13.401724	-155.08388	3.7106464	13130.40035033226
131	644.69507	8.884125	652.8179	630.2506	738.5388	34.52027	805.37335	703.5789	742.7545	48.61408	804.9208	638.74524	736.9115	68.130875	814.8564	611.66693	1000.0	1000.0	1000.0	1000.0	523999	154.10551	12.562696	180.78798	-8.203514	154.10881	12.563025	180.2923	9.694104	-4.921158	1.201023	20.022535	-13.690638	-154.86784	3.2487228	13235.19686126709
132	631.68994	9.005619	643.5576	619.03564	745.0428	68.52427	803.34845	640.59454	733.9431	86.89958	887.33563	641.91473	755.497	88.98085	890.1145	649.1803	1000.0	1000.0	1000.0	1000.0	527999	154.1319	12.766584	181.67076	-4.6653085	154.13371	12.774843	181.30782	4.0296197	-4.9418697	1.1806165	14.046566	-12.277952	-154.91606	3.117181	13336.038252353668
133	638.3372	8.059922	648.873	628.388	768.3793	100.66573	889.25995	628.55524	695.22144	127.04815	822.0131	485.78632	680.3803	93.55711	888.8746	573.4766	1000.0	1000.0	1000.0	1000.0	531999	154.39552	12.771173	181.9191	-15.77006	154.39478	12.767331	182.34392	3.6089861	-4.919605	1.2034149	15.857677	-13.315034	-155.19905	3.1772637	13437.085592985153
134	652.8434	7.6380835	666.04065	647.7928	821.8291	91.65811	901.87604	649.00745	719.1918	89.9821	898.4017	573.6583	772.1903	108.844124	901.1201	622.6829	1000.0	1000.0	1000.0	1000.0	535999	154.56049	12.704618	181.96237	9.484404	154.56152	12.704283	182.33955	15.712284	-4.923318	1.205771	14.101778	-16.60367	-155.36105	2.9945152	13537.328083515167
135	650.5692	6.2673125	655.81177	639.9324	782.83673	79.076	899.02515	655.63324	801.06946	61.796925	912.11926	730.9731	710.99994	49.06682	809.51965	630.52045	1000.0	1000.0	1000.0	1000.0	539999	154.60988	12.50683	181.12637	-22.397102	154.60834	12.499974	182.09297	0.57730496	-4.9417877	1.1761982	23.056479	-12.956135	-155.38072	3.3474267	13637.818757534027
136	634.6058	4.5801525	641.06085	628.80054	794.48645	87.391594	962.5735	681.8123	799.6041	94.13536	956.43195	620.56934	777.4645	75.61279	952.9184	687.56464	1000.0	1000.0	1000.0	1000.0	543999	154.70601	12.527682	182.45262	-15.7516365	154.7057	12.525487	181.17545	-2.8130782	-4.9365044	1.1936867	15.430628	-13.402792	-155.49994	3.1362484	13739.593981981277
137	637.51624	12.304171	652.89575	620.24475	714.03503	14.116529	735.1867	685.16455	739.94635	57.890236	853.0428	624.2919	705.9347	22.80828	733.84595	647.93085	1000.0	1000.0	1000.0	1000.0	547999	154.90117	12.5237255	183.31378	-6.623915	154.90369	12.535587	182.04199	-2.5716047	-4.9266596	1.2136606	16.997683	-12.597962	-155.66005	3.2753522	13839.695793628693
138	632.26013	13.294411	649.13385	611.86847	694.6278	44.0782	788.80273	626.4552	720.9971	57.79576	798.0668	612.84686	713.0871	45.50333	775.48193	591.9165	1000.0	1000.0	1000.0	1000.0	551999	154.98125	12.457506	182.0471	-3.9561324	154.9779	12.443194	181.43819	0.52498794	-4.938942	1.2044166	13.11599	-13.738763	-155.772	2.8030875	13939.733829975128
139	636.1431	16.696026	663.2115	619.1848	712.02136	63.461777	797.1764	593.9952	733.16235	21.392138	794.03284	719.5401	689.4203	82.784355	871.4506	577.5715	1000.0	1000.0	1000.0	1000.0	555999	155.0562	12.538936	184.86537	-10.978462	155.05649	12.54028	182.66225	4.3854227	-4.9370255	1.2110382	15.632715	-14.864362	-155.85419	3.0886743	14040.524585962296
140	627.45337	23.95795	653.5203	588.78217	709.2716	30.972641	773.11633	650.84314	706.4763	25.122978	767.9081	667.54626	687.5205	46.942024	731.31665	581.1123	1000.0	1000.0	1000.0	1000.0	559999	155.08015	12.653876	182.01927	-7.298101	155.08122	12.6604185	182.16309	2.1982312	-4.939041	1.212894	19.81307	-14.563786	-155.88597	3.0112996	14145.165019989014
141	641.15155	11.377225	657.70807	629.3568	732.2395	64.8377	809.97955	592.56586	712.22003	66.09077	823.19885	583.77295	716.51843	67.95985	808.5669	616.1765	1000.0	1000.0	1000.0	1000.0	563999	155.0273	12.544316	181.02637	3.6770587	155.02669	12.539513	181.5481	-4.0424743	-4.93166	1.2112726	18.544487	-13.396891	-155.8276	3.181794	14251.08425951004
142	635.73846	8.393004	645.70874	622.5532	707.86	55.817265	805.91547	631.8168	726.5233	52.174683	791.1071	637.37714	696.8982	63.648148	796.4081	601.9992	1000.0	1000.0	1000.0	1000.0	567999	155.01932	12.473179	182.24066	-11.863194	155.01888	12.474036	181.50313	5.4035573	-4.9403667	1.2016113	20.25359	-14.973035	-155.81712	2.9714286	14352.86524605751
143	628.3057	14.022768	652.0794	615.86584	636.5868	37.771626	696.0421	582.98267	666.02216	66.51607	765.6919	574.02954	625.3448	64.295845	808.148	586.4663	1000.0	1000.0	1000.0	1000.0	571999	155.22083	12.45564	182.52715	-19.506369	155.2199	12.457398	181.56111	-1.6729826	-4.9330845	1.1942158	16.554829	-13.426109	-156.00415	2.4674487	14454.944606781006
144	629.9631	7.123477	641.049	621.50024	650.12787	78.238365	721.1226	522.7479	666.17303	56.58656	724.99756	561.81635	675.4283	73.04036	721.48553	523.7443	1000.0	1000.0	1000.0	1000.0	575999	155.3514	12.404966	181.59113	-9.273784	155.35222	12.413366	181.01993	0.44098976	-4.962272	1.1659995	17.189367	-13.461947	-156.10973	3.1374185	14557.662624120712
145	625.5565	7.321775	632.80176	613.36273	736.0062	42.093586	786.2783	621.725	704.26624	67.815315	783.33954	580.79785	682.7521	87.043236	770.502	547.04236	1000.0	1000.0	1000.0	1000.0	579999	155.41087	12.515961	182.33028	-1.0702095	155.41127	12.517901	181.5189	-2.4514916	-4.9393973	1.1925521	27.609236	-13.443134	-156.18765	3.101079	14658.260155916214
146	625.2567	9.582283	634.7704	613.86554	500.68146	15.098502	537.6291	488.22943	534.49554	73.67514	719.69586	480.79593	522.52155	71.80965	709.6141	478.4024	1000.0	1000.0	1000.0	1000.0	583999	155.5767	12.5674515	181.35724	-24.349571	155.57545	12.56127	181.58324	-0.69381654	-4.915283	1.226344	19.73855	-14.33058	-156.36794	2.8958013	14758.09618139267
147	637.8685	13.736939	658.8792	624.52435	713.65393	31.521101	753.88715	651.09125	725.64526	52.171444	829.3915	657.5503	717.7165	47.639847	810.07935	646.9871	1000.0	1000.0	1000.0	1000.0	587999	155.67575	12.6100235	181.0736	-18.9627	155.6749	12.600812	183.15906	-4.6421046	-4.93056	1.206776	19.69215	-12.948679	-156.479	3.0392427	14861.040196180344
148	630.31976	9.581703	639.88293	614.6262	712.70044	54.187225	793.38666	627.7283	714.7108	62.172504	807.45825	598.98987	706.5651	33.79104	743.5713	622.02783	1000.0	1000.0	1000.0	1000.0	591999	155.89828	12.774032	182.25249	-1.1833842	155.90028	12.778053	183.47493	-2.1309485	-4.926218	1.2002546	14.666746	-13.839689	-156.67313	3.181031	14964.869018554688
149	625.30804	18.131027	644.3474	595.5553	615.3592	85.184425	715.0443	470.39136	628.04974	70.843	730.6967	520.408	616.7768	67.46318	714.69824	495.3232	1000.0	1000.0	1000.0	1000.0	595999	156.26208	12.667507	182.01799	-5.6885095	156.26212	12.665042	183.82074	-0.08446485	-4.9196305	1.2064496	22.84514	-13.892418	-157.02847	3.137685	15069.788344144821
150	643.561	6.931659	651.9831	632.7109	683.41455	75.34467	787.6798	548.19135	638.7936	85.01077	771.6529	490.96207	680.5811	64.34489	790.7682	582.8841	1000.0	1000.0	1000.0	1000.0	599999	156.48029	12.654304	182.18736	-5.7272863	156.48148	12.65768	182.83095	1.1417165	-4.936755	1.1854948	18.265263	-13.081566	-157.2593	2.3938043	15174.193182706833
151	629.73035	11.344473	643.4308	611.911	747.1143	71.81989	888.384	613.0353	716.4622	83.40726	854.2393	596.79266	756.07214	73.16392	878.4805	632.9662	1000.0	1000.0	1000.0	1000.0	603999	156.52158	12.736382	181.91426	-2.42954	156.518	12.721382	182.83583	0.3999399	-4.9287553	1.190972	19.088005	-12.690218	-157.31863	2.9788108	15281.041797876358
152	630.22876	14.007745	652.2921	618.05914	577.9901	59.402805	700.0295	501.97574	540.264	46.914986	643.7757	482.66733	588.0687	91.16459	787.85986	466.40808	1000.0	1000.0	1000.0	1000.0	607999	156.58025	12.747485	182.2836	0.7413591	156.58064	12.751638	184.27095	2.6759467	-4.9108176	1.229035	16.131165	-13.431021	-157.36977	3.1741683	15388.4018034935
153	627.87854	15.254523	651.2633	609.509	583.4546	48.9106	677.7046	530.98004	567.4164	37.83563	654.1287	517.185	563.012	41.313515	643.737	501.22855	1000.0	1000.0	1000.0	1000.0	611999	156.41473	12.598819	182.32869	-11.246561	156.40878	12.590681	184.16254	7.516061	-4.8992124	1.2407298	14.028818	-14.758955	-157.11801	3.3417177	15495.583434343338
154	625.95917	2.6643975	629.6352	622.9653	731.41895	47.625786	824.9717	685.142	713.18915	80.80475	888.5451	569.28076	721.38	68.65424	852.8329	565.7594	1000.0	1000.0	1000.0	1000.0	615999	156.02419	12.611355	181.40074	-7.6966224	156.02617	12.618267	181.7175	6.00329	-4.9306593	1.1908591	21.076101	-13.812971	-156.75609	2.91134	15600.079164505005
155	648.3353	11.106838	664.40186	633.0397	790.7572	74.2152	874.08307	627.91754	692.0823	86.150856	868.8532	579.0324	689.23773	61.682472	791.03796	595.595	1000.0	1000.0	1000.0	1000.0	619999	155.77477	12.660378	181.77043	-8.888851	155.7737	12.670411	182.59386	4.4138784	-4.9190392	1.1990876	13.755558	-14.626124	-156.4853	2.6609464	15705.13485622406
156	643.6037	6.825968	651.8635	633.0521	625.55457	91.982834	746.8278	496.61835	650.82684	84.25439	764.09155	511.15317	615.23334	93.39227	818.8749	496.15054	1000.0	1000.0	1000.0	1000.0	623999	155.92528	12.690741	182.06358	-5.9774394	155.92589	12.695318	183.56174	-2.1339712	-4.92051	1.2072028	18.235947	-12.082556	-156.72054	2.4203238	15812.382247686386
157	653.45935	11.240964	666.11725	636.9632	680.9954	77.78241	787.00055	559.9134	659.0078	94.42712	833.0053	532.65393	656.552	63.66763	747.53815	535.42993	1000.0	1000.0	1000.0	1000.0	627999	155.90787	12.625665	182.47939	22.177662	155.9091	12.63325	183.1828	18.852652	-4.9182773	1.2034647	17.402332	-12.432993	-156.59886	3.3520448	15922.301333665848
158	646.6626	12.028665	665.1329	632.99817	758.78876	56.44804	836.60333	650.9882	760.5205	66.3869	864.2059	622.1524	726.32886	86.01543	790.02234	524.053	1000.0	1000.0	1000.0	1000.0	631999	155.56535	12.528253	181.60701	0.31049615	155.56523	12.527788	182.06216	-0.33552712	-4.935611	1.1909951	21.672588	-12.72999	-156.26097	2.8186553	16026.51621222496
159	633.8374	7.1114907	641.11383	626.43195	680.3445	40.157146	757.0056	636.16046	657.95654	80.165405	789.11884	496.90805	653.2821	70.508446	736.3243	513.7258	1000.0	1000.0	1000.0	1000.0	635999	155.36894	12.389349	181.51225	2.055809	155.36761	12.399985	181.68823	14.364412	-4.944953	1.1892493	18.193739	-13.084548	-156.06104	3.2202592	16135.166655540466
160	636.6396	6.3323116	644.4216	626.9042	502.67978	45.053413	598.9069	439.47513	487.97623	32.156487	539.41046	437.05457	498.51245	55.507095	639.3479	406.01123	1000.0	1000.0	1000.0	1000.0	639999	155.11478	12.334784	181.73438	-0.652769	155.11446	12.337532	181.90138	3.7883475	-4.955628	1.1731713	23.77741	-12.884739	-155.71217	2.7476149	16244.658615589142
161	636.22	5.819675	645.20825	629.26385	665.46606	126.71673	887.3303	484.02383	589.57996	94.7575	811.7924	478.73288	584.4465	115.302536	809.336	481.14136	1000.0	1000.0	1000.0	1000.0	643999	154.81682	12.337423	180.14943	-15.598603	154.81854	12.353225	180.93129	-5.3081417	-4.9657817	1.1450881	18.989231	-12.375686	-155.47997	2.8825758	16349.59578871727
162	646.1542	13.471855	664.3224	626.3974	679.9359	58.15984	791.2749	611.2333	680.0944	96.03138	805.76855	451.71017	706.459	82.37617	853.14716	626.5069	1000.0	1000.0	1000.0	1000.0	647999	154.69014	12.394403	180.10611	5.6609817	154.69286	12.409397	180.70569	11.614037	-4.9455256	1.1892651	16.171047	-12.565136	-155.31876	3.2387733	16453.64482998848
163	640.07996	7.4624934	647.68066	630.9667	641.4865	99.6729	825.4084	456.18347	666.8595	127.57411	826.43835	389.69815	649.27234	66.97034	729.35913	519.2078	1000.0	1000.0	1000.0	1000.0	651999	154.6991	12.544948	179.57759	-4.346537	154.69978	12.546199	180.0881	-2.4011254	-4.94073	1.1777745	18.283394	-13.130303	-155.42668	2.7614205	16559.191767930984
164	660.22614	26.203995	702.2277	630.61835	726.7377	59.216175	813.4566	630.60443	692.12683	53.42854	808.95447	635.97406	700.1652	56.098656	819.0876	630.35986	1000.0	1000.0	1000.0	1000.0	655999	154.8761	12.631916	180.06715	-11.763186	154.87744	12.640174	181.08054	-8.096786	-4.924708	1.1966052	17.78317	-13.4215975	-155.57387	3.2742183	16666.534650802612
165	652.53284	15.844312	675.96967	633.77893	766.59076	27.22772	811.3854	717.82825	771.72687	42.47342	868.0338	711.60986	755.5502	34.8783	813.36847	706.0253	1000.0	1000.0	1000.0	1000.0	659999	155.00215	12.78006	180.84024	-6.855538	154.99973	12.77171	180.7377	0.8727921	-4.9126368	1.2074233	23.361267	-15.105345	-155.75725	2.9403076	16774.444685697556
166	654.2804	16.976732	679.5814	638.2739	626.32605	67.80288	772.5751	529.3695	596.21216	68.212204	700.8707	500.8628	608.7922	61.37704	728.07495	520.6612	1000.0	1000.0	1000.0	1000.0	663999	155.0225	12.6792345	179.54184	2.426045	155.01775	12.66767	179.99683	8.25935	-4.916171	1.2080135	21.503397	-14.100043	-155.73607	3.4500754	16880.818789720535
167	638.2753	16.663315	657.6402	617.92236	781.45917	60.911354	889.4248	658.72	720.4717	73.37967	882.354	630.50824	757.54364	50.418175	849.238	684.9228	1000.0	1000.0	1000.0	1000.0	667999	154.71118	12.425817	180.30482	4.4693174	154.70921	12.441546	179.85568	8.609898	-4.9415445	1.1763997	16.888098	-12.50264	-155.40681	2.793206	16988.75586271286
168	646.6472	5.667909	652.3655	639.3884	714.9472	40.88663	792.3724	654.1353	700.472	72.3855	810.4954	559.6335	706.7954	35.996773	776.86865	659.3889	1000.0	1000.0	1000.0	1000.0	671999	154.70714	12.284744	180.80098	-11.646346	154.70775	12.299546	180.26947	8.460451	-4.96867	1.1479883	25.583838	-13.579659	-155.27667	2.9184308	17095.506165266037
169	627.85034	16.338703	651.44434	609.2916	742.7731	80.44971	888.5138	607.2085	719.61554	90.30505	804.1285	532.2762	714.3887	91.67991	827.13367	587.98517	1000.0	1000.0	1000.0	1000.0	675999	154.55882	12.096964	180.2451	14.065171	154.55852	12.104401	179.54579	21.177162	-4.9594545	1.1637099	19.572168	-13.817591	-155.20116	3.4678037	17202.669884443283
170	625.2575	9.119978	633.8564	610.86176	611.8582	89.17532	779.71185	494.78546	609.55554	95.7408	825.3984	508.8848	615.3377	63.65429	723.2523	543.2177	1000.0	1000.0	1000.0	1000.0	679999	154.50394	12.117594	178.63496	-17.16499	154.50664	12.135146	179.86122	7.628999	-4.934759	1.1909848	21.055899	-13.59969	-155.14899	3.0821474	17309.97591304779
171	634.2086	22.282394	670.5854	610.66223	730.0776	96.0774	837.6698	579.3239	765.0223	70.314	806.3176	569.08234	692.6929	97.65765	803.22534	555.44806	1000.0	1000.0	1000.0	1000.0	683999	154.4626	12.246619	180.44615	0.4950361	154.46478	12.258927	182.21297	3.4127202	-4.9187427	1.1920476	21.025122	-15.414249	-155.18709	2.8420503	17418.611767292023
172	627.0575	6.0709853	633.0808	616.9435	794.9147	55.74357	890.9242	691.13745	747.1849	61.997852	812.8331	639.7517	757.37634	74.294655	841.8612	578.8975	1000.0	1000.0	1000.0	1000.0	687999	154.8164	12.437245	179.93933	-1.3130491	154.81477	12.434523	181.85884	0.009064496	-4.919405	1.1825029	18.844791	-13.180126	-155.49786	2.7748716	17523.29634308815
173	645.6667	10.814817	656.6758	627.7272	660.0023	64.07704	779.2423	564.8499	678.6461	64.71327	768.4741	594.1786	676.39276	58.066795	805.34186	590.921	1000.0	1000.0	1000.0	1000.0	691999	154.97038	12.5976305	181.46088	3.733096	154.9697	12.59385	184.39162	1.6328105	-4.8941755	1.2136173	36.726204	-14.463898	-155.69603	3.24219	17628.086290836334
174	651.3307	9.36912	666.06604	642.12695	669.898	29.050709	727.49927	643.0795	661.547	28.942379	742.8963	640.0619	672.8804	27.891493	735.13855	644.32263	1000.0	1000.0	1000.0	1000.0	695999	155.22014	12.682968	180.92708	-36.394276	155.22324	12.687074	182.35294	-1.8825028	-4.932336	1.1517217	18.444042	-13.884242	-155.97284	1.8621966	17734.446585655212
175	631.2696	4.286051	638.44635	627.11346	701.3554	59.301872	796.64886	588.47375	669.1121	75.4605	751.08203	501.52673	685.12134	50.14852	747.14136	615.2221	1000.0	1000.0	1000.0	1000.0	699999	155.46439	12.585811	181.60173	-27.299057	155.46301	12.581982	181.00285	-3.2601633	-4.9445953	1.1622698	28.56481	-13.979404	-156.23457	2.287702	17839.331364393234
176	637.8475	11.474162	650.71625	622.35803	668.78784	65.22099	750.009	580.81824	701.9069	97.28946	856.6156	522.00964	705.67175	116.632545	895.6638	507.09427	1000.0	1000.0	1000.0	1000.0	703999	155.53336	12.41645	181.49945	-2.402722	155.53381	12.422671	180.63454	-3.4545577	-4.947934	1.1511719	21.470316	-13.056377	-156.1951	2.6580596	17945.607541561127
177	639.9053	14.048062	652.60614	616.54376	668.8346	63.63416	821.09515	586.4437	719.7358	91.769356	880.40906	587.14154	701.4342	57.49618	817.04767	616.1384	1000.0	1000.0	1000.0	1000.0	707999	155.48155	12.462858	181.24887	7.046749	155.48013	12.465192	181.17441	16.815113	-4.928638	1.1839058	16.508816	-13.434475	-156.15459	2.7511513	18051.82633829117
178	636.489	15.756703	652.8449	613.50385	742.81134	80.1751	893.2029	612.5255	728.87933	105.62373	890.46185	539.7941	748.83844	87.10752	888.1139	596.71344	1000.0	1000.0	1000.0	1000.0	711999	155.46548	12.556321	181.61339	-20.393747	155.46791	12.565928	182.2675	3.712397	-4.92096	1.1757591	25.440811	-16.690361	-156.22012	2.6453962	18156.516959905624
179	647.0624	14.801076	660.40765	623.08875	738.7502	66.74044	876.0956	652.89795	707.8491	76.68797	883.714	637.74774	718.02997	64.16524	809.05865	639.8802	1000.0	1000.0	1000.0	1000.0	715999	155.76942	12.719293	181.7154	-4.594611	155.76984	12.720697	181.51213	-0.6961517	-4.928122	1.1823869	17.806366	-12.857317	-156.5176	2.5109386	18261.689876317978
180	632.4802	20.273317	654.51654	608.9237	808.5652	50.336468	902.0633	746.749	767.17596	85.902306	895.7887	590.82544	799.5563	61.444786	896.0322	711.7412	1000.0	1000.0	1000.0	1000.0	719999	155.95883	12.714561	181.65468	-2.7595	155.96037	12.71964	182.20844	2.4485273	-4.9136744	1.227656	17.361181	-15.177215	-156.73613	2.6440244	18366.757070302963
181	626.4762	2.0030618	629.22455	624.3873	705.47614	70.07604	804.275	593.61	723.7018	53.555546	758.68054	566.9242	698.18365	89.62755	833.2314	549.26086	1000.0	1000.0	1000.0	1000.0	723999	156.30304	12.648937	181.18031	-19.193535	156.3033	12.639562	182.19049	0.7348524	-4.924258	1.2061762	18.579807	-14.005707	-157.02573	2.5142858	18472.46421599388
182	634.4721	12.690329	654.3416	619.8076	715.2438	81.6176	806.0139	572.2506	735.9867	67.12469	805.2347	604.13904	669.357	97.66748	813.31915	545.4495	1000.0	1000.0	1000.0	1000.0	727999	156.3466	12.559757	181.35023	-0.82998455	156.35287	12.576493	181.6981	2.110162	-4.921734	1.188208	14.814165	-12.929741	-157.04807	2.9760625	18577.57992720604
183	629.30115	6.3187065	636.30975	619.0682	751.0721	60.490707	858.501	639.88574	742.7779	72.114624	888.621	579.3182	741.1117	16.551783	786.4464	728.615	1000.0	1000.0	1000.0	1000.0	731999	156.2338	12.569237	180.88113	1.4574704	156.23225	12.566021	181.32834	-0.45762718	-4.9300456	1.1726112	14.048161	-12.989067	-156.97697	2.408571	18685.316874027252
184	630.8613	7.1240435	640.10455	620.65826	685.01953	99.297226	799.53534	503.05414	731.0296	77.5081	817.6181	572.5536	732.9484	61.80306	790.5376	624.5499	1000.0	1000.0	1000.0	1000.0	735999	156.30405	12.612884	181.22954	3.5590878	156.3029	12.601217	182.29033	2.590659	-4.925111	1.1800531	14.103699	-13.4289055	-157.03268	2.8118286	18789.82211780548
185	644.6535	11.54574	652.743	624.7382	787.5734	23.002134	845.51843	753.41266	751.88654	61.065006	804.9996	597.0855	748.3797	85.03934	812.2749	546.9965	1000.0	1000.0	1000.0	1000.0	739999	156.18182	12.641886	181.47388	-20.186869	156.17833	12.63222	183.0156	-1.3922396	-4.9241266	1.1721804	17.298733	-13.745006	-156.8521	2.8831866	18896.70003604889
186	649.3476	13.757617	662.03406	626.11975	688.119	74.691795	835.9397	635.43976	677.33136	49.023335	793.1787	631.41626	739.13666	56.375217	814.96216	638.7219	1000.0	1000.0	1000.0	1000.0	743999	155.90915	12.578843	181.49594	-23.04499	155.90916	12.585005	182.24382	2.4060786	-4.9370456	1.1681442	18.40563	-13.728548	-156.6268	2.387541	19001.780455589294
187	644.6149	13.584012	657.37604	624.1535	737.93884	39.935116	803.7873	663.9572	768.0942	64.27431	950.1579	709.9928	774.5199	42.791252	833.02814	675.3114	1000.0	1000.0	1000.0	1000.0	747999	156.03061	12.569916	181.09212	5.076708	156.0249	12.559535	181.01726	8.898665	-4.944834	1.1508336	20.848312	-13.483605	-156.74377	2.6687477	19108.24442100525
188	643.5658	3.5408864	648.7802	638.94946	734.31476	39.812984	800.95624	652.186	740.905	29.774658	799.4124	704.8886	746.641	28.479427	819.3618	719.02374	1000.0	1000.0	1000.0	1000.0	751999	156.13252	12.692228	181.8741	-7.2634406	156.12936	12.690909	180.93791	-6.16293	-4.9305577	1.1613009	18.302668	-12.668543	-156.88129	2.2626991	19215.400925159454
189	640.3593	17.01546	661.8906	618.1991	751.9302	69.37043	890.63556	693.8213	722.1974	36.96479	817.1183	662.7441	729.6787	22.669388	781.2189	704.80945	1000.0	1000.0	1000.0	1000.0	755999	156.26749	12.6511345	181.76758	-36.333393	156.2638	12.654194	181.97185	-1.867676	-4.934519	1.156406	16.568945	-13.208472	-157.00665	2.4859438	19326.97931265831
190	656.2601	16.303226	675.89355	630.67316	725.92175	35.16477	818.35114	702.80884	746.0357	53.505535	809.01135	654.0701	736.6832	44.284683	802.4907	658.05945	1000.0	1000.0	1000.0	1000.0	759999	156.27872	12.551262	181.5685	-39.271687	156.27534	12.55602	181.67755	-3.6917567	-4.9364057	1.1516999	16.373976	-14.456331	-157.02559	2.555106	19433.777780771255
191	648.8354	10.039834	664.1189	636.5139	781.0948	74.681496	897.05646	613.4449	765.375	39.869827	846.956	710.9273	787.047	51.620323	891.3347	710.65875	1000.0	1000.0	1000.0	1000.0	763999	156.1627	12.551607	182.08698	-10.456359	156.16151	12.56394	181.47237	-0.002462089	-4.933071	1.1562881	13.861459	-13.137762	-156.9058	2.3933403	19540.447129011154
192	643.7541	8.287092	653.0891	635.03265	765.5375	72.97405	877.3376	641.1274	761.27527	59.443226	849.44025	636.2425	754.51733	69.87202	833.7674	635.90405	1000.0	1000.0	1000.0	1000.0	767999	156.2152	12.512947	180.81696	-2.8841186	156.2159	12.535105	182.46222	2.5319786	-4.9325733	1.1554303	21.715986	-12.834896	-156.9488	2.234608	19644.44472026825
193	657.7287	13.812017	672.5949	637.853	701.6313	43.3327	740.67535	635.1049	707.13947	56.267017	784.7423	636.39874	711.61505	55.378822	815.6673	635.47894	1000.0	1000.0	1000.0	1000.0	771999	156.61525	12.746972	182.24466	-11.652858	156.6162	12.759247	182.61685	-5.7497168	-4.920903	1.2188758	35.701344	-13.496727	-157.42537	2.085085	19748.763386249542
194	634.7494	12.199844	655.7491	626.3456	717.0069	4.899841	720.2676	705.9694	712.7396	13.174043	725.9208	678.9899	711.9669	9.650029	724.69574	695.4394	1000.0	1000.0	1000.0	1000.0	775999	156.8529	12.713985	182.96764	-23.870817	156.85101	12.707533	181.71904	4.7258325	-4.9217625	1.2899036	25.611506	-12.830864	-157.68088	2.1340418	19851.86867237091
195	642.67114	10.470483	656.7326	629.6107	727.62244	3.8015485	733.78503	720.97595	728.3195	4.548825	735.41315	717.9611	730.9637	14.551139	773.7708	720.48724	1000.0	1000.0	1000.0	1000.0	779999	157.10774	12.79649	182.66264	-1.4429868	157.10857	12.807357	182.34546	-4.1906633	-4.9276595	1.2448885	22.279682	-12.959892	-157.93666	2.0391169	19954.696625471115
196	640.3517	17.39418	658.34393	613.09644	701.6865	84.614075	808.41565	551.699	744.88	77.70396	842.54535	554.95984	757.9125	80.290794	809.8728	534.2377	1000.0	1000.0	1000.0	1000.0	783999	157.21976	12.745037	183.1611	-0.7055106	157.22144	12.756795	183.44513	-2.1684804	-4.921253	1.3183248	27.198164	-14.259341	-158.04503	1.9386936	20058.80170083046
