Epoch	AverageEpRet	StdEpRet	MaxEpRet	MinEpRet	AverageTestEpRet	StdTestEpRet	MaxTestEpRet	MinTestEpRet	AverageTransferEpRet	StdTransferEpRet	MaxTransferEpRet	MinTransferEpRet	AverageRandomEpRet	StdRandomEpRet	MaxRandomEpRet	MinRandomEpRet	EpLen	TestEpLen	TransferEpLen	RandomEpLen	TotalEnvInteracts	AverageQ1Vals	StdQ1Vals	MaxQ1Vals	MinQ1Vals	AverageQ2Vals	StdQ2Vals	MaxQ2Vals	MinQ2Vals	AverageLogPi	StdLogPi	MaxLogPi	MinLogPi	LossPi	LossQ	Time
1	20.154877	3.4046977	37.497875	10.313473	41.65576	2.6740212	45.92073	36.529015	42.354393	3.352951	48.805763	37.11729	40.45767	1.4163672	43.415817	38.6818	11.954955	34.2	34.4	33.2	3999	12.183189	7.767577	30.384817	-3.3776147	12.182355	7.767638	30.479622	-3.9839334	-0.44172958	1.2591177	5.168886	-11.490827	-13.339961	0.7846809	40.77257251739502
2	20.151827	3.3382838	35.78966	9.077273	37.09324	2.79228	42.175705	32.055878	36.38217	1.7071698	40.37985	34.297676	36.192738	2.373984	39.305355	31.886799	12.084592	34.2	32.7	33.1	7999	26.813618	14.487028	60.06087	-4.3562703	26.813385	14.487917	60.291798	-5.9013596	0.5765769	1.8116821	9.624412	-11.85759	-29.558899	1.255426	96.8959002494812
3	29.142069	23.683262	112.01405	8.738352	141.27588	13.324679	166.2484	128.27116	131.40738	12.2203245	148.34514	108.85548	130.8708	12.417532	162.94507	119.316956	19.716417	101.4	91.2	91.0	11999	48.669273	23.823912	112.377716	-12.526598	48.669434	23.823307	111.176315	-12.633575	1.3691661	2.2750232	18.192225	-13.0613785	-53.737373	10.586053	151.89901566505432
4	121.83973	27.649446	186.66939	58.17971	112.20613	12.9711485	132.7248	90.238716	119.82286	11.788344	139.71706	102.82566	121.63822	9.965288	145.63431	112.14282	90.97727	72.3	77.0	75.8	15999	62.940994	26.60722	95.688065	-12.349837	62.94078	26.60827	94.41956	-14.1459675	1.0851705	2.3887925	15.401148	-10.67853	-67.244514	9.184574	207.14034247398376
5	128.85016	32.74431	227.9201	78.729004	123.46318	4.397738	128.14061	113.203735	120.54382	6.578798	127.32259	108.689095	123.07743	4.933035	129.94131	113.144516	83.416664	68.2	66.7	67.1	19999	65.88716	28.107512	96.93027	-14.649895	65.88662	28.109724	98.7489	-14.002043	0.87841755	2.4148388	15.7311	-10.733721	-69.57034	8.079978	261.8613963127136
6	128.28935	42.860428	231.64258	69.55308	151.52435	11.803288	177.48853	132.33203	226.6362	230.27866	915.23236	129.93274	144.37234	7.691315	158.41267	131.52933	90.52273	103.4	194.3	96.0	23999	68.126785	29.382957	99.13451	-19.88566	68.12606	29.385021	100.19204	-18.554749	0.82401156	2.3710067	16.476467	-11.112797	-71.38905	8.368766	319.3684809207916
7	214.57483	124.297104	732.5182	105.16242	665.24786	224.17715	814.7652	267.37097	755.2276	166.72002	814.39954	255.10857	753.6607	167.34662	813.3692	251.65262	178.14285	770.7	917.8	918.9	27999	68.70744	29.373446	101.36737	-27.98225	68.707794	29.373014	102.213356	-22.374666	0.65056896	2.298046	17.202606	-11.412615	-71.55254	7.418857	398.36677289009094
8	493.73715	244.72075	859.5249	213.40718	907.61633	4.556154	914.19653	899.60925	888.9009	63.536606	914.4098	698.58344	908.56384	2.5631945	912.9403	904.7618	481.42856	1000.0	961.8	1000.0	31999	68.99173	28.201027	102.28024	-26.788055	68.99186	28.20159	102.33648	-22.397228	0.56467247	2.2047698	19.893904	-10.675937	-71.43778	5.851293	482.00078320503235
9	487.65356	288.6959	1148.3	249.09505	1124.7601	298.1087	1253.7576	244.53517	1166.7985	131.08173	1311.8561	913.41016	1130.1252	296.42416	1255.4644	242.39606	420.4	919.9	1000.0	919.2	35999	69.93016	26.879791	101.617325	-25.91205	69.93033	26.880795	102.23311	-31.48914	0.53201187	2.107875	18.568338	-14.144177	-72.10594	4.8809943	565.2905898094177
10	366.25394	265.64603	1232.8914	164.71384	835.8621	231.77037	918.5384	140.64606	914.73694	1.1811619	916.67584	913.0191	916.9712	5.29926	931.88696	912.04974	276.85715	910.7	1000.0	1000.0	39999	71.41465	26.103567	103.4935	-30.364395	71.41425	26.106243	103.41044	-21.957132	0.5098787	2.0635977	21.049606	-11.698932	-73.42674	4.8354836	647.7433919906616
11	1037.0227	94.43576	1151.0992	899.9561	1039.9974	112.24787	1162.9445	883.1159	1054.1609	140.54237	1208.3318	911.75446	994.216	106.346855	1193.0321	909.4807	1000.0	965.4	1000.0	1000.0	43999	73.04096	25.710989	104.08181	-26.157022	73.04064	25.712904	105.05023	-31.82416	0.49045575	2.030738	19.012737	-15.671555	-74.87492	4.5668955	730.6785068511963
12	933.27155	278.1022	1170.7148	517.7787	1173.837	151.79733	1276.625	843.22955	1274.5007	35.95049	1312.7131	1205.126	1236.7424	54.18803	1275.2324	1100.1014	800.3333	941.4	1000.0	1000.0	47999	75.58826	25.135761	105.180214	-28.546148	75.58796	25.138165	104.964516	-44.661003	0.46533307	1.9899536	21.034142	-11.62816	-77.277954	4.1431103	812.8743326663971
13	1181.3767	36.568466	1235.4547	1132.2716	1134.9751	79.63836	1192.7538	912.0612	1159.2725	69.86907	1262.6395	1049.0688	1128.3313	66.83842	1229.4747	1003.7985	972.25	1000.0	1000.0	1000.0	51999	78.39815	24.920956	106.570244	-30.726767	78.39791	24.922092	106.72037	-31.45479	0.46668565	1.9709843	19.922962	-15.4542885	-79.99514	3.9692733	894.6976211071014
14	1184.3202	26.676119	1228.6045	1158.8254	1027.6777	87.84738	1113.1489	913.8252	1048.3074	104.21066	1227.7837	915.13666	1081.1389	50.91709	1123.9374	956.7366	1000.0	1000.0	1000.0	1000.0	55999	81.07417	24.985973	108.14219	-39.78851	81.07404	24.987736	108.471695	-28.753193	0.45087397	1.9288962	22.159336	-10.993114	-82.579384	3.7409198	976.4400222301483
15	1211.1726	5.022041	1218.622	1205.5065	1271.8956	12.569035	1280.8186	1235.0365	1195.4197	139.4743	1307.9694	916.8303	1286.2823	4.6153164	1294.071	1279.2852	1000.0	1000.0	1000.0	1000.0	59999	83.792305	24.987577	110.229904	-53.84122	83.79228	24.989182	110.21384	-31.646547	0.40572134	1.915872	26.479866	-12.360274	-85.22431	3.8154116	1058.0159797668457
16	1136.5607	102.104675	1252.1652	971.9646	1262.7307	3.463552	1266.6848	1255.8965	1286.2368	54.38945	1414.1898	1195.4099	1280.4504	12.389229	1302.0994	1265.0284	932.25	1000.0	1000.0	1000.0	63999	86.3364	24.909018	111.61183	-32.872337	86.33597	24.91186	111.909134	-31.308432	0.3811651	1.8828921	19.509502	-11.088247	-87.72255	3.7918622	1139.6813163757324
17	923.374	465.98367	1270.1818	78.03503	1283.8293	6.2794914	1294.8964	1270.8423	1304.2922	52.448586	1379.0769	1200.9307	1294.2195	5.5048685	1303.9448	1284.5044	740.4	1000.0	1000.0	1000.0	67999	88.67587	25.060524	113.05085	-57.197647	88.6757	25.060896	113.314415	-36.601986	0.38365915	1.87459	21.149422	-11.385433	-90.01677	4.3428435	1223.0864226818085
18	1203.4462	194.40588	1338.7012	869.5007	1327.5925	10.169217	1336.1633	1304.0621	1183.1599	356.89932	1340.7244	115.76795	1328.1064	13.632561	1343.8269	1294.2888	943.5	1000.0	911.7	1000.0	71999	91.03367	24.99807	114.13809	-26.154465	91.03371	24.997766	113.865875	-35.35856	0.4247057	1.8933318	26.367887	-12.701002	-92.308655	4.352631	1306.9363794326782
19	1309.6101	42.755318	1364.4993	1249.035	1207.5657	41.60116	1238.1051	1097.9161	1223.3591	65.19988	1318.2948	1108.3026	1236.638	9.749396	1249.8612	1215.6838	1000.0	1000.0	1000.0	1000.0	75999	93.61208	24.989435	117.27812	-42.782356	93.61172	24.991512	115.54461	-30.199059	0.41942024	1.8672364	20.77921	-12.504612	-94.83479	4.21131	1389.267743587494
20	1314.5544	38.55313	1353.0602	1257.7913	1459.1217	4.4467416	1464.0134	1447.792	1461.0496	52.05628	1516.2886	1355.0946	1455.608	6.8122177	1465.8687	1442.5815	1000.0	1000.0	1000.0	1000.0	79999	96.02213	25.07769	117.84314	-61.294918	96.02202	25.078836	118.99041	-39.760624	0.34549516	1.8747559	22.25434	-10.461693	-97.22558	3.972935	1471.1378664970398
21	1340.999	31.080599	1394.0245	1318.1565	1331.8307	12.824338	1354.1045	1314.244	1351.6748	42.158264	1416.7129	1292.841	1340.1849	9.629153	1358.4984	1327.3839	1000.0	1000.0	1000.0	1000.0	83999	98.29968	25.227251	120.2322	-48.233395	98.29935	25.22827	120.953094	-36.876102	0.2915725	1.8488436	20.797642	-11.13402	-99.46369	4.098885	1555.1533961296082
22	1373.5205	24.674055	1401.6809	1343.6617	1475.0635	3.7495222	1482.0696	1469.4247	1486.4592	32.575047	1548.0383	1442.5828	1476.6384	5.535696	1484.673	1464.262	1000.0	1000.0	1000.0	1000.0	87999	100.44277	25.225657	121.668724	-31.982105	100.44259	25.226227	121.38613	-37.336384	0.28486156	1.8768924	24.868217	-12.3908415	-101.56537	4.116783	1637.581625699997
23	1439.5797	29.739391	1490.1793	1417.2355	1492.3378	2.650567	1496.0258	1488.7568	1449.5789	71.56963	1549.822	1337.3812	1498.1398	7.544043	1506.2052	1478.5061	1000.0	1000.0	1000.0	1000.0	91999	102.54255	25.284603	123.45899	-53.11074	102.54228	25.2841	123.79999	-37.471806	0.24919936	1.853646	25.439756	-11.913996	-103.63687	4.2920246	1720.4021553993225
24	1441.499	14.885507	1467.2324	1431.4435	1541.284	7.0479484	1549.895	1526.1177	1413.5131	436.85748	1640.3401	111.136856	1545.6561	8.999938	1555.8676	1523.108	1000.0	1000.0	908.1	1000.0	95999	104.66362	25.420708	125.14278	-33.44375	104.66354	25.421383	125.873634	-31.177898	0.23599437	1.8266056	32.757153	-10.816186	-105.74283	3.747123	1805.9345762729645
25	1481.2427	41.381874	1543.4646	1433.5326	1617.086	5.0046835	1623.7163	1605.206	1621.9008	46.3634	1709.8484	1535.4414	1613.6139	8.129935	1624.7744	1597.8319	1000.0	1000.0	1000.0	1000.0	99999	106.84319	25.515358	127.031906	-48.46674	106.84307	25.515959	127.19163	-32.818016	0.21881036	1.8143762	24.724861	-10.056264	-107.88937	3.9478526	1888.2777910232544
26	1518.4019	13.415832	1541.3254	1508.2883	1570.3118	2.4940727	1575.1198	1565.87	1578.2429	60.62616	1678.3767	1464.0771	1571.1249	5.400166	1578.9749	1562.7938	1000.0	1000.0	1000.0	1000.0	103999	108.95823	25.472805	130.46582	-47.319393	108.95818	25.474813	129.59172	-40.9102	0.23493256	1.8054228	29.240034	-11.550493	-109.98351	4.059722	1970.0211238861084
27	1520.375	30.349737	1564.776	1479.3379	1641.8242	5.3231735	1650.6948	1629.8157	1626.8007	58.327206	1728.0643	1553.4065	1650.8239	9.436271	1663.5339	1630.5564	1000.0	1000.0	1000.0	1000.0	107999	111.09215	25.542662	132.63661	-44.719475	111.09192	25.543907	132.67007	-43.781425	0.24471095	1.82954	26.795258	-12.317146	-112.127014	3.9439492	2051.548374414444
28	1555.4736	10.926574	1565.6821	1537.312	1619.1747	3.8748245	1623.3242	1612.7225	1645.5719	55.153484	1722.7273	1522.5211	1624.6423	4.7239003	1631.9418	1613.8917	1000.0	1000.0	1000.0	1000.0	111999	113.23412	25.659323	134.63571	-49.739952	113.23401	25.66142	134.25293	-46.7297	0.22390029	1.8077314	25.476606	-12.516462	-114.266014	3.795815	2137.287440061569
29	1555.5851	16.818235	1569.1179	1526.7606	1537.0367	3.4145055	1542.0142	1531.3971	1548.4164	62.621284	1633.0316	1414.4846	1544.2949	6.0992775	1554.8323	1535.089	1000.0	1000.0	1000.0	1000.0	115999	115.3672	25.569504	137.9831	-41.630787	115.36721	25.569902	136.36517	-54.76328	0.22713883	1.8127586	23.316595	-10.714082	-116.376175	4.091964	2223.3023171424866
30	1593.0518	29.844654	1621.9977	1545.4158	1633.517	5.6334014	1641.2327	1623.8939	1625.0374	57.70492	1700.666	1524.6222	1640.5251	6.7970934	1653.7584	1629.4004	1000.0	1000.0	1000.0	1000.0	119999	117.36565	25.637363	137.66219	-40.190884	117.36566	25.638792	139.76695	-50.225536	0.18230744	1.8170818	30.313913	-12.743072	-118.35301	4.086038	2305.812949180603
31	1588.1997	14.759882	1610.6654	1569.429	1598.121	3.1893983	1605.228	1592.6989	1610.4972	61.341763	1726.3547	1539.2303	1611.5481	2.6767933	1616.7554	1607.0724	1000.0	1000.0	1000.0	1000.0	123999	119.47389	25.413982	140.77835	-62.4934	119.47393	25.41357	140.67871	-43.905323	0.20580217	1.78665	23.068907	-12.998797	-120.429085	4.079202	2388.5835905075073
32	1596.575	20.89061	1616.8722	1566.3104	1654.7937	2.6687524	1660.8473	1652.2279	1676.1305	67.2046	1808.213	1573.3107	1674.8079	7.352732	1686.3075	1661.2095	1000.0	1000.0	1000.0	1000.0	127999	121.23041	25.436932	143.5891	-43.27498	121.23047	25.439579	144.38374	-73.691216	0.20746423	1.8177234	43.383045	-12.154551	-122.1585	3.7864275	2470.6175904273987
33	1408.3933	382.31036	1606.3975	643.8143	1601.8849	4.072612	1607.6506	1593.4857	1620.3596	60.04201	1729.535	1544.9167	1624.3015	17.90367	1657.1875	1595.1531	883.6	1000.0	1000.0	1000.0	131999	122.99323	25.33921	148.32086	-44.29494	122.99322	25.341099	153.12256	-38.686844	0.24211682	1.8222628	26.47613	-11.658884	-123.94594	3.9526482	2554.5913712978363
34	1618.9673	21.813908	1655.8817	1601.569	1644.4519	8.016319	1656.676	1632.0414	1651.5671	71.79255	1731.6138	1487.9111	1657.0687	12.024068	1670.6925	1626.0061	1000.0	1000.0	1000.0	1000.0	135999	124.85241	25.31978	151.4656	-51.912624	124.85222	25.322216	152.74611	-50.20731	0.20625399	1.8207884	26.61864	-11.868293	-125.753654	4.2391596	2638.891872406006
35	1496.1455	252.7716	1656.843	1059.4816	1595.8773	5.608158	1602.8429	1584.1355	1628.0165	49.406315	1701.8057	1541.35	1609.5442	10.157618	1621.4746	1586.9811	908.5	1000.0	1000.0	1000.0	139999	126.41598	25.351763	151.07845	-62.692387	126.41599	25.35489	152.65263	-58.680767	0.18447797	1.7680792	28.72802	-11.526817	-127.3218	3.8928452	2722.128916501999
36	1577.273	17.646711	1594.5527	1548.3523	1626.8997	6.757254	1636.782	1617.5682	1585.2903	116.75862	1727.4464	1261.1833	1600.1716	102.326256	1651.3616	1294.3815	1000.0	1000.0	972.3	978.5	143999	127.51998	25.519798	150.59914	-40.982315	127.51984	25.521496	151.38908	-44.902985	0.21409598	1.7520494	25.190945	-14.090465	-128.36996	4.2469096	2805.0260672569275
37	1433.4077	216.17429	1634.1912	1160.0355	1677.8572	4.5840244	1688.9939	1671.3641	1666.3586	57.804516	1729.7941	1561.2085	1689.5842	8.702246	1701.2218	1669.7922	893.2	1000.0	1000.0	1000.0	147999	128.42438	25.644615	151.96243	-52.598564	128.42426	25.646662	151.41339	-48.08787	0.24803688	1.7275559	30.655014	-11.132584	-129.2401	4.6941257	2886.8722684383392
38	1646.8647	18.612144	1666.8765	1616.492	1671.3359	8.951643	1690.2849	1661.0183	1670.5381	53.79867	1745.8434	1574.826	1684.2366	11.62765	1705.6722	1664.4347	1000.0	1000.0	1000.0	1000.0	151999	129.38725	25.799759	153.1039	-36.336605	129.38675	25.803139	152.36385	-36.817245	0.25729704	1.7131896	24.126112	-12.031623	-130.18222	4.726572	2967.5585267543793
39	1637.8848	12.498554	1653.6438	1618.6499	1660.0203	6.986866	1676.1798	1649.9495	1684.7662	72.051544	1775.0232	1550.6073	1666.8337	9.063626	1682.7915	1652.0448	1000.0	1000.0	1000.0	1000.0	155999	130.20952	25.902847	153.50493	-29.725426	130.2094	25.908175	153.97227	-67.16764	0.24655913	1.7189877	24.83289	-11.260868	-130.99893	4.5603337	3049.923833847046
40	1635.5964	33.783463	1671.8744	1581.8739	1748.8411	7.317602	1761.4614	1736.1211	1738.6143	57.699238	1819.2565	1654.5741	1754.8619	15.168266	1771.7207	1726.7876	1000.0	1000.0	1000.0	1000.0	159999	130.86562	26.007927	154.62933	-47.143085	130.8656	26.00999	154.18259	-46.47104	0.24513789	1.7235912	25.12016	-12.466652	-131.64905	4.7890453	3132.0745656490326
41	1404.1417	381.6142	1760.5602	748.29065	1714.6799	4.38784	1721.3748	1705.9432	1699.8402	58.551025	1790.3936	1620.1086	1723.2301	9.905284	1737.2798	1702.5776	816.6	1000.0	1000.0	1000.0	163999	131.89969	25.574625	155.74576	-62.186623	131.89981	25.576155	154.87	-75.06381	0.24566957	1.6925821	23.305143	-12.401413	-132.66083	5.1869044	3216.426225423813
42	1395.4506	550.6359	1683.0533	294.276	1657.0472	6.160044	1668.7262	1648.0254	1663.9646	96.68675	1833.6575	1513.3112	1672.2952	14.452474	1702.5333	1652.4692	833.2	1000.0	1000.0	1000.0	167999	132.35905	25.704002	156.58517	-76.662506	132.35892	25.703537	155.49754	-44.390556	0.32468948	1.6942934	19.087395	-10.354365	-133.1012	5.2409344	3298.9569234848022
43	1666.397	11.3527355	1681.5574	1649.9269	1787.2668	5.4019613	1797.9008	1780.3031	1776.1744	65.47655	1892.7552	1662.669	1795.2903	7.314358	1805.398	1782.2156	1000.0	1000.0	1000.0	1000.0	171999	133.01392	25.623442	156.4135	-51.36154	133.01389	25.623537	156.35156	-34.330128	0.3166269	1.7054144	22.142782	-10.95667	-133.74269	4.7578306	3381.763096809387
44	1372.8163	668.1572	1722.7783	36.660667	1753.0853	8.875235	1772.6781	1737.8015	1728.1238	60.765568	1802.0535	1613.1621	1754.8105	9.397182	1768.4395	1738.638	804.6	1000.0	1000.0	1000.0	175999	134.03186	25.57127	157.28906	-54.879215	134.0325	25.571484	156.77391	-54.559376	0.30434823	1.7065719	28.777666	-11.627789	-134.72874	5.851277	3464.2495086193085
45	1484.2072	353.48947	1700.8157	872.12836	1721.6785	8.348179	1735.234	1710.6416	1768.8063	45.13975	1840.7017	1673.7347	1734.6052	14.650942	1766.7406	1713.4802	883.5	1000.0	1000.0	1000.0	179999	134.7338	25.549047	158.11897	-47.42033	134.73373	25.551811	157.86649	-59.949413	0.31894267	1.6754438	21.34507	-11.61324	-135.41919	5.3638573	3546.4710125923157
46	1412.4666	391.57248	1713.357	673.46155	1814.6917	5.510687	1822.692	1807.2871	1772.2758	66.12329	1875.1987	1641.4943	1818.2653	8.2037735	1832.7168	1806.3696	836.4	1000.0	1000.0	1000.0	183999	135.26898	25.647177	158.75401	-40.049522	135.26973	25.645636	158.37384	-51.844677	0.33914965	1.7090145	27.369566	-11.599333	-135.94104	6.484621	3630.0741534233093
47	1639.2303	77.28539	1702.2987	1507.1279	1823.6013	4.527461	1831.2703	1814.7317	1818.486	69.58201	1895.6066	1657.291	1829.7653	9.226011	1848.9132	1814.4597	975.0	1000.0	1000.0	1000.0	187999	136.13722	25.398653	160.11243	-79.86394	136.13753	25.400257	158.97188	-53.54377	0.32388285	1.6910578	23.947458	-11.917109	-136.79428	6.077043	3712.2779426574707
48	1390.7981	406.47958	1743.9084	722.76074	1757.3672	5.2866135	1763.8763	1748.6873	1806.0505	40.811153	1856.4117	1729.8074	1761.1433	14.459307	1782.843	1734.6924	812.0	1000.0	1000.0	1000.0	191999	136.78735	25.303402	159.21536	-56.436768	136.78772	25.30573	160.7672	-43.461285	0.30533937	1.6836975	35.69895	-11.569547	-137.4404	6.77694	3795.778935432434
49	1555.5396	220.08028	1711.7585	1175.7184	1818.2002	7.544198	1835.4058	1807.1014	1795.1182	65.53083	1927.766	1695.1179	1823.5076	7.8406024	1835.5548	1811.2192	926.0	1000.0	1000.0	1000.0	195999	137.09381	25.681839	159.81287	-46.081726	137.09444	25.681583	159.69057	-35.364426	0.3427465	1.6595201	22.640953	-12.349979	-137.73285	6.9693074	3881.0210864543915
50	1719.0247	17.22236	1746.645	1704.156	1709.3337	7.1033874	1724.8099	1698.3069	1745.1038	81.56869	1856.4609	1648.7078	1717.1586	7.7881556	1729.3949	1704.9044	1000.0	1000.0	1000.0	1000.0	199999	137.36961	25.48982	159.95406	-50.396683	137.36995	25.49173	160.46999	-47.09903	0.34022078	1.6668696	20.948133	-12.869015	-137.96645	7.58905	3963.470394849777
51	1709.7664	63.9652	1774.604	1605.0746	1840.5701	5.0521827	1851.5073	1834.018	1851.0953	82.4203	1988.282	1706.0798	1848.6853	11.011586	1868.1433	1829.5792	987.0	1000.0	1000.0	1000.0	203999	137.75278	25.36935	160.2255	-72.84936	137.75348	25.37066	160.03746	-56.665756	0.3751813	1.6880273	25.905834	-14.407461	-138.34367	7.413585	4045.641149044037
52	1714.3619	20.244139	1737.1877	1684.174	1809.0641	8.186538	1824.3083	1796.9873	1823.7037	80.866325	1925.9181	1657.9313	1812.9479	12.107012	1832.2253	1786.308	1000.0	1000.0	1000.0	1000.0	207999	138.22437	25.222174	160.93124	-38.87554	138.22462	25.223541	160.02655	-49.177338	0.33812016	1.6725342	22.396166	-14.155296	-138.80151	6.5179915	4128.437952518463
53	1737.4067	40.49454	1790.511	1677.437	1830.1322	8.994558	1843.701	1816.9602	1874.597	54.24744	1968.0266	1790.5259	1838.3987	13.110959	1860.9769	1815.0029	1000.0	1000.0	1000.0	1000.0	211999	138.78088	24.942135	160.7502	-36.074863	138.7811	24.944578	161.07018	-41.22408	0.3632751	1.6666614	21.312918	-11.679091	-139.36021	7.0156474	4211.259578943253
54	1761.9697	19.455505	1789.567	1735.5018	1841.2972	7.8047357	1853.4825	1830.4418	1859.1234	53.407707	1939.3823	1764.6082	1848.3547	12.830571	1875.2181	1831.2078	1000.0	1000.0	1000.0	1000.0	215999	139.47552	24.772207	162.25037	-59.174213	139.47552	24.773695	162.11151	-49.125397	0.3171641	1.6674881	23.768875	-11.430955	-140.05287	6.487367	4293.104414224625
55	1625.385	196.99475	1777.1816	1274.7504	1870.5533	6.7981906	1882.8458	1860.2084	1811.568	76.51399	1931.4143	1710.9391	1871.2961	9.096289	1884.7355	1857.6968	916.4	1000.0	1000.0	1000.0	219999	139.90923	24.78422	161.95299	-43.543777	139.90948	24.786623	162.42758	-47.026493	0.33501208	1.6522375	21.785007	-10.96906	-140.45634	6.8988566	4375.877890110016
56	1522.3252	514.5217	1806.3556	493.84027	1845.1752	5.018927	1854.9708	1836.1509	1876.9017	67.567955	1986.4696	1781.9949	1855.0549	6.77201	1863.926	1844.6471	855.8	1000.0	1000.0	1000.0	223999	140.4681	24.85617	163.80946	-32.539726	140.46857	24.858892	162.99622	-31.28416	0.35702428	1.6605201	26.85563	-12.475616	-141.02573	8.476147	4463.1870040893555
57	1801.3041	44.713013	1848.6002	1750.1215	1827.2034	2.8743148	1831.5468	1821.1747	1819.1484	93.22008	1976.4963	1674.5302	1834.5266	10.4573345	1847.5605	1815.6664	1000.0	1000.0	1000.0	1000.0	227999	141.32335	24.470823	163.51573	-92.29901	141.32416	24.471498	163.2299	-79.91543	0.34392136	1.63494	25.24028	-12.502206	-141.8641	6.469845	4545.767925024033
58	1389.1217	686.0763	1795.346	200.86017	1892.3015	8.122425	1904.1642	1881.8325	1878.7922	59.15812	1936.5798	1729.0145	1895.3958	12.564331	1918.6176	1874.2118	778.75	1000.0	1000.0	1000.0	231999	141.70007	24.47768	165.16415	-44.67113	141.7007	24.477755	163.80586	-48.15876	0.3201247	1.6564474	31.893755	-11.464139	-142.23354	7.2292304	4629.082560777664
59	1836.3512	24.757973	1867.5834	1800.3391	1938.8512	5.457288	1950.9705	1929.3877	1899.1129	64.29866	2018.446	1819.9441	1934.0426	6.9842467	1945.379	1923.6605	1000.0	1000.0	1000.0	1000.0	235999	142.16676	24.256224	164.41466	-61.05916	142.1672	24.256628	163.42245	-44.482113	0.37978753	1.6577222	43.000145	-11.963327	-142.68579	8.268238	4711.964369297028
60	1795.4232	37.791756	1852.6787	1746.5352	1901.0342	7.272673	1911.055	1889.1714	1885.0072	77.028366	2017.5054	1786.2168	1904.6897	13.339	1925.5728	1885.1324	1000.0	1000.0	1000.0	1000.0	239999	142.78496	24.313765	165.43675	-31.78985	142.7859	24.312923	164.79716	-32.75784	0.3521986	1.6648914	22.954702	-12.588502	-143.31885	7.681668	4794.704353094101
61	1827.8601	44.570713	1878.7771	1770.2886	2026.7561	4.0933137	2032.4293	2018.4867	2015.8455	82.143105	2145.8545	1897.8214	2015.9539	7.340571	2028.795	2004.2338	1000.0	1000.0	1000.0	1000.0	243999	143.44496	24.153103	166.5191	-56.414474	143.4461	24.154194	165.08633	-85.22301	0.31252587	1.6837968	28.038984	-11.413364	-143.9706	7.5940757	4876.911603212357
62	1861.4279	27.637106	1902.9099	1825.0848	2004.6334	7.1236973	2013.4054	1989.345	1917.4473	76.06992	1994.5254	1721.7062	1988.643	9.552977	2000.675	1970.2062	1000.0	1000.0	1000.0	1000.0	247999	144.16608	23.936214	165.2242	-51.69412	144.16676	23.937056	166.75592	-61.520092	0.2949912	1.6658996	31.21483	-11.539698	-144.66832	7.158858	4959.98374080658
63	1834.9166	13.692734	1850.1113	1817.0873	1944.8883	8.791405	1953.8623	1923.9906	1919.1672	56.468925	2015.912	1835.6334	1941.111	10.594394	1967.154	1932.4298	1000.0	1000.0	1000.0	1000.0	251999	144.7264	23.950256	167.17166	-60.146015	144.72688	23.948774	167.2992	-63.956028	0.3240786	1.6671251	31.20991	-12.25818	-145.23212	6.7692113	5042.790848493576
64	1597.7798	541.1149	1913.5972	517.66736	1870.4521	7.0261173	1880.6084	1860.793	1818.0967	88.13889	1966.4486	1676.6553	1881.4016	7.9265995	1894.396	1867.9386	858.6	1000.0	1000.0	1000.0	255999	145.70126	23.654736	168.06178	-48.393787	145.70132	23.653667	167.01993	-41.136497	0.3062158	1.6542678	25.89099	-10.9903145	-146.19847	5.8984094	5126.85120511055
65	1809.0616	24.740406	1841.4891	1779.9503	1939.4114	2.946129	1943.524	1932.5667	1797.9353	408.71045	2027.4113	580.7641	1942.0212	10.437048	1963.7072	1932.2845	1000.0	1000.0	928.7	1000.0	259999	146.12733	23.797194	168.96544	-51.055218	146.12837	23.795471	167.74635	-71.9734	0.3048512	1.6608099	32.611603	-11.736265	-146.60417	7.5578494	5209.131723165512
66	1851.5349	26.703712	1882.0792	1815.8179	2033.5189	8.767684	2043.7552	2018.7141	2030.5826	58.49106	2133.6282	1940.3556	2029.0934	13.659632	2051.2983	2004.909	1000.0	1000.0	1000.0	1000.0	263999	146.38885	23.631655	168.48244	-70.79723	146.38945	23.632498	167.3486	-54.32889	0.3575252	1.6821984	27.01891	-13.943101	-146.85315	7.0050454	5291.488356351852
67	1879.3396	19.079433	1895.9724	1848.2756	1976.5531	4.308119	1983.4774	1966.6584	1777.1819	481.12106	2031.7113	347.6368	1971.276	10.925816	1992.5612	1950.0216	1000.0	1000.0	917.9	1000.0	267999	147.00887	23.719975	169.49611	-49.063236	147.0099	23.720917	168.97705	-32.80632	0.37191746	1.6587442	27.038794	-12.489273	-147.48795	7.241196	5372.883300542831
68	1872.3774	31.3605	1909.1626	1836.7073	1996.3933	9.391832	2010.4884	1979.6809	1962.9905	65.75066	2044.9668	1832.8022	1989.6233	11.658563	2005.169	1961.7234	1000.0	1000.0	1000.0	1000.0	271999	147.43272	23.46826	169.43878	-59.55162	147.43347	23.467878	169.47044	-46.687504	0.36639968	1.6732788	23.851215	-11.548488	-147.87643	6.859632	5455.250906229019
69	1903.0447	20.089363	1923.7542	1871.1816	1943.0525	5.277025	1949.6798	1936.3639	1948.0938	109.51161	2072.544	1651.3446	1958.5618	9.827955	1975.9385	1941.7443	1000.0	1000.0	1000.0	1000.0	275999	147.91737	23.069836	173.35612	-56.91985	147.91852	23.066973	170.58882	-46.349503	0.34400722	1.673089	26.094004	-12.031077	-148.34975	7.1086345	5538.172540664673
70	1874.6611	21.40068	1907.6116	1850.2441	1933.4277	4.693494	1942.79	1925.7233	1941.4225	80.32066	2063.8438	1794.258	1947.9293	10.506653	1975.3223	1930.6649	1000.0	1000.0	1000.0	1000.0	279999	148.01187	23.436024	170.39816	-51.058556	148.01263	23.436653	170.63725	-56.72139	0.36648703	1.6689136	37.16284	-11.61322	-148.43895	6.68096	5632.576839923859
71	1704.8538	369.89917	1914.3759	966.0811	1938.9137	7.5641336	1947.2921	1921.9344	1988.4504	68.68155	2064.6326	1851.4075	1939.5911	11.899462	1960.8495	1925.6682	900.2	1000.0	1000.0	1000.0	283999	148.32225	23.27815	169.95792	-51.78818	148.32268	23.279446	169.22993	-36.060608	0.34824812	1.6777345	28.612217	-11.29986	-148.74919	6.2423525	5717.204787492752
72	1649.9733	352.92627	1864.9603	1038.8063	2002.0309	4.4364643	2012.07	1995.8203	1663.594	572.569	2054.2302	422.7952	2002.53	6.5234184	2013.2677	1994.6285	892.5	1000.0	836.4	1000.0	287999	148.65253	23.306114	171.10266	-41.59811	148.65305	23.30861	170.83145	-40.331398	0.37115762	1.669273	32.290573	-12.225386	-149.05856	7.169664	5799.685116291046
73	1869.8171	15.808875	1885.1063	1843.8005	1984.5836	5.533667	1994.0823	1972.3331	1970.0586	79.28309	2079.3184	1821.269	1981.3275	4.717341	1991.2875	1975.8483	1000.0	1000.0	1000.0	1000.0	291999	148.91817	23.110756	171.09874	-30.835072	148.91846	23.111776	170.97324	-41.932697	0.3686508	1.6953815	26.82684	-12.032039	-149.31981	6.8864565	5882.51637840271
74	1900.6055	6.7143636	1907.8739	1893.7784	1990.0486	5.6862125	1999.2979	1980.8137	1994.1136	72.31645	2121.1604	1895.2667	1986.6414	10.1755295	2000.6903	1972.5383	1000.0	1000.0	1000.0	1000.0	295999	149.36234	22.71867	171.10574	-46.51178	149.3632	22.71742	171.49246	-56.509876	0.391171	1.6847714	27.208406	-14.051629	-149.72981	7.1028876	5966.496492147446
75	1621.7986	593.14813	1928.4523	435.78214	1972.4612	7.5393987	1986.477	1959.8915	1952.1562	76.8566	2101.0378	1827.3732	1958.1658	19.273726	1990.6948	1920.9255	848.2	1000.0	1000.0	1000.0	299999	149.56412	23.199026	171.36745	-66.734245	149.56483	23.200657	171.18008	-39.845695	0.3779524	1.6460078	21.18723	-12.310334	-149.9633	7.035546	6050.577595949173
76	1884.676	10.346683	1896.5659	1868.2667	2016.1381	11.005839	2037.9935	1997.7229	1872.2607	508.45312	2122.1328	360.3526	2008.3668	7.7545376	2019.4482	1997.5419	1000.0	1000.0	919.1	1000.0	303999	150.0595	22.994205	171.68744	-55.30846	150.0601	22.994114	171.69615	-51.699127	0.36533323	1.6773729	28.133251	-11.671508	-150.45575	7.218987	6135.806969642639
77	1099.8378	644.3866	1895.6932	230.96889	1988.5576	8.999134	2007.2378	1973.3483	2021.7152	90.633865	2151.5696	1868.4398	1986.4515	9.924502	2005.264	1969.5264	584.4286	1000.0	1000.0	1000.0	307999	150.0591	22.93787	172.02875	-77.86597	150.06004	22.935387	172.10814	-39.840096	0.40843838	1.6824899	29.311733	-10.961933	-150.39156	8.312291	6220.219669103622
78	1883.9259	25.386599	1910.7452	1843.5188	2025.143	5.542997	2035.3518	2018.4854	1784.3033	534.3665	2059.688	198.17989	2024.7493	10.160963	2040.804	2006.517	1000.0	1000.0	911.0	1000.0	311999	149.98311	23.206387	172.08997	-44.13716	149.98314	23.212446	171.7737	-43.804726	0.41907856	1.6857523	28.594944	-12.3789625	-150.32288	6.467864	6302.284317016602
79	1917.9617	19.754679	1949.3335	1896.0477	1962.9746	9.55423	1981.7552	1946.6696	1890.0336	375.92416	2088.7131	776.18585	1973.692	15.2206135	2001.7593	1951.4409	1000.0	1000.0	937.9	1000.0	315999	150.27962	23.121038	173.86041	-37.52246	150.28033	23.12062	173.21605	-38.699947	0.44294965	1.673242	27.312607	-11.165589	-150.62804	7.6848636	6386.048007488251
80	1365.0669	679.8848	1935.7186	418.47952	2027.9236	10.691727	2040.9209	2005.5103	2041.5491	86.030716	2161.525	1848.9846	2023.9869	7.7860255	2034.8839	2008.4802	716.4	1000.0	1000.0	1000.0	319999	150.3785	23.213352	174.83589	-51.90989	150.37862	23.21453	174.9306	-70.73077	0.4290167	1.6803449	25.317587	-12.226828	-150.70348	7.3846717	6469.3121457099915
81	1743.2747	348.5373	1942.7905	1047.0214	2030.4668	11.335128	2051.364	2015.2275	1704.1523	637.1257	2127.0864	363.88522	2031.4873	11.344075	2044.5813	2008.301	908.6	1000.0	845.8	1000.0	323999	150.491	23.330065	174.10204	-65.41728	150.49142	23.330849	175.3797	-52.478306	0.4431832	1.654305	21.233082	-11.739447	-150.7953	7.113472	6552.59996175766
82	1910.8386	13.932118	1921.8401	1886.9717	2012.9434	9.680732	2035.1177	2000.766	2019.092	58.460663	2134.2266	1935.435	2002.5266	12.060471	2025.0483	1982.9916	1000.0	1000.0	1000.0	1000.0	327999	150.59735	23.459345	174.60472	-53.876793	150.59686	23.460207	176.88083	-56.31849	0.43107286	1.6615715	20.294611	-11.928839	-150.90604	6.5945783	6644.4026691913605
83	1593.3354	601.34106	1945.9675	551.81305	2026.2377	7.08695	2044.5554	2018.2374	1995.134	114.40271	2137.5203	1766.837	2026.3744	13.685995	2051.5398	2008.1459	824.25	1000.0	1000.0	1000.0	331999	151.01352	23.21906	175.14291	-56.60941	151.01367	23.222706	175.87584	-69.13455	0.4550486	1.6447486	19.866983	-11.255975	-151.32559	7.7272987	6730.1695420742035
84	1917.8123	23.447266	1944.0857	1891.5543	2076.5515	5.6042194	2083.9285	2063.9922	2094.8452	121.038315	2260.816	1834.8539	2085.8792	9.863703	2104.4536	2074.9436	1000.0	1000.0	1000.0	1000.0	335999	151.2387	23.380388	175.85857	-42.643265	151.23857	23.384151	178.52696	-57.07337	0.5154425	1.6464678	21.406633	-12.633393	-151.5434	7.0990343	6813.194312572479
85	1743.2692	365.2874	1945.4863	1013.43005	1989.6543	10.988988	2002.2308	1968.5541	1976.9973	69.99369	2071.915	1842.661	1988.4482	5.858144	1999.5554	1979.1843	905.6	1000.0	1000.0	1000.0	339999	151.52788	22.967325	175.11539	-55.438427	151.52742	22.964773	176.85876	-42.592598	0.5022462	1.6870679	23.927223	-11.661247	-151.82668	6.963474	6896.524611711502
86	1506.0968	496.75745	1887.6636	649.6639	2023.3125	6.3838453	2036.4835	2013.639	1982.7094	106.09467	2174.5212	1859.8601	2029.6172	15.840808	2053.8298	2003.1672	802.6	1000.0	1000.0	1000.0	343999	151.56831	23.230326	175.70634	-61.83528	151.56784	23.230343	175.79234	-55.975105	0.49937427	1.681583	27.765066	-10.625721	-151.84424	7.6188016	6982.58993268013
87	1920.0876	5.9614124	1927.1046	1912.9067	1987.0642	10.183604	2009.376	1966.9027	1410.4304	693.36176	2018.1914	508.77313	1967.1432	8.71393	1982.4302	1954.2147	1000.0	1000.0	714.6	1000.0	347999	151.86525	23.113295	176.47227	-52.885845	151.866	23.113377	177.93251	-31.02607	0.52335334	1.6953642	25.558628	-11.8062525	-152.1598	6.7779403	7063.049530982971
88	1425.6975	605.25555	1940.2025	550.79407	1972.9045	7.28641	1987.07	1962.4421	2003.252	51.259457	2096.5645	1923.7433	1965.6067	16.913872	1991.1885	1949.6068	746.8	1000.0	1000.0	1000.0	351999	152.03676	22.957428	177.26675	-47.593475	152.03687	22.95959	178.48917	-48.689117	0.5260531	1.6769097	21.081072	-11.655015	-152.29668	8.004482	7156.22403049469
89	1964.0093	22.814234	1988.1575	1926.9232	2006.0857	13.951912	2021.3647	1978.9042	2066.382	112.92281	2201.8074	1855.8773	2024.3912	27.367138	2073.125	1991.4431	1000.0	1000.0	1000.0	1000.0	355999	152.0897	22.96256	178.92766	-38.96552	152.08963	22.961699	177.79997	-32.60863	0.53780705	1.6828058	21.738253	-12.4397745	-152.3579	6.386799	7242.604335308075
90	1493.4391	574.7593	1943.874	507.0448	2127.0244	17.722692	2164.8599	2092.179	2118.346	68.6628	2229.4692	2006.7228	2104.592	12.869511	2126.5845	2086.8474	773.8	1000.0	1000.0	1000.0	359999	152.2515	22.792292	180.08035	-66.5467	152.25197	22.788822	177.51408	-63.796207	0.53812635	1.6617824	22.749437	-11.853556	-152.50055	7.078299	7325.2470071315765
91	1708.0414	342.345	1965.3788	1070.1842	1993.0856	16.473854	2017.8088	1969.0763	2037.7	95.96916	2145.3894	1806.2046	2004.3069	9.932233	2023.9845	1983.9202	884.0	1000.0	1000.0	1000.0	363999	152.32867	22.450756	178.98993	-42.877182	152.32903	22.452583	178.15085	-29.519733	0.56335956	1.6496626	21.474382	-11.109702	-152.57373	7.665025	7407.239109516144
92	1594.8661	643.2303	1933.2649	308.6309	2013.957	14.768863	2034.0422	1988.8351	2006.4688	125.13028	2174.4028	1811.5918	2016.4762	17.305159	2039.191	1989.2694	832.4	1000.0	1000.0	1000.0	367999	152.2333	22.870672	181.11137	-47.49561	152.23392	22.872652	178.30711	-62.069862	0.48592216	1.6559143	24.119352	-10.966614	-152.4595	7.2392416	7497.046126842499
93	1404.0032	443.7992	1932.9637	828.7121	2011.2119	10.6730795	2031.5352	1998.7855	1851.8881	512.7166	2123.6353	326.4903	2007.0182	7.8803	2020.2078	1990.9894	731.8	1000.0	917.0	1000.0	371999	152.32932	22.797667	178.79086	-49.362175	152.32999	22.796864	179.12602	-57.995823	0.5168768	1.6619766	24.56879	-11.370518	-152.55313	7.215175	7581.522011995316
94	1897.448	24.195095	1918.4819	1857.4045	2033.4291	9.302557	2049.9463	2021.4564	1982.6873	116.71759	2196.5522	1750.1893	2016.7877	16.542372	2038.4127	1988.0591	1000.0	1000.0	1000.0	1000.0	375999	152.45757	22.907352	178.61786	-52.047447	152.45769	22.910732	179.39046	-62.145863	0.54603755	1.6723943	21.38467	-12.162598	-152.67819	7.6330595	7663.901013374329
95	1412.9003	759.14294	1965.6677	105.84431	1886.9928	197.79517	1969.7787	1294.3275	1712.3158	563.16235	2053.5605	367.4319	1968.9485	13.69462	1991.2993	1936.1078	729.8333	966.4	862.4	1000.0	379999	152.64392	22.664604	179.29085	-32.24203	152.64323	22.66378	179.22778	-28.081348	0.58128715	1.6589109	22.105377	-11.623149	-152.85959	8.164426	7747.2468955516815
96	1635.451	575.36304	1977.3938	638.9476	1969.026	7.8310637	1982.8893	1958.1184	1963.8512	62.03562	2033.7917	1862.7491	1959.6501	15.513803	1988.5028	1939.2683	833.5	1000.0	1000.0	1000.0	383999	152.75113	22.485643	178.27463	-39.07743	152.7513	22.486368	178.79591	-40.287315	0.5430637	1.6592933	23.228046	-12.761174	-152.96555	7.318843	7831.199374198914
97	1921.0637	12.823788	1933.7305	1903.2571	2124.5264	8.262414	2138.2766	2111.0056	2092.667	64.49316	2211.8865	2011.2681	2106.5767	13.786071	2128.4258	2085.0283	1000.0	1000.0	1000.0	1000.0	387999	152.78941	22.443422	177.2042	-45.734676	152.7897	22.441252	177.38625	-45.302197	0.54021525	1.6771878	19.607212	-14.303296	-152.98834	7.904242	7915.694315195084
98	1354.1276	829.94617	1957.502	102.432655	1956.1221	84.64565	1996.2198	1703.2773	2000.2937	66.39149	2117.0134	1875.7748	1850.0531	425.48776	2011.3674	573.87555	702.8333	986.4	1000.0	930.0	391999	152.92233	22.431955	177.88605	-52.220108	152.9241	22.424616	177.67488	-68.00035	0.5573846	1.6969055	28.756342	-12.388993	-153.12238	7.864474	7999.868052959442
99	1950.1691	41.025074	1998.2769	1885.2189	2083.406	9.613703	2098.322	2068.3918	2099.9216	100.67273	2233.1235	1895.421	2070.0215	12.652887	2096.3135	2055.0674	1000.0	1000.0	1000.0	1000.0	395999	153.02576	22.37124	177.16504	-62.013294	153.02605	22.367067	178.30515	-73.38303	0.5641086	1.6999865	21.762203	-13.055605	-153.19641	8.164173	8083.185114860535
100	1965.5181	17.858799	1982.7214	1937.909	2083.2148	8.401043	2094.5488	2070.8362	2065.2966	101.49002	2195.635	1882.5586	2079.5056	11.516169	2101.8499	2059.4956	1000.0	1000.0	1000.0	1000.0	399999	152.94879	22.549208	180.5007	-44.955257	152.95016	22.541578	177.91037	-36.78828	0.55949676	1.686103	25.898573	-10.981563	-153.12344	8.336858	8165.864639997482
101	1973.0748	30.036629	1998.8276	1921.9452	2038.1383	8.711931	2054.512	2022.3151	2047.722	101.592255	2144.447	1835.779	2021.766	12.363226	2037.4277	1993.1469	1000.0	1000.0	1000.0	1000.0	403999	153.00932	22.000355	176.76462	-45.411873	153.01042	22.001215	178.47874	-37.283184	0.5040155	1.6562059	23.509197	-12.835336	-153.18274	7.3062334	8247.420504331589
102	1979.1888	27.489851	2011.2927	1935.3705	2020.6342	13.996109	2045.8514	1999.0646	2011.4099	68.0956	2122.0647	1902.2079	2023.5895	9.594293	2039.8292	2008.2532	1000.0	1000.0	1000.0	1000.0	407999	152.9569	21.7578	177.66805	-51.738327	152.95682	21.759277	178.35948	-35.114697	0.50798327	1.673806	26.692966	-10.768444	-153.11131	7.8076425	8329.926206111908
103	1813.3392	257.04718	1986.8605	1369.0328	2120.591	8.513686	2132.1118	2108.2385	2066.771	65.99848	2179.179	1949.2595	2116.029	9.941129	2130.4163	2095.9368	929.25	1000.0	1000.0	1000.0	411999	152.89806	21.7814	179.06451	-55.219193	152.89796	21.778257	178.18687	-55.958958	0.47859767	1.6366261	21.514877	-13.650147	-153.0484	7.552454	8412.398001909256
104	1846.7021	195.78139	2027.2871	1590.9932	2155.5464	4.890929	2164.1724	2148.1702	1984.8118	307.36774	2294.6572	1320.7151	2156.0747	8.765993	2168.9854	2139.7676	925.0	1000.0	925.5	1000.0	415999	152.95688	21.992046	177.71999	-46.875797	152.95718	21.987137	177.96873	-27.610876	0.55883056	1.6649787	26.52984	-10.782484	-153.12088	7.939075	8494.01445031166
105	1940.6895	62.705833	1982.865	1832.5463	2073.4534	8.892516	2091.4543	2056.2776	2051.7908	93.121895	2197.1138	1947.5155	2062.4087	9.332408	2076.5874	2046.696	987.0	1000.0	1000.0	1000.0	419999	153.14815	21.991877	178.7512	-53.51728	153.1486	21.987484	178.66034	-47.530014	0.52405643	1.6415116	21.181042	-11.051652	-153.2899	7.222496	8578.493525505066
106	1932.8055	18.326756	1956.1753	1913.3513	2031.2158	11.557098	2043.2599	2001.4946	2027.9232	110.43793	2131.2952	1760.8225	2030.1086	17.876066	2074.5903	2009.5627	1000.0	1000.0	1000.0	1000.0	423999	153.2745	21.740788	179.99028	-39.96189	153.27512	21.738045	178.44093	-53.505135	0.47989362	1.6419585	21.587158	-11.654527	-153.40594	7.162796	8661.182275056839
107	1353.1149	649.2959	1976.0985	444.47806	2008.2445	7.2023263	2018.7103	1995.6311	1987.8578	93.79452	2152.7458	1845.8801	2011.0149	17.466288	2056.6643	1994.2305	691.1667	1000.0	1000.0	1000.0	427999	153.15414	22.019232	179.65277	-43.017174	153.15466	22.016861	177.78354	-39.86615	0.52436507	1.6745994	24.522131	-13.106282	-153.3015	8.151702	8747.104174852371
108	1428.4906	685.46405	1934.4929	89.37019	1999.0007	7.115092	2012.7018	1987.1769	2012.5918	86.04967	2119.3018	1884.7303	1985.6282	11.334674	2013.4023	1973.3959	739.2	1000.0	1000.0	1000.0	431999	153.17636	21.942165	180.31445	-41.20134	153.17618	21.938921	178.59067	-31.062422	0.5213657	1.6768045	31.467638	-11.208387	-153.31712	7.2532144	8830.602646112442
109	1970.8157	22.058928	1999.8846	1942.9846	2015.9727	7.8247333	2033.6552	2000.7065	1952.9694	96.03142	2092.966	1830.5161	2011.008	9.689799	2023.0021	1995.0719	1000.0	1000.0	1000.0	1000.0	435999	153.37048	21.766512	179.79999	-43.005417	153.37057	21.76467	179.38376	-35.331635	0.53104615	1.6597767	26.216057	-11.5709	-153.49231	8.222818	8914.883266687393
110	1938.971	14.676948	1962.9194	1923.1067	2095.8105	7.3263264	2104.6565	2083.2375	2057.4604	78.32142	2181.938	1953.595	1986.9541	332.83023	2114.7969	989.04645	1000.0	1000.0	1000.0	948.4	439999	153.2831	21.793343	181.02118	-30.816675	153.28423	21.791576	179.23492	-38.798553	0.5304653	1.6468444	21.34689	-11.35251	-153.3954	7.6090117	9000.509118795395
111	1998.0771	36.57108	2044.8184	1948.1943	2104.285	15.454537	2135.242	2084.4724	2083.3071	90.083885	2289.81	1945.7904	2101.5679	26.649822	2140.7637	2062.7703	1000.0	1000.0	1000.0	1000.0	443999	153.32161	21.819317	179.2285	-58.49803	153.32167	21.817966	178.16096	-56.03453	0.46317157	1.6554877	23.670692	-11.552572	-153.45064	6.9937143	9087.904400348663
112	2003.957	9.953768	2018.2686	1990.3002	2199.356	6.337172	2209.853	2191.3025	2064.944	294.7683	2213.867	1188.9304	2195.1587	9.9403715	2207.7256	2178.2915	1000.0	1000.0	953.9	1000.0	447999	153.48172	21.533752	178.09705	-32.140335	153.48225	21.530478	177.6717	-34.30874	0.46414942	1.6598377	22.208788	-10.669461	-153.57814	8.132986	9175.481472492218
113	1778.3423	360.57803	2006.5128	1154.2258	2172.6985	8.503104	2185.7205	2157.2012	2153.722	61.50999	2253.24	2014.2246	2172.392	9.132721	2186.5757	2158.738	897.0	1000.0	1000.0	1000.0	451999	153.51952	21.541996	177.4226	-33.315365	153.51903	21.544836	178.18452	-37.003036	0.48116073	1.6576343	21.66545	-14.237911	-153.63548	7.727907	9262.55812549591
114	2029.7826	10.403529	2043.1654	2016.3237	1903.5051	563.7191	2166.526	332.49634	2118.7944	99.35264	2226.2834	1970.1559	2139.8572	10.659759	2155.6113	2117.868	1000.0	885.4	1000.0	1000.0	455999	153.7262	21.463888	179.1053	-99.19367	153.72726	21.459085	177.94653	-32.121426	0.49028215	1.6585362	24.984436	-10.876229	-153.84	8.148341	9344.383981466293
115	1715.0768	686.17883	2103.9617	343.60602	2162.8242	8.339293	2175.6404	2148.198	2153.188	53.095478	2232.6367	2079.0854	2157.2275	10.0890665	2179.6128	2143.993	837.0	1000.0	1000.0	1000.0	459999	153.90552	21.54149	178.47993	-48.750145	153.90472	21.536077	177.43323	-36.39946	0.4601602	1.6482308	23.707047	-10.738448	-154.0224	8.139542	9429.102600574493
116	1457.9061	850.7587	2075.3577	147.05272	2187.8247	11.401715	2205.997	2168.5647	2157.7021	92.253975	2259.979	1941.8419	2187.43	8.225133	2197.962	2176.6846	711.8333	1000.0	1000.0	1000.0	463999	154.3156	21.169626	179.13121	-59.63451	154.3151	21.16996	178.68974	-59.115784	0.46822694	1.6432651	23.344856	-12.135937	-154.42883	7.948288	9512.905851125717
117	1807.7573	268.93005	2079.0234	1426.1964	2077.8157	10.178534	2095.8635	2063.4976	2044.8613	108.41736	2231.0532	1876.7426	2065.401	16.456594	2083.9421	2028.6187	882.75	1000.0	986.7	1000.0	467999	154.51747	21.213339	179.961	-41.215443	154.5175	21.208624	178.44997	-35.079403	0.4973959	1.6533664	26.63795	-11.067479	-154.63426	7.656034	9597.089060306549
118	1830.5902	222.42178	2026.0297	1511.6566	2191.0444	9.905657	2211.079	2176.403	2205.6267	82.24241	2322.112	2051.3286	2183.2112	13.543677	2208.5417	2165.384	915.8	1000.0	1000.0	1000.0	471999	154.49042	21.368765	180.19768	-43.709515	154.48949	21.370668	178.96811	-43.41775	0.5302841	1.6653036	25.14658	-12.522003	-154.56929	9.091445	9680.102864027023
119	1681.5293	505.22922	2046.2727	818.9284	2190.4402	7.30714	2205.0366	2182.8489	2203.191	99.348015	2297.2578	1963.8116	2187.3423	11.0296755	2206.7517	2174.8796	820.5	1000.0	1000.0	1000.0	475999	154.37392	21.33737	182.50578	-44.243275	154.3764	21.33438	178.64268	-28.352417	0.5291075	1.6310123	25.409811	-13.387848	-154.45389	9.854881	9765.4517724514
120	2062.3552	37.30558	2098.9363	2000.8342	2169.9487	13.021367	2192.1145	2149.6814	2118.5986	65.209236	2225.249	2009.3711	2168.0928	12.549629	2188.573	2148.8892	1000.0	1000.0	1000.0	1000.0	479999	154.31882	21.06577	180.3628	-46.614502	154.32024	21.061546	178.51968	-35.525646	0.505788	1.6152128	21.623236	-12.59584	-154.38797	8.500747	9850.84406542778
121	2044.7144	33.318623	2075.3093	1992.8829	2199.5935	12.468766	2220.3328	2179.6743	1973.8541	504.4718	2237.3274	478.62738	2188.279	21.72563	2209.996	2151.1516	1000.0	1000.0	914.5	1000.0	483999	154.50883	21.200325	182.11195	-28.443354	154.50995	21.198471	178.73459	-43.14405	0.54021627	1.6481671	26.987747	-14.658326	-154.60257	7.8708267	9933.034551858902
122	2074.2512	33.248306	2123.5684	2030.0021	2201.957	9.254937	2219.6106	2190.2212	2200.6843	70.26277	2338.634	2105.1335	2204.2422	10.302549	2219.3	2183.054	1000.0	1000.0	1000.0	1000.0	487999	154.93475	21.27809	181.66498	-60.60962	154.93478	21.274563	180.65594	-40.757095	0.5132815	1.6604761	26.679218	-11.407216	-155.02684	8.042421	10016.387686014175
123	2112.4749	41.922062	2153.6406	2042.5878	2255.6665	13.746672	2283.3582	2235.1335	2196.8245	140.74008	2332.4368	1869.8298	2254.728	15.212056	2279.4146	2221.479	1000.0	1000.0	1000.0	1000.0	491999	155.5109	21.179575	180.20169	-63.321648	155.51317	21.175858	180.32251	-25.678524	0.5509211	1.7008429	30.312271	-12.127917	-155.62575	8.3950405	10101.09227514267
124	1467.8715	883.3197	2130.2976	97.00485	2281.8904	9.036858	2294.4448	2265.8752	2232.7334	81.85589	2340.0532	2064.7957	2276.2727	6.630964	2289.883	2267.3306	710.1667	1000.0	1000.0	1000.0	495999	156.03297	21.021194	183.28848	-49.21992	156.0339	21.020079	181.14508	-46.23181	0.53015864	1.6758941	23.908226	-13.985392	-156.12025	8.37837	10187.853238582611
125	1782.761	409.1719	2128.1865	1257.1987	2184.8245	11.0216	2204.2861	2165.7593	2176.6257	110.99574	2297.5244	2037.9176	2174.9502	62.278786	2210.8586	1989.619	857.4	1000.0	1000.0	992.3	499999	156.19714	21.05761	181.28415	-37.06125	156.19768	21.052565	181.67429	-46.636818	0.5089229	1.6640781	21.6651	-12.46278	-156.28305	8.366565	10274.566688537598
126	2122.476	23.959806	2159.0654	2093.276	2106.9539	482.14383	2284.6594	660.8468	1981.781	524.656	2371.4434	648.74786	2252.9531	18.788303	2291.9238	2218.4045	1000.0	930.1	889.3	1000.0	503999	156.316	21.084751	181.92715	-28.043497	156.31831	21.07541	181.10997	-32.85515	0.5030571	1.6515476	22.173708	-12.046691	-156.41171	8.818835	10357.06775546074
127	2103.1912	26.86866	2142.6414	2071.7524	2154.7231	9.471986	2177.0037	2139.5776	2070.816	234.4626	2302.4612	1514.806	2158.941	9.642285	2182.7085	2149.4631	1000.0	1000.0	968.3	1000.0	507999	156.47241	21.013596	182.9067	-48.664642	156.475	21.008635	181.84453	-42.311615	0.5156069	1.6640637	21.57302	-11.039813	-156.54544	8.9258375	10440.964071035385
128	1816.5615	622.8131	2156.4797	571.3872	2219.0845	6.291743	2233.0808	2213.0247	1978.1774	611.07556	2340.3005	165.21358	2215.7832	10.3824835	2235.5972	2196.2095	855.2	1000.0	902.2	1000.0	511999	156.66133	20.822557	182.35092	-49.20803	156.66122	20.822906	180.7815	-44.44855	0.5416558	1.6858369	33.52329	-14.912674	-156.74113	10.682542	10530.170462608337
129	2130.9424	25.793037	2165.9353	2098.0808	2285.0347	8.280336	2298.838	2271.6023	2186.9697	165.55098	2394.472	1889.1149	2126.0981	285.83942	2280.5994	1502.8715	1000.0	1000.0	982.2	938.8	515999	157.0593	20.75264	182.41415	-31.583652	157.05933	20.753674	181.16472	-33.423817	0.5106001	1.6574694	22.125452	-11.1264	-157.14253	7.9121184	10613.5420794487
130	1207.2415	851.3978	2116.2043	151.44193	2250.275	8.062414	2266.295	2237.769	2278.7383	76.28387	2408.97	2139.2356	2244.5464	11.515586	2260.5374	2223.3154	579.8333	1000.0	1000.0	1000.0	519999	157.01472	20.992403	183.94852	-53.23065	157.01694	20.989033	181.65834	-60.180187	0.5156555	1.661084	26.44265	-12.779689	-157.08487	9.421297	10696.569570302963
131	2125.8008	35.453	2176.9402	2078.9612	2235.607	15.093789	2251.011	2197.5725	1786.4463	710.1241	2389.9607	271.06848	2087.609	410.7993	2242.1719	855.7155	1000.0	1000.0	804.2	940.0	523999	157.57669	20.982347	183.43022	-41.988686	157.57742	20.976011	182.0079	-64.07596	0.5050845	1.695854	25.351595	-11.095694	-157.6697	8.190378	10779.376879692078
132	1703.1901	551.49335	2200.889	954.9721	2279.545	5.2260065	2290.0393	2271.046	2066.7964	466.852	2379.425	1104.4829	2067.9734	631.0099	2296.579	175.35857	798.0	1000.0	899.0	909.1	527999	157.94724	20.814024	184.12538	-80.75282	157.9475	20.80464	181.97412	-42.8995	0.49577138	1.6655633	24.886902	-11.192057	-158.0099	8.048056	10860.492047309875
133	1695.1367	685.84375	2167.7192	392.14035	2223.0974	14.364416	2243.9941	2198.3445	2128.175	170.96222	2372.0212	1782.9965	2207.5	24.515165	2253.4138	2180.558	792.4	1000.0	1000.0	1000.0	531999	158.11816	21.275352	185.55719	-48.69861	158.12015	21.275734	184.49281	-58.69208	0.58705646	1.6583977	20.93159	-11.477471	-158.1958	8.521361	10943.726872205734
134	2063.664	233.31734	2203.672	1659.6193	2256.946	203.05708	2333.9155	1648.0922	2112.5735	394.3612	2371.5693	987.8889	1977.1523	665.59344	2333.333	315.83545	944.25	971.4	928.7	855.8	535999	158.68146	21.092558	185.04298	-34.69099	158.68349	21.089645	184.86456	-36.271084	0.48103333	1.6286297	23.790817	-12.029266	-158.75996	8.080174	11024.782762765884
135	1996.01	339.75436	2182.9656	1316.9872	2337.8792	7.237929	2350.1177	2321.6428	2214.0498	392.31522	2453.279	1103.4324	2337.0051	10.528503	2352.6826	2319.7961	923.2	1000.0	948.5	1000.0	539999	158.85918	21.211935	185.67226	-54.632965	158.86017	21.205736	184.96794	-66.85649	0.50109845	1.6549387	21.923958	-12.772501	-158.94943	9.557661	11112.190387964249
136	2143.688	84.22316	2227.5288	2003.2057	2335.286	10.456791	2353.357	2321.704	2135.2224	377.4722	2423.2437	1097.6875	2326.7478	12.668919	2346.1946	2308.093	975.25	1000.0	946.8	1000.0	543999	159.27258	21.222862	183.8985	-30.632074	159.27364	21.21797	185.0204	-47.412838	0.555121	1.6577762	24.201889	-10.900565	-159.36447	8.572951	11196.882753610611
137	2179.8713	26.858353	2215.2893	2148.33	2263.6433	11.136366	2278.8025	2243.2332	2236.3486	117.24103	2383.0483	2064.6797	2221.8728	100.38488	2270.8591	1923.6053	1000.0	1000.0	1000.0	985.4	547999	159.87202	20.862875	185.88557	-40.094223	159.87296	20.860159	186.15013	-69.99932	0.5418296	1.6679784	25.534903	-12.045731	-159.94774	8.979994	11282.138532400131
138	1578.15	724.75995	2293.233	343.10245	2163.7046	466.5752	2329.3433	764.1553	2289.606	123.97224	2470.849	2031.8042	2299.815	17.022806	2327.2964	2275.4856	716.8333	934.5	984.5	1000.0	551999	160.26382	20.898327	185.5858	-39.05036	160.26242	20.898203	187.3399	-44.32493	0.52154	1.6995807	24.839796	-11.0099535	-160.33257	8.691815	11374.464324235916
139	2186.3574	108.39719	2302.4304	2020.1389	2393.3325	10.3464775	2412.3792	2375.9915	2302.4956	193.99306	2461.7432	1742.863	2373.5396	6.5550313	2386.3923	2363.3882	967.25	1000.0	971.4	1000.0	555999	160.47417	20.858568	185.743	-53.652058	160.4738	20.861582	185.72961	-51.454987	0.5405895	1.7006363	27.380177	-13.61752	-160.54335	11.382028	11458.486329078674
140	1842.7903	679.7525	2252.1274	501.8145	2292.8853	16.813784	2331.018	2272.3018	2280.6577	157.63603	2460.501	1846.6705	2290.7327	36.16373	2323.113	2222.36	816.4	1000.0	1000.0	1000.0	559999	160.3619	20.721767	186.29698	-71.94837	160.3629	20.715588	185.29755	-56.630238	0.5659763	1.7245182	35.515053	-15.976102	-160.40079	10.182918	11542.542842149734
141	1207.9799	753.2304	2231.6917	222.5945	2292.445	7.2150273	2305.9094	2276.2546	2270.4126	82.49344	2418.2988	2113.9607	2293.4058	11.443426	2319.9783	2274.8535	552.6667	1000.0	1000.0	1000.0	563999	160.58755	20.969563	187.78484	-37.688847	160.58904	20.963007	184.99483	-41.45376	0.52648026	1.6938475	27.865067	-11.543402	-160.65028	9.616943	11625.598972558975
142	2168.3862	86.79251	2265.886	2030.2269	2332.5366	8.106654	2349.0203	2321.2354	1926.142	617.7626	2471.2869	546.802	2324.5652	10.908515	2344.2256	2310.2644	978.0	1000.0	851.2	1000.0	567999	160.96613	20.752554	186.89198	-54.671085	160.96399	20.748968	188.37158	-40.187336	0.5379345	1.6922439	21.301193	-11.832785	-161.02383	9.733676	11707.20098733902
143	1751.1171	680.5908	2254.7832	454.6591	2394.6577	7.4666905	2407.962	2385.3027	2251.3333	130.82758	2404.011	2052.0208	2382.5073	11.973662	2399.848	2363.2388	799.8333	1000.0	984.4	1000.0	571999	161.08052	21.111124	185.18785	-51.92967	161.07835	21.10967	185.06909	-35.81721	0.5489183	1.6567513	18.44797	-10.735951	-161.12497	9.950149	11790.366919994354
