Epoch	AverageEpRet	StdEpRet	MaxEpRet	MinEpRet	AverageTestEpRet	StdTestEpRet	MaxTestEpRet	MinTestEpRet	AverageTransferEpRet	StdTransferEpRet	MaxTransferEpRet	MinTransferEpRet	AverageRandomEpRet	StdRandomEpRet	MaxRandomEpRet	MinRandomEpRet	EpLen	TestEpLen	TransferEpLen	RandomEpLen	TotalEnvInteracts	AverageQ1Vals	StdQ1Vals	MaxQ1Vals	MinQ1Vals	AverageQ2Vals	StdQ2Vals	MaxQ2Vals	MinQ2Vals	AverageLogPi	StdLogPi	MaxLogPi	MinLogPi	LossPi	LossQ	Time
1	388.59668	141.2116	509.7743	159.25676	492.1688	109.123344	582.5554	176.04231	461.5982	195.58376	663.7469	73.45643	419.74707	204.40105	655.6761	74.87736	827.75	921.8	836.5	771.0	3999	11.040197	5.622281	24.878048	0.010223599	11.039693	5.62311	24.715847	-0.08739273	-5.368983	0.58728254	3.8265724	-10.552541	-12.104411	0.1803061	99.98138737678528
2	389.42917	192.31334	504.96097	5.5687914	31.747797	2.9876738	37.398994	26.547874	185.54477	129.66592	362.49088	27.101799	74.92024	87.170044	254.60677	25.216427	804.2	94.8	642.4	277.6	7999	32.85638	6.9892473	67.21994	13.064011	32.856323	6.988741	67.54547	14.442361	-5.1630025	1.1537437	16.834635	-12.240398	-33.90954	0.5055122	193.83031582832336
3	392.33017	149.63078	513.6142	119.64725	360.90292	105.39421	545.41046	233.60587	310.42545	91.67018	456.5478	180.01352	390.2843	97.47826	560.23584	265.27298	849.8	1000.0	1000.0	1000.0	11999	55.53774	11.227838	194.36746	5.770859	55.53745	11.230503	202.1928	10.749061	-4.405655	2.9268124	27.713276	-13.105175	-56.699265	2.2305205	323.87440299987793
4	334.10315	104.9343	474.9043	201.84036	260.7919	61.11931	362.30148	194.61882	265.5152	42.44013	341.0072	205.26492	276.94296	10.51869	291.4304	255.78596	1000.0	1000.0	1000.0	1000.0	15999	83.26839	29.466091	226.8466	0.97205144	83.26836	29.466053	234.48212	0.7612299	-3.8925617	2.9728436	29.541325	-13.500223	-84.36589	3.0430157	453.505615234375
5	253.0171	166.9152	437.0098	4.0582337	444.31006	119.83542	750.57935	328.79984	455.46924	93.657196	667.5042	311.35037	409.02118	129.11281	555.94324	115.29665	685.5	1000.0	1000.0	919.9	19999	108.50812	32.724804	248.59224	0.20983839	108.50794	32.72454	238.23166	-1.3507582	-3.2080984	3.3851278	27.625965	-14.541528	-109.55761	4.913549	580.4597020149231
6	428.5264	63.110783	534.9217	369.9294	412.54205	22.207548	459.62613	378.52795	406.36334	31.713913	464.6262	368.9058	423.3204	24.645771	458.45166	377.74387	1000.0	1000.0	1000.0	1000.0	23999	119.04486	29.498137	249.06932	1.5169512	119.04438	29.494587	247.21338	4.6352816	-2.7948444	3.9374385	28.12941	-15.1238985	-120.129875	7.4351482	712.7963383197784
7	302.72272	177.13408	484.22354	1.0592285	387.10428	53.004642	518.8182	323.8174	397.38132	31.387793	450.16504	353.7074	422.44135	87.5731	601.5405	298.3214	762.2	1000.0	1000.0	1000.0	27999	135.26071	32.828186	252.82967	-0.50432074	135.26077	32.825165	247.98544	-3.4201233	-1.0665355	4.2003775	30.60338	-15.099085	-136.67418	10.213518	845.9255151748657
8	438.38312	89.71297	549.749	344.6532	454.92105	51.96168	553.05884	360.23886	465.6872	53.81669	579.82556	352.2094	446.273	55.131134	540.72626	373.93903	1000.0	1000.0	1000.0	1000.0	31999	145.49126	23.2105	235.6134	-3.368312	145.49184	23.208138	240.86823	-4.03739	-1.6898832	3.5488005	29.64283	-15.116337	-146.68475	12.008838	978.4520955085754
9	380.71143	77.50806	430.80994	246.60739	496.34586	73.32209	642.9761	380.86502	525.88763	77.04709	691.8073	441.09317	520.3543	77.567375	681.26495	428.92206	875.75	1000.0	1000.0	1000.0	35999	145.20354	21.53544	222.52246	-7.081288	145.20372	21.529686	224.43237	-1.5909494	-2.58681	3.3121297	25.141094	-18.06708	-146.1827	9.963681	1108.490130662918
10	412.19855	38.143147	454.97495	341.08148	455.3484	133.17516	753.3072	308.045	420.78857	129.35962	683.7069	257.7844	379.8039	54.978207	512.75415	327.85648	925.6	1000.0	1000.0	1000.0	39999	143.5454	19.464033	233.36603	-6.6315694	143.54515	19.461021	233.85385	-7.572957	-3.2456493	2.6966984	40.51198	-16.861593	-144.48671	12.298489	1237.8062109947205
11	354.5402	143.43225	565.77875	127.078255	523.3598	58.469112	634.57654	461.76486	518.2128	61.54931	645.6494	436.4818	542.70435	95.32363	748.90125	459.10284	872.6	1000.0	1000.0	1000.0	43999	141.40948	18.445759	233.69101	-12.488026	141.4096	18.446524	235.19148	-17.287975	-3.5421684	2.5829918	31.471298	-18.210957	-142.27818	8.519559	1367.4055244922638
12	468.86584	131.2019	570.99255	243.74907	614.97375	128.68652	782.59283	439.43576	602.3275	98.20086	769.6088	404.28876	697.2917	51.573097	779.85846	613.0233	862.75	1000.0	1000.0	1000.0	47999	138.75188	14.836573	216.83194	-7.0597034	138.75143	14.831604	215.49377	-18.756453	-3.701594	2.4900136	21.439646	-14.322236	-139.59462	10.7946205	1497.7006285190582
13	491.36856	60.205795	575.07196	410.0573	501.99005	79.2735	645.5601	368.38297	515.8216	86.73189	733.0482	406.03677	517.3099	91.97594	644.9225	286.02274	932.75	1000.0	1000.0	1000.0	51999	136.2603	11.378604	194.77121	-8.036476	136.26018	11.37622	194.89272	-22.141449	-3.794207	2.4999878	25.094704	-15.104227	-137.1327	8.107033	1628.5818514823914
14	274.3639	221.22386	547.6731	6.311043	556.1165	96.82327	709.32996	466.71478	545.3544	106.19433	692.4142	360.7392	535.97864	84.29221	676.7922	385.32193	533.44446	1000.0	1000.0	1000.0	55999	134.52303	8.934543	175.75395	-2.8338838	134.52309	8.922555	177.2484	-23.730335	-4.175127	1.9887754	21.742714	-13.820673	-135.36482	8.634711	1758.820872783661
15	340.75113	218.8778	562.2531	48.736557	627.2377	87.85947	762.46027	474.58826	635.8956	103.66663	789.57684	438.01837	596.3035	82.13559	707.62915	462.6152	661.8	1000.0	1000.0	1000.0	59999	132.90704	7.599704	164.3892	-11.803347	132.906	7.593899	163.39703	-27.045355	-4.1733932	1.938657	19.179434	-13.882214	-133.7453	10.4212675	1894.7912909984589
16	510.9431	19.258364	544.1952	498.0949	427.5799	48.540283	524.9036	380.25714	466.029	50.13671	532.06854	385.6268	432.50385	62.09153	575.4141	383.62848	1000.0	1000.0	1000.0	1000.0	63999	131.955	6.858197	161.16441	-14.25374	131.95383	6.8427978	160.29636	-22.1923	-4.2550983	1.9046352	18.009823	-14.102114	-132.81879	9.105207	2026.5728573799133
17	460.00574	64.1773	503.13196	349.04028	276.4291	246.77332	648.72437	5.8257184	155.32002	205.27087	556.27454	4.9361677	353.29947	226.8863	612.12646	4.9403224	985.25	509.1	342.1	711.8	67999	131.22041	7.3740926	161.93466	-16.723616	131.21951	7.3732047	162.30853	-11.251311	-4.2982287	1.8456796	17.0058	-13.443687	-132.06831	9.711085	2136.208074569702
18	396.04675	171.04236	521.94257	69.65291	319.35858	115.781204	447.19574	78.8213	319.14923	125.78779	443.6779	82.125206	333.19006	125.23134	470.27368	66.31316	766.3333	880.6	882.2	894.8	71999	131.00293	7.5517735	160.39096	-17.558674	131.00226	7.55223	160.76352	-21.01606	-4.438023	1.7374738	21.71719	-14.411688	-131.862	8.566125	2263.9492678642273
19	410.9307	183.79431	540.0841	95.84322	474.58398	157.66862	646.35443	45.92709	517.0663	108.76826	707.2123	284.53638	517.6769	98.68275	709.1145	392.33533	819.0	916.3	1000.0	1000.0	75999	131.00143	7.4580317	159.39967	-33.497215	131.00085	7.4512	160.05577	-18.195831	-4.4115915	1.7932192	19.865337	-14.125957	-131.8705	8.440983	2391.0571093559265
20	439.4345	138.12796	534.836	167.11824	694.93036	62.90878	779.0707	536.4385	664.29736	51.016693	739.4252	591.0567	616.45593	120.65526	721.9218	289.8899	867.8	1000.0	1000.0	944.3	79999	131.2144	7.507284	157.84674	-27.607492	131.21355	7.5098267	159.28601	-29.505995	-4.4775286	1.7331464	24.034832	-14.43475	-132.08913	9.036656	2520.1333911418915
21	528.0475	9.649809	540.9967	516.9825	629.3583	64.9802	713.01764	466.67096	559.6926	110.30891	686.3269	297.1106	471.87994	193.67178	736.74005	44.207336	1000.0	1000.0	1000.0	862.9	83999	131.51138	7.665966	158.02402	-31.12342	131.51025	7.664426	158.37228	-27.783726	-4.444512	1.7529334	18.926785	-13.993214	-132.38428	8.00389	2649.27889418602
22	435.3117	163.41652	572.8141	116.61497	686.1133	39.118404	789.2814	620.66296	661.45654	47.939064	713.07306	577.4636	657.0386	79.65986	784.03937	450.5083	849.8	1000.0	1000.0	1000.0	87999	131.91072	7.588254	158.5743	-17.697495	131.91052	7.5819016	159.99388	-23.217295	-4.579136	1.632629	21.20627	-14.800617	-132.77963	7.249086	2780.9234235286713
23	516.7093	18.579248	544.6655	492.72876	742.14606	152.33484	891.0322	534.2764	732.1739	158.02235	894.8607	514.82	670.073	165.17862	895.94385	482.5559	1000.0	1000.0	1000.0	1000.0	91999	132.1493	7.502389	156.68411	-56.323742	132.14859	7.511566	156.06696	-36.837044	-4.620676	1.6062591	19.087954	-14.438666	-133.02267	7.6666856	2912.933205127716
24	504.19644	57.58707	600.52716	447.91342	636.4342	98.33327	887.1917	508.10333	599.02344	79.50811	781.9081	506.85745	598.9562	113.26596	885.81946	497.8582	1000.0	1000.0	1000.0	1000.0	95999	132.60176	7.3212185	154.51224	-42.250374	132.60104	7.336396	153.0829	-45.417908	-4.677381	1.594857	33.31225	-13.325169	-133.47672	5.8103995	3043.6592421531677
25	589.8513	53.91383	646.74414	530.5661	558.0339	130.65738	774.7016	371.02643	475.6957	163.758	669.2472	142.05405	471.54214	232.29431	694.76715	42.631783	1000.0	937.8	814.3	780.7	99999	132.95818	7.256098	152.61577	-42.6935	132.95766	7.2736235	151.5682	-43.055397	-4.700817	1.56548	23.467302	-13.6499	-133.82816	7.2693424	3165.155830383301
26	524.9861	69.178925	635.0559	443.66296	478.7776	113.98649	595.0221	218.38417	527.99146	58.63192	603.7108	425.4498	489.2853	54.655857	594.2561	430.96942	1000.0	1000.0	1000.0	1000.0	103999	133.28394	7.1021175	152.64766	-17.921339	133.28366	7.125662	151.80779	-30.468527	-4.8132954	1.3981054	19.954296	-13.377675	-134.1508	5.0905595	3294.95366024971
27	389.32095	168.89409	528.0367	65.78684	614.0516	56.900932	688.1404	528.8642	578.3155	95.30193	679.0322	396.91553	640.4278	47.66994	706.8059	537.90015	829.6	1000.0	1000.0	1000.0	107999	133.76112	7.085896	152.4707	-41.431423	133.76044	7.112028	154.03287	-44.483276	-4.7935133	1.4184088	27.830532	-14.637653	-134.63768	6.094873	3425.298115968704
28	553.1176	30.322397	600.5932	517.2388	519.1793	83.5119	685.9951	379.27484	525.3079	46.97308	586.2073	442.08212	517.11145	45.183926	592.1245	409.84644	1000.0	1000.0	1000.0	1000.0	111999	134.18326	7.0982347	152.77086	-33.69283	134.18266	7.1162944	151.02869	-31.875132	-4.807167	1.3921388	18.238773	-13.536713	-135.06187	5.207434	3556.5645067691803
29	514.389	70.16512	587.60986	401.1973	434.26752	84.198	600.46027	302.79102	386.6113	71.97738	483.73627	303.42352	484.55533	99.82325	702.0675	302.59775	1000.0	1000.0	1000.0	1000.0	115999	134.58514	7.182476	151.28421	-39.835068	134.58464	7.194034	152.7103	-37.951923	-4.8472204	1.3489769	20.74447	-15.995634	-135.45523	5.5649667	3688.8007004261017
30	497.20203	60.566418	556.30475	415.35364	615.0619	19.629606	644.3911	585.63116	608.7792	34.825325	697.723	576.13544	598.4416	31.80645	658.86005	553.54285	957.75	1000.0	1000.0	1000.0	119999	134.81056	7.3554063	154.27998	-41.533787	134.80968	7.370663	152.29138	-46.974815	-4.8178263	1.4041537	25.276484	-12.9166975	-135.68349	5.425777	3820.925066947937
31	538.15857	56.865982	621.8377	465.49805	615.61505	110.2724	788.60986	397.6404	673.86694	51.777588	744.0191	557.8892	640.15564	180.439	787.7183	147.03253	1000.0	956.7	993.8	927.9	123999	135.14116	7.531919	153.30447	-34.25122	135.1408	7.5455956	152.33751	-30.379982	-4.824017	1.3924906	25.757172	-12.527578	-136.023	5.23312	3950.8499517440796
32	528.91797	14.842855	545.26166	510.42755	755.2582	52.880825	800.1403	647.45306	740.0077	85.242615	886.691	614.0781	784.51044	44.683388	858.0832	702.66364	1000.0	1000.0	1000.0	1000.0	127999	135.5474	7.8648753	153.3966	-52.194614	135.547	7.893304	152.80989	-56.26178	-4.891206	1.320014	24.163527	-12.486868	-136.40761	4.698861	4081.8952033519745
33	480.18695	140.16481	658.0279	266.1205	606.2599	104.58099	788.19604	391.01288	639.3624	73.105865	791.81934	537.23895	660.36847	71.12334	783.5154	524.9819	842.75	1000.0	1000.0	1000.0	131999	135.94205	8.197949	156.98352	-49.89221	135.94174	8.21077	152.46803	-72.3628	-4.9080195	1.2946678	19.90507	-13.155405	-136.8241	4.3642483	4213.672159671783
34	612.08875	46.574795	664.33826	561.00433	733.0153	35.002586	795.9094	694.1821	758.04553	54.392414	860.0399	681.5846	751.7827	39.275585	788.5485	678.1991	1000.0	1000.0	1000.0	1000.0	135999	136.37292	8.321229	155.86499	-33.792625	136.37215	8.342983	158.98654	-67.93073	-4.8854055	1.3263626	32.763927	-12.928844	-137.24457	6.1837044	4343.10780787468
35	587.7599	26.822355	628.07434	553.068	763.59094	81.40847	859.6845	596.4694	744.1172	102.700005	872.65955	552.0438	737.7522	41.20431	840.1604	690.20026	1000.0	1000.0	1000.0	1000.0	139999	136.7183	8.547068	157.30188	-54.36964	136.71811	8.572853	157.62717	-49.28308	-4.8590226	1.3534737	26.062065	-13.199365	-137.597	5.0536795	4475.492215633392
36	537.449	33.26613	586.1603	499.6597	578.1482	51.95033	705.94745	509.74756	592.0778	78.18368	694.2941	447.30634	584.92737	77.944176	690.0697	476.402	1000.0	1000.0	1000.0	1000.0	143999	137.1953	8.534879	156.1308	-54.834755	137.19449	8.540706	157.65088	-61.673553	-4.922106	1.2949228	21.98196	-14.708544	-138.07463	4.35999	4608.345951318741
37	447.8003	161.21152	544.53345	125.965385	735.7526	45.029327	796.5694	648.2952	679.87054	70.221245	773.62085	502.04025	682.2567	67.72576	789.4402	537.9319	845.4	1000.0	1000.0	1000.0	147999	137.66849	8.435762	156.32481	-76.9089	137.66788	8.446666	157.28534	-100.000755	-4.9361734	1.2762341	19.25806	-13.446127	-138.56844	4.5397315	4739.866162061691
38	589.1427	45.341984	655.31555	527.7742	638.8769	58.876415	744.9341	540.5914	631.0993	64.88135	717.9448	541.60034	663.80273	78.78092	807.93146	566.76605	1000.0	1000.0	1000.0	1000.0	151999	138.14998	8.53716	156.21309	-88.91179	138.14963	8.548947	157.9658	-80.626205	-4.889195	1.3340867	20.692976	-14.584126	-139.04387	5.327958	4870.296714305878
39	544.3429	42.725246	583.8329	477.88113	634.3864	42.444595	724.9726	558.2728	608.332	89.17866	799.3292	514.7726	604.3454	48.25451	705.75684	548.83484	1000.0	1000.0	1000.0	1000.0	155999	138.588	8.572299	157.99492	-56.122837	138.58742	8.5748625	158.43855	-45.21392	-4.898645	1.3110099	18.797436	-13.085721	-139.47469	5.136781	4999.951328039169
40	586.35876	26.728529	617.2675	546.7274	616.1837	97.82806	790.8064	437.03537	575.4234	126.22879	791.80725	413.105	626.74915	83.101105	791.92236	508.0145	1000.0	1000.0	1000.0	1000.0	159999	138.87494	8.57684	158.0445	-74.764656	138.87445	8.586933	159.00372	-68.69066	-4.9078336	1.281272	20.735252	-13.398172	-139.75371	5.2601194	5129.666104316711
41	573.71936	71.88688	693.1384	510.6598	639.13135	100.74553	827.2092	469.00766	633.40155	45.71266	701.83435	570.6408	615.39	89.763885	676.5006	362.2116	1000.0	1000.0	999.7	957.9	163999	139.14832	8.552417	157.76558	-63.28728	139.14801	8.563693	158.50534	-54.59734	-4.925516	1.285193	20.148964	-12.22463	-140.04422	4.692966	5261.114448785782
42	577.1372	46.44956	637.2463	508.58075	682.59064	44.856926	756.88434	600.50146	655.2436	59.43794	727.7161	528.30725	687.32153	29.639019	712.59705	609.522	1000.0	1000.0	1000.0	1000.0	167999	139.41411	8.66541	158.81161	-32.814278	139.4134	8.671978	158.7072	-72.943794	-4.8806543	1.3245866	19.63314	-14.724002	-140.30489	5.6036015	5393.147331953049
43	609.0067	37.517773	660.75964	561.7617	631.5247	59.27109	699.40686	544.08606	675.9972	107.97637	803.57245	435.7956	658.06384	43.470234	706.5673	598.19135	1000.0	1000.0	1000.0	1000.0	171999	139.68143	8.802017	158.13582	-83.2161	139.68123	8.807068	159.25371	-61.44245	-4.923584	1.2729425	19.014069	-12.925204	-140.57018	4.287795	5524.636743068695
44	573.78754	35.774597	612.25146	517.51245	683.28174	57.051167	736.8914	523.4081	717.908	51.80679	794.325	613.3907	672.45087	51.39729	703.8146	522.5854	1000.0	1000.0	1000.0	1000.0	175999	140.00552	8.8342285	160.53453	-52.18362	140.0056	8.850913	159.50954	-49.18332	-4.907074	1.3151457	22.189121	-12.869518	-140.90503	4.1390123	5656.161103487015
45	561.30005	27.820782	600.4215	526.9662	671.43536	38.211796	709.7192	614.10846	696.216	47.43236	799.3416	618.1292	699.0786	45.3365	800.5527	610.59174	1000.0	1000.0	1000.0	1000.0	179999	140.45786	8.730873	160.97638	-78.519875	140.45804	8.735616	159.62184	-73.04102	-4.934947	1.2781348	15.243782	-13.161554	-141.36212	4.083521	5786.700237989426
46	584.79663	72.94008	661.0325	503.175	715.7504	55.859116	802.4547	635.50977	710.9592	33.942192	796.26807	664.1528	697.03125	55.95506	813.51	610.49255	1000.0	1000.0	1000.0	1000.0	183999	140.87737	8.737094	160.0716	-32.370068	140.87727	8.764298	161.14511	-65.54287	-4.9911203	1.2147752	16.994736	-13.721296	-141.77303	3.907175	5916.402419090271
47	592.1308	65.371796	699.69775	525.98706	613.1696	22.765692	674.4162	589.01135	666.63586	53.318386	762.3549	604.81494	621.8199	38.524467	728.3626	596.8421	1000.0	1000.0	1000.0	1000.0	187999	141.31635	8.754165	161.73396	-62.827797	141.3161	8.749836	161.08276	-42.953632	-4.974851	1.2527864	21.63876	-15.343951	-142.23021	4.178067	6048.006344079971
48	648.9406	26.28621	678.08606	606.62537	735.38525	88.012726	854.87225	597.53986	656.96497	44.67431	714.30035	598.0944	691.05225	69.01361	771.5164	609.7398	1000.0	1000.0	1000.0	1000.0	191999	141.78398	8.7027855	160.34251	-37.26423	141.78394	8.701106	160.91873	-53.85812	-4.9939556	1.2178148	19.739538	-14.791599	-142.69203	3.4168935	6180.302007675171
49	622.1665	54.416637	667.7604	530.2331	678.56006	58.3326	803.7867	619.9916	733.38007	60.474648	808.0571	628.3493	725.4064	25.732922	800.3516	700.1158	1000.0	1000.0	1000.0	1000.0	195999	142.15782	8.654539	160.79214	-26.87731	142.15813	8.685075	161.66898	-95.13133	-4.952765	1.2539706	23.804564	-14.496083	-143.06529	4.2137256	6312.811646461487
50	600.13275	59.228657	688.93115	527.50446	720.0275	55.53087	797.9711	614.4294	727.43317	53.247734	800.36334	609.4671	712.0243	53.017326	801.8221	608.00037	1000.0	1000.0	1000.0	1000.0	199999	142.66837	8.597022	162.65602	-36.1165	142.66904	8.598855	163.00475	-61.332325	-4.9640903	1.2450019	20.038387	-12.034025	-143.57106	3.5505543	6444.7352459430695
51	514.63635	13.786457	528.5395	491.70895	718.3887	25.91696	772.9438	697.39	718.71924	51.558224	795.7568	618.3952	704.34283	43.613823	798.52997	622.23376	1000.0	1000.0	1000.0	1000.0	203999	143.02606	8.602667	163.81061	-39.00213	143.02637	8.609897	165.22919	-69.730865	-4.970816	1.2480179	17.860657	-13.872683	-143.93597	3.7641506	6574.35918712616
52	600.5197	66.24082	711.7977	549.7552	744.9535	55.325596	813.478	607.58075	705.4447	65.70665	801.995	540.78125	725.03143	76.013954	850.56915	582.8069	1000.0	1000.0	1000.0	1000.0	207999	143.35	8.476219	165.5971	-52.806103	143.35014	8.491086	165.41666	-52.816357	-4.970756	1.2436421	19.186161	-13.090113	-144.2623	3.8682032	6704.08445930481
53	544.2041	26.372522	567.569	500.1355	750.44293	57.018837	799.3501	640.8276	708.96643	47.74337	797.0093	654.0267	760.79425	37.54336	799.93823	699.69464	1000.0	1000.0	1000.0	1000.0	211999	143.59428	8.484681	171.16998	-61.869312	143.5946	8.481565	169.53294	-52.675587	-4.9710765	1.2404307	18.11443	-12.732292	-144.51106	3.8680937	6833.8307638168335
54	621.81793	38.229645	670.0313	571.50854	758.2335	50.840508	800.8579	671.8504	745.9486	39.812508	806.02795	703.7396	777.0565	45.194847	801.32086	671.61487	1000.0	1000.0	1000.0	1000.0	215999	143.77275	8.523376	164.347	-38.402466	143.77303	8.538209	164.3155	-66.04993	-4.9689126	1.241302	26.556335	-13.307607	-144.68265	3.554375	6965.1373472213745
55	574.8997	43.37746	646.0358	533.16876	665.26117	22.303278	703.8185	640.89594	665.85297	42.240734	706.1703	606.8447	681.6299	39.081646	751.7726	618.44745	1000.0	1000.0	1000.0	1000.0	219999	144.02914	8.612286	164.30925	-50.786167	144.02934	8.6227665	165.05424	-99.03788	-5.0000153	1.1672082	15.514252	-13.369171	-144.9471	3.1431546	7098.018128633499
56	613.412	77.03013	693.9779	526.6666	658.08655	65.34815	775.9084	525.53485	620.53723	90.86383	786.7237	507.63336	703.5526	72.974625	792.8282	598.567	1000.0	1000.0	1000.0	1000.0	223999	144.35686	8.683911	165.07275	-54.352158	144.35696	8.691874	166.27036	-74.437775	-4.991149	1.1977993	17.295883	-13.710178	-145.27332	3.172254	7231.244953393936
57	569.3778	45.500576	643.3668	519.1374	654.6582	52.394257	707.9387	557.94775	679.44183	49.111763	800.14276	622.00867	654.4225	31.488674	704.9717	609.7021	1000.0	1000.0	1000.0	1000.0	227999	144.6827	8.565892	164.3762	-67.917656	144.68289	8.576236	164.77199	-94.0448	-5.0260935	1.139343	16.533173	-13.163823	-145.60716	2.4421983	7363.149293661118
58	623.4947	66.63837	699.38153	532.6513	700.71576	43.088596	753.3513	587.47504	721.3981	23.068562	761.9984	678.42224	729.01373	50.57002	776.7707	589.317	1000.0	1000.0	1000.0	1000.0	231999	144.9588	8.585958	166.3455	-85.80672	144.95872	8.589787	166.97112	-57.960537	-5.037911	1.1215888	18.283884	-13.594407	-145.86665	3.2540004	7493.484460115433
59	597.0803	49.37219	651.2837	534.2144	743.6859	63.34864	828.4934	656.3761	730.16223	63.043507	816.8488	630.35504	729.45276	66.62189	803.5308	631.1835	1000.0	1000.0	1000.0	1000.0	235999	145.22633	8.631809	165.44012	-36.5846	145.22678	8.63763	165.3097	-66.698944	-4.973459	1.2263943	21.43955	-12.519131	-146.15857	3.3304975	7624.506455421448
60	586.9868	44.979095	663.7742	548.9882	770.00214	50.93872	804.6699	662.2582	741.4267	68.64658	805.71356	605.56464	779.1864	48.388954	805.8277	662.3028	1000.0	1000.0	1000.0	1000.0	239999	145.48413	8.634612	165.85548	-31.55082	145.4846	8.661638	165.5151	-54.36281	-5.011071	1.1599349	14.176136	-13.207133	-146.39862	3.1537678	7754.359443902969
61	574.84326	59.68239	669.7802	506.97964	716.1223	27.789543	798.2193	695.9808	701.15686	48.786427	773.33405	628.72156	701.8715	43.74658	802.3847	612.8364	1000.0	1000.0	1000.0	1000.0	243999	145.6961	8.622785	166.24567	-22.651527	145.69646	8.630541	166.61351	-66.51648	-5.014138	1.1672575	19.898579	-14.093848	-146.61588	3.1923354	7887.269843578339
62	620.23254	54.26144	676.44556	558.9702	640.4132	88.92209	799.21936	513.6246	659.2608	55.254406	789.8785	589.77734	639.4373	35.02815	687.1155	581.88715	1000.0	1000.0	1000.0	1000.0	247999	145.93437	8.655311	166.41803	-57.227577	145.93488	8.683189	166.82286	-65.72107	-5.0088563	1.1733068	16.759457	-14.163365	-146.85304	2.4949355	8026.7046048641205
63	645.3624	52.59888	694.03174	556.5416	733.94794	46.37751	865.84766	691.9748	720.02185	63.89334	876.56976	614.90436	730.20386	51.3667	813.4394	665.12085	1000.0	1000.0	1000.0	1000.0	251999	146.14359	8.762696	167.00043	-50.04206	146.14359	8.775915	166.60289	-60.857018	-4.9917984	1.2071218	24.043629	-14.058302	-147.05379	3.2322335	8159.224166870117
64	577.88855	30.145084	627.5387	548.23047	547.436	38.503162	585.736	439.95526	561.97626	56.612885	691.9935	473.75067	544.2379	30.872622	572.7094	459.17584	1000.0	1000.0	1000.0	1000.0	255999	146.31546	8.826359	167.84099	-50.474606	146.3159	8.851617	167.56995	-124.70364	-5.00862	1.1918103	23.719116	-12.903408	-147.23354	2.901368	8290.998605012894
65	676.11597	7.6981397	686.2478	667.72534	711.7242	50.79044	803.99335	635.3804	700.45734	68.564644	800.3855	585.2509	723.612	81.80262	803.482	607.1457	1000.0	1000.0	1000.0	1000.0	259999	146.5475	8.699357	168.45302	-72.41296	146.54816	8.707774	167.37102	-65.51858	-5.031495	1.1544493	18.328491	-13.109983	-147.4711	3.1156514	8422.662607431412
66	626.87573	57.76944	701.27325	542.3596	703.0751	87.50464	869.82104	614.2743	707.8498	82.1495	832.98975	555.73425	707.686	85.871216	857.3423	604.9682	1000.0	1000.0	1000.0	1000.0	263999	146.76077	8.699923	167.21059	-33.671104	146.76065	8.720235	166.74294	-102.43866	-5.040053	1.1307317	17.662638	-13.354307	-147.68184	2.3556445	8554.409180164337
67	625.6914	32.49213	652.40894	570.7042	759.49744	54.337204	853.12384	705.29736	734.7992	62.71274	852.366	628.757	754.69324	42.798626	804.3323	697.98364	1000.0	1000.0	1000.0	1000.0	267999	146.98956	8.752205	169.31516	-83.25619	146.98973	8.781436	167.03055	-82.68761	-5.014022	1.1708786	18.643646	-12.297625	-147.90508	3.2659996	8689.607033729553
68	682.2886	12.302119	700.83704	666.3042	757.315	50.059612	809.50134	695.97217	738.1098	41.472736	806.5948	704.944	749.67725	46.838787	809.497	709.84845	1000.0	1000.0	1000.0	1000.0	271999	147.24905	8.95368	170.03648	-73.43934	147.24957	8.95395	169.05904	-86.27056	-5.0171237	1.1603184	17.527336	-13.472424	-148.16725	2.7670772	8824.469722509384
69	606.0805	35.43791	646.66547	552.10406	736.14	52.41995	804.39197	634.94574	771.6623	42.06863	805.3502	685.986	769.5206	41.00226	802.9976	705.81464	1000.0	1000.0	1000.0	1000.0	275999	147.44958	9.027546	170.13144	-78.411934	147.44997	9.039136	168.90009	-90.28007	-5.0165215	1.171196	28.271116	-12.56702	-148.35187	2.6048012	8956.724182605743
70	634.44055	48.070145	688.482	566.88245	628.6105	76.96598	809.2138	524.8797	711.0766	49.10856	811.23254	599.8013	660.01166	54.65027	806.6794	610.5052	1000.0	1000.0	1000.0	1000.0	279999	147.69868	9.004359	170.2513	-66.706085	147.69933	9.001389	170.02953	-35.87662	-5.016958	1.1552212	21.30131	-14.106525	-148.62831	2.3358452	9089.078531980515
71	627.6019	47.984623	685.9911	578.58826	698.66846	27.521042	769.3206	672.797	707.8186	51.61837	781.07416	621.1326	663.72156	38.680145	719.4441	608.33105	1000.0	1000.0	1000.0	1000.0	283999	147.97656	8.953294	169.77086	-30.872265	147.97688	8.95915	169.63222	-53.045265	-5.0287933	1.1402537	17.35225	-13.9135275	-148.89294	2.6930733	9221.128992557526
72	679.4304	51.351734	758.0483	619.86017	777.7059	37.821686	801.89233	702.0945	760.9717	40.173748	799.354	703.09875	762.7092	43.21073	800.9793	699.4549	1000.0	1000.0	1000.0	1000.0	287999	148.19197	9.019692	170.58423	-56.402466	148.19348	9.029334	170.17278	-55.722954	-5.0227437	1.1522113	19.368378	-13.005704	-149.11453	2.8892138	9352.245212316513
73	666.1051	39.38079	709.46094	612.959	739.5553	52.64995	798.87506	649.8923	757.08905	48.748028	829.99976	688.3744	756.33636	54.829052	875.3088	700.8076	1000.0	1000.0	1000.0	1000.0	291999	148.49265	9.095498	171.49196	-50.952057	148.49236	9.095841	171.2011	-44.691803	-5.02152	1.1396941	16.938293	-12.6942215	-149.41293	2.2169504	9485.141252279282
74	685.57324	24.442568	703.4708	643.59436	689.0743	36.997925	715.0205	614.17194	672.9465	34.636646	710.0224	620.2659	687.3499	35.741795	709.5929	615.8323	1000.0	1000.0	1000.0	1000.0	295999	148.64545	9.2777	170.14124	-51.888245	148.64565	9.292325	170.90053	-84.96636	-5.024434	1.1467707	18.252007	-13.883968	-149.55818	2.179747	9620.030001401901
75	685.3024	36.474686	710.22253	622.713	705.0784	6.9772906	710.93915	685.9843	707.80066	1.6621377	711.19946	704.5911	698.2243	15.640524	710.5965	669.2493	1000.0	1000.0	1000.0	1000.0	299999	148.85268	9.443529	170.63986	-53.73465	148.85257	9.454632	171.32298	-88.65448	-5.0056887	1.1637615	16.824663	-12.339889	-149.76001	2.9292243	9751.865819215775
76	655.3798	54.319317	713.54083	578.7127	766.8964	41.243374	807.50116	711.34344	771.8104	38.451385	805.78436	715.6411	755.10156	38.892723	806.581	694.64636	1000.0	1000.0	1000.0	1000.0	303999	149.01659	9.551602	170.4691	-83.465935	149.01581	9.57411	170.54428	-105.957634	-5.0024476	1.1762383	18.128563	-14.963224	-149.92465	2.9255683	9883.093037605286
77	630.1731	55.58579	691.75195	566.2929	758.12573	50.428192	837.2485	707.2708	754.94934	57.575542	881.04065	705.80865	778.9398	56.248062	875.8415	706.5041	1000.0	1000.0	1000.0	1000.0	307999	149.14407	9.608971	170.52193	-48.74978	149.14445	9.62477	171.34802	-78.72685	-4.9999022	1.1647668	20.799917	-14.273859	-150.0517	2.6009161	10020.934218168259
78	648.4323	35.86589	690.3636	594.2815	586.5539	78.76564	694.7694	484.75964	634.0067	46.297325	703.5477	553.21674	542.0035	69.05146	696.68976	419.1798	1000.0	1000.0	1000.0	1000.0	311999	149.33629	9.475377	170.62729	-38.75676	149.33682	9.487409	170.43178	-62.29846	-5.0165334	1.1645725	20.330484	-12.389252	-150.26678	1.9814606	10153.294793605804
79	621.0365	67.48424	691.6435	526.3126	785.0071	89.91861	900.2489	665.3501	752.78357	39.87886	800.317	687.3983	843.1919	52.974735	898.5421	706.5179	1000.0	1000.0	1000.0	1000.0	315999	149.56297	9.485673	171.28069	-82.53549	149.56348	9.48871	170.56372	-78.14121	-4.999896	1.1886874	22.53693	-12.208342	-150.48427	2.1983128	10284.334869146347
80	611.37463	57.57712	697.19525	539.9911	723.5458	44.711723	793.7227	623.595	706.6984	71.73268	804.44257	615.7789	705.25684	52.501076	804.2016	617.8911	1000.0	1000.0	1000.0	1000.0	319999	149.77728	9.503431	171.94923	-54.83124	149.777	9.517627	171.68594	-78.52527	-5.035086	1.1405396	18.372242	-11.785105	-150.6825	2.496359	10416.968627929688
81	657.41437	69.58035	732.7077	544.0819	796.25793	26.736456	806.44867	716.09515	786.5094	37.654705	809.8828	709.2848	769.23315	44.391422	806.8402	709.7122	1000.0	1000.0	1000.0	1000.0	323999	149.9701	9.542376	172.0402	-47.79685	149.96968	9.561203	171.48141	-139.24326	-5.040275	1.1401831	23.851282	-14.002971	-150.8861	2.4064443	10548.512954711914
82	655.0329	27.712088	687.4279	612.6729	729.1041	23.12354	757.44037	684.4135	750.992	40.93385	802.4246	670.8822	733.4236	40.32614	801.5776	674.9904	1000.0	1000.0	1000.0	1000.0	327999	150.11543	9.621775	173.14561	-27.906008	150.11452	9.626321	171.86647	-69.54505	-5.035424	1.1346043	23.548925	-13.437155	-151.03072	2.2252305	10679.217858076096
83	613.96326	48.880005	680.13367	542.24384	640.9707	34.20931	705.824	610.4117	677.7384	36.363434	705.4062	608.78613	680.8535	31.154806	706.3297	610.1486	1000.0	1000.0	1000.0	1000.0	331999	150.36185	9.567302	172.4472	-42.646103	150.36206	9.584172	173.17516	-118.18231	-5.029149	1.1603519	18.291794	-12.385872	-151.28412	2.3650575	10810.992406606674
84	650.32007	68.95934	715.0843	534.7194	675.7405	41.74562	708.2556	600.0135	675.3644	54.9271	772.056	567.126	661.3038	59.66629	728.8733	544.28796	1000.0	1000.0	1000.0	1000.0	335999	150.50116	9.530548	172.91794	-76.38431	150.50194	9.53867	173.03967	-55.222336	-5.021268	1.1551279	21.335573	-14.1338825	-151.4173	2.385705	10942.301584720612
85	655.8664	72.868546	733.31506	538.3748	782.03455	32.63814	807.9861	712.79816	769.0059	44.02903	807.73724	691.50665	754.4115	41.295414	807.1045	707.391	1000.0	1000.0	1000.0	1000.0	339999	150.66272	9.508447	172.84529	-97.897675	150.66298	9.509661	174.32216	-117.3192	-5.030755	1.1207906	20.349747	-12.733336	-151.58316	2.3390718	11077.488301992416
86	680.0197	39.533398	742.21564	638.4664	713.1587	73.45177	802.3727	602.29376	709.0094	68.623634	801.2825	606.4051	736.1395	66.957726	805.81055	600.97	1000.0	1000.0	1000.0	1000.0	343999	150.80728	9.594984	173.3216	-28.889708	150.80647	9.617858	172.6605	-148.52621	-5.024136	1.1442497	22.941496	-15.28506	-151.72015	2.4491956	11209.583164215088
87	642.13245	40.817013	695.0163	581.6781	702.6515	1.1147774	704.2066	700.47845	685.9925	33.14648	704.4145	614.07635	697.3202	16.439209	704.6166	648.0816	1000.0	1000.0	1000.0	1000.0	347999	150.99615	9.70477	172.59885	-75.85538	150.99654	9.694676	173.31525	-25.258728	-5.016115	1.1574407	17.16661	-12.922409	-151.91884	1.9828877	11341.474345445633
88	642.4521	29.083786	684.3421	602.80194	778.5682	55.024532	883.0652	710.4543	721.62213	103.91513	895.1655	563.18463	765.8299	66.35946	840.2895	651.8191	1000.0	1000.0	1000.0	1000.0	351999	151.1683	9.7555275	173.75137	-22.474066	151.16792	9.77227	174.0986	-54.63319	-5.0152764	1.1631134	21.918966	-13.327665	-152.0795	2.5623987	11471.34918498993
89	650.8417	39.42307	718.26276	618.1904	685.09326	30.940825	707.773	614.9426	675.21326	40.898304	708.29	609.46533	661.45264	43.58322	707.41895	612.3282	1000.0	1000.0	1000.0	1000.0	355999	151.38486	9.652815	173.64365	-54.764107	151.38593	9.671127	173.51382	-86.46741	-5.029743	1.1346554	22.22872	-14.046984	-152.30981	2.120811	11601.76131939888
90	674.4031	47.009552	706.07666	593.2267	610.1905	36.844604	692.6004	552.6782	627.5067	34.643867	704.865	595.5028	635.732	35.789326	710.2929	595.5595	1000.0	1000.0	1000.0	1000.0	359999	151.56079	9.736644	174.7169	-62.227715	151.56068	9.737926	174.10233	-40.723053	-5.0259824	1.12193	24.777237	-13.741552	-152.48207	1.975773	11733.949583530426
91	656.812	21.064713	688.91864	630.27155	792.00024	22.946146	810.76544	739.1234	778.66907	37.004684	812.824	714.7733	778.4479	44.192432	811.8461	708.4962	1000.0	1000.0	1000.0	1000.0	363999	151.72446	9.816577	175.05049	-151.71729	151.72418	9.813275	173.71727	-101.25302	-5.024336	1.1342385	23.06041	-13.442483	-152.6421	2.2849069	11866.245570421219
92	663.1544	52.99109	748.8583	616.1871	631.00354	35.18055	701.1575	607.28723	664.2125	66.80751	799.4358	606.30884	679.1549	55.891308	800.34656	611.0499	1000.0	1000.0	1000.0	1000.0	367999	151.89005	9.882436	174.77206	-75.44539	151.8904	9.885281	175.26291	-70.37747	-5.009199	1.1643541	28.860691	-13.190283	-152.81746	1.8937722	11998.983605861664
93	626.22534	39.9949	678.5488	577.6694	706.4862	6.340717	709.5021	687.66486	708.0259	2.768771	713.0993	704.428	708.4216	0.9033024	709.6407	706.9483	1000.0	1000.0	1000.0	1000.0	371999	151.99796	9.999102	176.95403	-17.13437	151.99725	10.012137	177.02834	-76.9378	-5.014966	1.1574625	25.591019	-15.883674	-152.90787	2.5070474	12130.269129991531
94	701.1175	8.429029	707.5664	686.6298	707.88556	1.097252	710.23846	706.1767	707.4088	2.105826	710.41296	703.67896	733.94214	39.54896	801.3954	705.1142	1000.0	1000.0	1000.0	1000.0	375999	152.18082	10.096514	174.5875	-82.69513	152.18082	10.105564	175.32559	-54.38617	-4.993187	1.1801882	21.460306	-14.270235	-153.09746	2.6019888	12260.327229738235
95	632.4997	63.866745	710.46387	566.0606	699.2625	24.509119	708.5746	625.77893	678.0539	42.03399	706.35846	610.961	683.25507	36.86846	707.91705	614.4161	1000.0	1000.0	1000.0	1000.0	379999	152.31538	10.024995	176.62286	-37.61016	152.31516	10.025362	174.17122	-11.456694	-5.0214934	1.15017	27.194029	-14.135403	-153.24416	1.7672796	12390.886810064316
96	624.23486	50.165276	700.4145	560.2522	673.19324	61.775215	779.4787	552.56104	717.1597	103.360954	807.1296	552.3034	607.2235	68.53372	707.9497	521.34436	1000.0	1000.0	1000.0	1000.0	383999	152.48212	10.06111	175.05956	-129.5781	152.48106	10.051907	176.08292	-88.53084	-5.012076	1.1671132	27.418533	-12.750933	-153.40643	2.007327	12522.548285484314
97	679.7773	58.78352	742.0909	585.301	648.5635	33.91434	704.2237	609.98413	644.20526	44.52096	703.04315	593.3842	656.2915	40.785564	703.34033	612.04364	1000.0	1000.0	1000.0	1000.0	387999	152.67914	10.033589	175.14325	-44.516426	152.67894	10.046428	174.83852	-63.524933	-5.0195637	1.1703037	37.597878	-13.416665	-153.59991	1.8930726	12655.245985507965
98	682.58264	45.13642	726.4341	607.4026	710.67755	57.76354	800.4966	617.25757	736.3721	71.98311	804.04315	607.97327	699.2932	67.4805	804.25824	584.9375	1000.0	1000.0	1000.0	1000.0	391999	152.76372	10.072267	174.99199	-45.536377	152.76167	10.06839	174.4495	-50.458862	-5.0429525	1.1255555	24.66835	-16.366386	-153.6834	1.7924854	12788.451517820358
99	647.3814	24.017864	674.68536	613.30505	744.0262	34.92425	802.51544	690.4029	732.18024	70.8163	836.66956	616.4717	713.8463	34.56207	786.3694	659.4789	1000.0	1000.0	1000.0	1000.0	395999	152.94652	9.996725	174.67148	-69.98293	152.94632	10.001694	175.78284	-43.594994	-5.0469813	1.1153038	25.130959	-13.888078	-153.87276	1.560132	12923.567602872849
100	656.54285	57.180977	709.20465	570.5165	748.8683	123.85602	899.8602	618.67114	753.85846	84.48562	871.8642	624.7816	731.2315	102.712364	898.1896	618.57166	1000.0	1000.0	1000.0	1000.0	399999	153.09058	10.032696	175.57101	-64.30057	153.08977	10.026234	175.16212	-79.5335	-5.046313	1.1210324	20.415958	-11.896229	-154.00267	2.0008078	13056.85496354103
101	731.1089	16.573534	757.9071	717.11224	706.79626	5.725584	709.43195	689.7054	708.6414	1.2052115	710.8197	706.15265	708.3639	0.80301553	710.09625	707.42914	1000.0	1000.0	1000.0	1000.0	403999	153.11668	10.186426	175.52408	-64.1129	153.11671	10.196535	174.91449	-79.05873	-5.019296	1.1318107	20.840778	-12.524763	-154.03372	2.240521	13186.99821639061
102	716.9437	21.186268	735.72845	681.03906	862.3753	54.575756	898.7903	755.5273	860.7077	45.38405	898.8195	800.9374	896.36444	4.6595573	899.1321	882.5427	1000.0	1000.0	1000.0	1000.0	407999	153.22733	10.214663	175.24472	-50.907703	153.22652	10.218993	174.9512	-78.41151	-5.0171304	1.135106	26.927813	-11.7383795	-154.1514	1.6448267	13316.44857954979
103	642.1962	68.73754	719.8422	565.342	731.32697	69.9915	825.8561	608.785	743.0084	68.116035	840.52295	620.3443	736.9262	46.716305	801.64154	669.45966	1000.0	1000.0	1000.0	1000.0	411999	153.47278	10.122321	175.10794	-12.470964	153.47269	10.131837	176.0991	-38.684456	-5.026401	1.129488	24.682522	-13.383787	-154.40361	1.8090373	13448.497483491898
104	692.17255	21.60127	718.9991	660.4066	705.98895	1.0857097	707.7557	704.3468	712.64026	16.319197	757.3633	703.80865	705.2951	1.102783	706.7503	703.4461	1000.0	1000.0	1000.0	1000.0	415999	153.6931	10.087964	176.90443	-69.629425	153.69295	10.077089	176.44388	-65.7843	-5.02441	1.1445607	25.628323	-14.28798	-154.61632	1.6400762	13580.982095003128
105	681.83044	61.346546	733.77985	582.1423	828.8001	36.45939	898.0677	800.8789	818.9435	45.215485	898.05884	734.5595	846.2782	44.279648	900.04126	800.5479	1000.0	1000.0	1000.0	1000.0	419999	153.85748	10.115448	178.8133	-67.03375	153.85783	10.131621	178.176	-112.89518	-5.026246	1.1494434	24.528067	-13.168209	-154.78683	1.8766315	13713.360504627228
106	687.3943	75.491615	739.5653	556.9659	731.0036	35.82649	802.99426	709.9044	765.78217	62.11277	896.43823	697.191	746.988	40.038235	804.23785	712.56506	1000.0	1000.0	1000.0	1000.0	423999	153.979	10.136354	176.15659	-63.07948	153.97855	10.149353	178.14717	-98.583694	-5.0216255	1.1583695	27.313923	-12.993847	-154.89752	2.1963143	13845.064360380173
107	710.3331	11.799483	722.78217	691.0885	706.65466	92.91801	899.8828	604.24976	729.55695	86.82943	900.9957	615.7008	693.5976	62.657948	809.163	617.1455	1000.0	1000.0	1000.0	1000.0	427999	154.09753	10.047957	180.32257	-61.298077	154.09737	10.053315	180.997	-69.05026	-5.0231743	1.1518908	27.242624	-12.415256	-155.02788	1.7580825	13976.761471509933
108	652.3888	49.70489	720.16345	586.34937	734.89764	56.32093	898.13074	692.6972	749.27716	62.102654	895.62115	694.0479	714.17816	7.880705	736.4925	706.19147	1000.0	1000.0	1000.0	1000.0	431999	154.24329	10.010452	179.13898	-17.33326	154.24287	10.012568	180.28317	-69.122765	-5.02751	1.1418421	22.830854	-12.273089	-155.1672	1.6156968	14106.165098667145
109	706.8056	20.647974	727.9467	682.16235	684.6466	33.182102	713.65216	627.92206	721.60315	42.650963	803.69104	666.5923	702.2779	42.251045	800.76196	622.45056	1000.0	1000.0	1000.0	1000.0	435999	154.34561	10.087002	177.44994	-32.91894	154.34364	10.091984	177.74579	-66.24307	-4.9922276	1.2035459	25.716574	-16.406227	-155.26073	1.7600625	14237.452904701233
110	723.7125	7.0841846	731.9981	716.0161	743.7495	41.052433	801.1648	685.29333	755.5717	44.388615	799.35657	681.9811	737.36804	37.856087	799.7861	703.17206	1000.0	1000.0	1000.0	1000.0	439999	154.51326	10.13659	177.11127	-44.67657	154.51305	10.133164	178.37335	-65.853195	-4.995804	1.200978	19.029814	-12.518608	-155.4346	1.9621363	14370.435459852219
111	688.8551	60.574505	735.3606	584.80255	858.08466	54.229156	901.04266	754.48566	864.50507	50.937794	902.0851	754.81366	856.7285	44.29222	900.7837	804.37885	1000.0	1000.0	1000.0	1000.0	443999	154.61012	10.069552	177.78226	-27.42725	154.60806	10.064677	178.87482	-82.01408	-5.015748	1.1892256	25.249893	-13.172962	-155.531	1.9031863	14502.424523353577
112	700.65796	50.316746	738.1613	614.93854	722.1407	17.374407	754.94086	707.4869	722.3165	29.052748	802.2652	705.0076	728.29425	18.602722	760.3811	708.39264	1000.0	1000.0	1000.0	1000.0	447999	154.66093	10.004316	176.90247	-82.25454	154.6607	10.00928	177.60274	-91.6484	-5.0208335	1.1672689	27.613592	-12.83448	-155.58266	1.8924062	14634.991004943848
113	674.80975	36.6623	709.1281	621.28973	825.8242	49.28498	897.9211	750.5046	822.3082	69.002266	899.42194	706.1421	793.6335	50.931793	896.9696	707.8408	1000.0	1000.0	1000.0	1000.0	451999	154.73944	10.03107	177.6837	-65.96875	154.73701	10.030324	178.0744	-80.02605	-5.0293155	1.1759188	25.332712	-14.296747	-155.65144	2.057975	14766.623308897018
114	660.07416	57.428055	714.6853	579.7455	673.3209	27.867922	710.00275	620.168	661.2933	76.199936	804.74414	518.5624	674.4756	37.98019	710.57947	612.6708	1000.0	1000.0	1000.0	1000.0	455999	154.80981	9.959096	176.34575	-59.09531	154.80936	9.9550495	176.56989	-67.09543	-5.022356	1.1700457	16.398415	-12.21423	-155.73285	1.6683174	14898.718727350235
115	705.98663	31.77557	744.6885	665.98206	705.5785	39.04254	780.38464	608.0002	701.566	64.48055	806.19324	607.1476	710.6481	19.612295	764.07684	681.52344	1000.0	1000.0	1000.0	1000.0	459999	154.95232	9.965824	177.78938	-37.167538	154.95175	9.965103	177.41783	-20.348372	-5.0425997	1.1320022	27.434181	-12.7492485	-155.87778	1.8720258	15028.962975263596
116	670.6618	42.65337	703.10486	598.7967	793.4118	21.532797	801.0836	728.8233	776.60236	32.26669	802.6217	706.1858	800.7658	0.36155075	801.42316	800.21014	1000.0	1000.0	1000.0	1000.0	463999	155.06308	9.964338	181.39369	-40.540592	155.06158	9.957527	180.40854	-10.778939	-5.026563	1.1653793	20.68914	-12.014427	-155.98637	1.886147	15159.321611881256
117	716.17163	11.449834	730.39594	699.91003	720.51337	75.47265	804.0573	609.23615	737.7892	59.796017	895.2771	703.5285	706.68036	44.02775	804.94867	608.1086	1000.0	1000.0	1000.0	1000.0	467999	155.15123	10.023201	191.384	-8.322423	155.14896	10.034725	188.95746	-82.1522	-5.035336	1.1431444	24.798437	-13.670645	-156.0642	1.7785789	15290.548277378082
118	706.31116	33.05585	739.82996	651.6987	739.425	62.392036	796.15314	617.7575	789.8719	90.45891	900.4795	611.3411	778.3881	80.8566	901.02435	622.6925	1000.0	1000.0	1000.0	1000.0	471999	155.25246	10.165973	200.56834	-88.077545	155.2533	10.170552	199.50713	-107.61082	-5.044834	1.134481	36.893036	-14.68655	-156.16843	1.7877421	15421.470776796341
119	698.05316	49.364326	734.54095	613.0378	855.3743	39.166653	897.8096	803.9537	838.75916	42.4668	897.846	758.44037	857.2567	39.043587	897.3001	801.3172	1000.0	1000.0	1000.0	1000.0	475999	155.3102	10.168603	199.4875	-33.38803	155.30879	10.175313	198.33226	-76.78298	-5.0390153	1.1328	25.185379	-15.783785	-156.2288	1.6509067	15554.941648483276
120	701.6551	51.49492	736.90186	612.6809	734.6009	66.96537	809.16345	618.9841	747.504	68.93137	805.6601	618.86206	739.4096	54.775585	805.7513	620.28937	1000.0	1000.0	1000.0	1000.0	479999	155.3847	10.211334	196.87831	-73.42447	155.38445	10.206102	195.23264	-49.214886	-5.0479364	1.1064271	17.29257	-12.411649	-156.30017	1.552343	15687.162744283676
121	709.31903	33.25672	740.4225	653.8065	787.61536	33.14104	807.042	696.12	793.72424	18.695799	807.75256	750.9961	764.86926	50.527306	807.2688	691.63635	1000.0	1000.0	1000.0	1000.0	483999	155.44243	10.3535	195.74873	-43.383537	155.441	10.370852	194.88138	-118.38792	-5.0384064	1.1256531	25.897	-12.763766	-156.36375	1.4583728	15818.45268034935
122	657.364	38.752666	722.717	623.33777	713.814	32.233154	802.9673	666.717	739.1477	36.648632	802.6913	706.2196	713.84015	12.71028	750.8561	708.11847	1000.0	1000.0	1000.0	1000.0	487999	155.4893	10.348809	198.411	-64.88002	155.48798	10.352407	198.00526	-99.18156	-5.0603437	1.1082821	20.397982	-13.545433	-156.40103	1.6390569	15948.025929927826
123	730.0991	15.20393	749.8947	707.1342	726.8993	28.20724	800.22736	709.73944	769.8771	74.205696	901.40485	708.0762	729.4097	38.078762	805.5213	706.70667	1000.0	1000.0	1000.0	1000.0	491999	155.46346	10.499484	202.98952	-55.89842	155.46393	10.51178	201.90628	-77.026085	-5.043516	1.0977005	19.900053	-12.610839	-156.38177	1.5863205	16078.583465337753
124	688.25287	40.063686	724.159	624.12366	722.2791	54.56094	803.10516	608.731	728.7174	35.511166	802.10675	703.3528	704.93774	6.2187343	710.6747	687.51776	1000.0	1000.0	1000.0	1000.0	495999	155.49808	10.59114	201.16895	-63.42397	155.49748	10.591457	201.26425	-90.96152	-5.044743	1.1146536	25.683146	-13.698441	-156.41423	1.6401197	16210.498611450195
125	726.3879	18.053566	750.1361	699.803	775.0528	45.08771	805.4665	700.28687	769.7857	50.645554	843.65674	708.058	748.33575	60.061237	806.39514	622.1669	1000.0	1000.0	1000.0	1000.0	499999	155.511	10.6950445	207.35748	-43.373497	155.51003	10.696465	210.2353	-19.647972	-5.0391164	1.0878813	21.789246	-13.006765	-156.42366	1.5626565	16342.609432935715
126	712.67175	24.79153	735.0346	672.1995	729.9901	35.126003	800.3978	704.6333	753.3385	47.42047	822.7217	706.16547	716.07153	22.01	781.0627	705.30743	1000.0	1000.0	1000.0	1000.0	503999	155.59146	10.785881	207.46455	-47.563553	155.59065	10.790533	209.20045	-118.62407	-5.0440936	1.0910004	21.647503	-12.690591	-156.51129	1.4238086	16474.29641008377
127	682.7046	54.1724	744.503	596.18274	786.85095	23.972628	805.41296	740.9413	772.36414	48.714355	806.71747	669.5523	801.1094	32.77146	887.7749	755.43176	1000.0	1000.0	1000.0	1000.0	507999	155.73753	10.802339	215.80136	-59.93287	155.73549	10.78975	217.62329	-19.069002	-5.056033	1.0831425	20.93433	-12.525389	-156.65791	1.514425	16604.076403856277
128	679.41223	60.1856	742.031	599.25574	758.0199	38.031616	802.5811	704.02594	784.8122	36.68223	806.4485	711.39105	790.2634	22.038868	805.27454	744.96906	1000.0	1000.0	1000.0	1000.0	511999	155.8057	10.921957	216.44496	-42.310036	155.80605	10.918624	216.15253	-72.87995	-5.05164	1.084656	18.932468	-12.463669	-156.7226	1.5478697	16734.140725135803
129	737.73773	8.88222	746.9266	723.9377	729.5421	36.64985	795.67523	686.09283	702.2497	18.770456	712.0356	646.3519	731.418	31.58452	797.168	706.7613	1000.0	1000.0	1000.0	1000.0	515999	155.92784	10.867135	218.72742	-81.50391	155.9273	10.860063	218.72542	-23.162014	-5.057995	1.0831032	16.543407	-12.291349	-156.84258	1.7455066	16863.828125
130	738.06177	8.072699	748.05286	726.2356	706.5627	0.83180517	707.5772	704.8389	675.2023	42.224766	707.1157	608.99744	698.2032	18.980051	707.0806	644.54736	1000.0	1000.0	1000.0	1000.0	519999	155.9415	10.901743	215.08997	-59.74909	155.94249	10.899763	217.31421	-91.82136	-5.059957	1.0796049	22.974232	-11.953421	-156.86536	1.5683509	16995.68356847763
131	699.6878	15.906631	720.98676	683.3549	814.0909	28.307194	898.9585	803.1201	819.66473	29.166882	898.6003	803.0415	834.38916	47.68045	910.6965	799.0383	1000.0	1000.0	1000.0	1000.0	523999	156.0257	10.848568	218.1696	-87.47688	156.0257	10.842654	221.05418	-21.786093	-5.0497675	1.0981921	25.421944	-13.678789	-156.94928	1.502002	17132.921474456787
132	695.9796	52.98344	748.82574	607.65704	747.50195	74.09136	900.0118	613.508	721.24677	77.08418	899.58215	624.31537	792.87115	61.13051	901.01996	710.3733	1000.0	1000.0	1000.0	1000.0	527999	156.13388	10.921144	233.76462	-49.265648	156.1331	10.915315	229.71114	-98.88074	-5.0370126	1.1370325	21.81953	-12.510511	-157.05624	1.5679588	17265.68747162819
133	735.1764	15.451459	760.9283	719.7399	720.6429	23.217821	762.671	703.5598	744.3888	50.429874	802.5462	681.8905	724.76013	30.01832	801.12476	704.8648	1000.0	1000.0	1000.0	1000.0	531999	156.2508	10.90879	235.64795	-35.19503	156.24928	10.906605	237.52536	-38.860924	-5.0578237	1.0790176	21.483555	-14.294563	-157.17068	1.3902141	17397.00191807747
134	700.1932	32.44269	737.817	662.05676	818.61304	50.364124	902.4528	733.7003	826.8706	65.24298	901.7152	714.5343	802.9308	50.83943	886.6269	714.29877	1000.0	1000.0	1000.0	1000.0	535999	156.37862	10.925182	243.0239	-32.621605	156.37665	10.925756	249.91652	-98.36581	-5.047722	1.087314	21.431694	-13.462227	-157.29697	1.4394921	17527.47514772415
135	728.1328	15.819854	744.6597	704.76843	904.2637	54.218872	995.7112	804.1854	869.7645	40.98254	915.3965	806.54266	921.4225	56.499542	994.33875	804.59	1000.0	1000.0	1000.0	1000.0	539999	156.53905	10.97117	245.95854	-41.770958	156.53827	10.965831	245.70424	-12.781003	-5.052619	1.0901642	23.827595	-15.386381	-157.46124	1.4069852	17656.91170144081
136	657.57605	74.35742	724.5438	539.5849	888.0334	28.590485	901.24207	805.8996	882.73615	53.17344	901.8794	723.249	901.20294	1.9257084	906.4713	899.0045	1000.0	1000.0	1000.0	1000.0	543999	156.72379	11.044153	247.36914	-22.172628	156.72328	11.052755	247.77034	-147.17888	-5.0481296	1.0805708	34.951843	-12.180286	-157.6521	1.2944468	17788.410852909088
137	747.10516	17.372393	775.8415	732.06476	615.0085	4.0525384	626.2394	611.7839	651.5287	60.222385	789.95166	605.6041	625.80743	29.460054	713.5676	610.7064	1000.0	1000.0	1000.0	1000.0	547999	156.85782	11.074025	250.58858	-45.529556	156.85725	11.074436	251.2874	-91.209076	-5.0544004	1.084874	28.779686	-12.79768	-157.77318	1.5176389	17921.712291955948
138	678.8723	47.432327	735.28174	606.08105	767.76056	61.29699	898.1839	707.12225	776.66174	63.89456	890.59973	685.79803	801.67645	58.015446	892.47723	707.3555	1000.0	1000.0	1000.0	1000.0	551999	156.92136	11.23868	255.15901	-87.50079	156.92075	11.229965	254.19695	-72.85504	-5.04191	1.1273375	20.900995	-12.129434	-157.8413	1.7634107	18055.558245420456
139	699.2452	27.856785	724.0609	651.9622	839.7417	58.402622	904.24023	723.61145	812.6091	67.35255	902.94855	717.5057	864.4015	39.783676	903.4282	811.13336	1000.0	1000.0	1000.0	1000.0	555999	157.07751	11.299734	258.19336	-39.615482	157.07687	11.301752	259.3167	-80.157814	-5.0579495	1.097155	27.173183	-12.403988	-158.00761	1.0912105	18186.351948976517
140	712.90643	24.95538	748.9498	678.403	821.9254	38.35828	899.72687	800.0547	869.012	40.15027	904.66003	804.82007	846.6691	41.380684	899.38184	801.5312	1000.0	1000.0	1000.0	1000.0	559999	157.18558	11.27101	266.8591	-37.94112	157.1851	11.268171	268.17307	-70.9234	-5.0613437	1.094034	23.045841	-12.398616	-158.11516	1.1009556	18316.233027219772
141	688.73914	14.768497	704.8487	664.67163	780.35175	52.448772	878.09753	706.3138	822.0241	54.653717	899.056	731.3647	792.895	18.386879	818.3157	757.4768	1000.0	1000.0	1000.0	1000.0	563999	157.24164	11.252071	269.16672	-20.42173	157.24127	11.245669	271.25775	-10.570524	-5.056965	1.0810382	29.51407	-12.279318	-158.16815	1.2075418	18446.996369600296
142	701.3297	40.12275	746.1038	637.4244	774.393	43.706654	828.3527	708.17474	759.22546	43.105015	808.31006	706.06226	730.24316	43.253685	823.82324	704.953	1000.0	1000.0	1000.0	1000.0	567999	157.37444	11.254368	254.41647	-78.61711	157.37294	11.252785	254.33054	-116.68646	-5.049438	1.091466	22.537659	-11.771988	-158.30077	1.4300737	18577.66634774208
143	732.2868	28.199799	755.9378	685.5632	904.95374	3.9852223	909.77014	894.50696	902.04376	39.429184	998.726	844.0853	901.33936	10.555801	910.28046	873.45264	1000.0	1000.0	1000.0	1000.0	571999	157.48415	11.327972	259.8328	-100.031265	157.48409	11.32901	260.73175	-52.4173	-5.0529213	1.0856154	21.727541	-13.632132	-158.40755	1.4396274	18709.93251848221
144	725.8143	20.27642	738.97736	690.74744	771.01636	33.07755	828.5151	713.9114	800.86346	52.454247	902.3007	705.261	821.06433	63.85636	926.56177	722.11426	1000.0	1000.0	1000.0	1000.0	575999	157.58759	11.317562	261.60938	-40.728394	157.58662	11.30233	264.55084	-45.31654	-5.0429974	1.096533	23.121922	-12.585218	-158.51347	1.4343667	18843.09130215645
145	693.92523	51.58526	743.0672	615.1763	900.05505	56.21766	989.4567	758.934	872.53546	58.211426	968.4148	786.14044	887.0493	38.750687	937.95703	797.18475	1000.0	1000.0	1000.0	1000.0	579999	157.67029	11.241374	272.93338	-49.06092	157.6693	11.245377	271.66602	-125.02818	-5.0519776	1.1136899	27.236282	-15.25845	-158.59279	1.538924	18975.86868596077
146	693.69385	32.31776	747.17377	667.61926	801.6147	7.226277	805.5599	780.2066	811.6913	40.318695	902.1172	735.23596	810.59045	31.555164	898.8901	767.8361	1000.0	1000.0	1000.0	1000.0	583999	157.75148	11.496024	286.5502	-40.787426	157.75142	11.491069	291.67313	-66.04208	-5.058862	1.0893301	27.628895	-13.835378	-158.67468	1.3225529	19107.512561798096
147	689.1563	48.328815	736.582	624.837	868.3289	38.265137	897.6808	786.60767	843.64044	62.48233	953.3199	784.5405	856.75745	74.57493	994.18427	781.05664	1000.0	1000.0	1000.0	1000.0	587999	157.80238	11.597771	309.26013	-71.94943	157.80257	11.594077	311.4221	-57.405624	-5.0550175	1.0706154	21.584673	-13.507996	-158.73288	1.2999116	19239.003962993622
148	719.6452	22.715385	748.6786	689.074	806.5873	3.010877	814.8171	803.67725	792.08954	29.188744	815.73334	714.35876	806.1881	1.6968112	808.5884	803.4032	1000.0	1000.0	1000.0	1000.0	591999	157.77922	11.612668	308.6125	-62.4144	157.77997	11.610266	307.34744	-80.43446	-5.058904	1.0813714	22.761196	-13.808853	-158.70428	1.7245141	19374.45835852623
149	703.14294	46.4313	751.8893	632.4589	965.09436	41.98591	996.7909	901.2369	944.0505	37.451515	997.09247	895.3281	937.80945	38.30659	995.03235	897.2673	1000.0	1000.0	1000.0	1000.0	595999	157.73117	11.534837	287.86124	-61.302296	157.73105	11.532601	290.75906	-105.65015	-5.0471005	1.0930781	24.528397	-12.740196	-158.65274	1.4949667	19506.156299114227
150	712.08734	19.30943	740.7575	686.294	869.0482	77.11884	990.4406	804.5793	861.6998	74.98584	996.6943	806.6231	824.33105	33.45976	919.08875	798.1912	1000.0	1000.0	1000.0	1000.0	599999	157.73323	11.531605	284.8191	-36.93882	157.73347	11.534277	286.71097	-67.49409	-5.0598073	1.0825098	27.913586	-14.6957855	-158.65895	1.1685559	19639.913218021393
151	697.1202	73.33515	753.6995	571.0555	860.88837	45.16527	898.00024	792.328	825.7809	77.28432	898.2873	625.51215	861.728	44.24264	898.2802	799.12415	1000.0	1000.0	1000.0	1000.0	603999	157.75587	11.3640585	281.095	-54.94672	157.75493	11.367158	281.3909	-91.44251	-5.050136	1.0814697	25.134466	-12.266348	-158.6804	1.3902851	19772.243863105774
152	736.11255	18.148943	754.3523	708.4851	879.74646	70.90957	993.89575	711.08887	908.8534	53.378887	994.9118	807.1506	915.4004	56.88914	994.66907	804.85376	1000.0	1000.0	1000.0	1000.0	607999	157.93819	11.177759	276.02716	-55.959637	157.9387	11.173997	271.68982	-70.80191	-5.0655284	1.0441728	16.223461	-13.267868	-158.8711	0.9291905	19902.142691373825
153	714.8724	57.96	791.5028	645.8698	839.422	74.56124	900.55	702.9359	801.87524	70.904465	900.27734	714.88416	835.6553	55.51877	901.3365	753.6969	1000.0	1000.0	1000.0	1000.0	611999	158.0635	11.11305	254.54216	-31.85724	158.06297	11.107479	256.87015	-74.49753	-5.0766516	1.0349214	22.168957	-13.0300865	-158.99654	1.0548618	20032.78220629692
154	734.3699	13.014147	748.6423	721.27606	794.83594	27.460224	807.11505	715.17944	791.4121	28.83192	808.0729	711.8737	783.84515	56.86088	902.3215	711.3291	1000.0	1000.0	1000.0	1000.0	615999	158.18561	11.124105	250.91026	-45.06298	158.1849	11.1262045	250.02219	-128.41048	-5.056805	1.0642576	21.95989	-12.503107	-159.1128	1.3501091	20162.78603363037
155	702.2811	34.24613	742.8877	648.6702	714.2693	9.0609045	740.62885	708.5321	739.49225	42.541492	809.214	709.4651	711.87494	6.9684076	732.5252	707.5662	1000.0	1000.0	1000.0	1000.0	619999	158.20747	11.148215	252.6389	-38.083397	158.2073	11.14788	250.54062	-79.26583	-5.071803	1.0380125	20.778595	-12.402188	-159.14009	1.0356494	20295.30687236786
156	755.66486	40.68195	814.4723	707.6638	794.80554	13.25044	803.3504	757.1864	795.1971	23.440935	808.78925	725.24457	786.4902	31.100431	804.4081	712.05975	1000.0	1000.0	1000.0	1000.0	623999	158.38165	11.119741	244.49785	-63.83942	158.3814	11.118387	246.86145	-121.73763	-5.060761	1.0528941	22.49355	-14.2531185	-159.31294	1.4730415	20429.565824508667
157	725.86694	10.884307	743.2964	714.8775	892.6112	28.01645	903.6918	808.6119	884.53046	54.335293	994.06665	803.63385	901.6087	1.0281224	903.73926	900.43506	1000.0	1000.0	1000.0	1000.0	627999	158.4799	11.033527	230.0997	-46.68055	158.4787	11.022187	232.88895	-30.653242	-5.0651116	1.0503857	29.894676	-12.05456	-159.40709	1.1214346	20563.04775118828
158	730.5148	43.385685	773.3533	660.26746	747.6217	39.3147	803.65485	712.3845	740.10254	42.04378	806.66077	709.81165	739.2655	37.2258	805.1883	710.1877	1000.0	1000.0	1000.0	1000.0	631999	158.53673	10.9997835	225.75255	-65.10867	158.53654	11.000268	223.20897	-121.414955	-5.057363	1.0683271	29.658731	-12.673415	-159.46225	1.3370345	20695.819236278534
159	741.74475	37.70471	766.95447	676.77814	861.9779	58.021374	977.95105	804.79315	850.03955	60.267017	911.22504	720.95874	815.4407	58.933872	919.83514	709.7746	1000.0	1000.0	1000.0	1000.0	635999	158.7304	10.932961	216.60669	-29.77817	158.73051	10.933801	216.7953	-30.345903	-5.0580845	1.0682682	23.706028	-15.270462	-159.67007	0.99712473	20826.643825531006
160	690.272	54.366802	753.3003	628.5771	721.12976	37.333107	806.7071	661.5097	705.3956	44.565617	776.7464	619.61066	734.27515	46.692955	805.8717	652.37854	1000.0	1000.0	1000.0	1000.0	639999	158.85413	10.844752	214.4027	-48.37974	158.85411	10.836236	217.14156	-18.74537	-5.0802345	1.0452751	18.200348	-13.401101	-159.79402	1.1640134	20958.537011384964
161	753.02966	13.763604	771.4846	736.6709	852.9513	42.0006	902.45215	794.99817	825.3705	43.494347	899.9888	757.02435	832.86	52.623375	898.34546	741.4237	1000.0	1000.0	1000.0	1000.0	643999	158.92104	10.8208885	205.93063	-70.20614	158.9206	10.809326	203.73816	-51.040733	-5.0847244	1.0388467	23.005373	-13.281797	-159.85907	1.1527622	21087.562830209732
162	719.09985	29.88249	752.4681	680.44794	642.6483	32.336666	725.98364	622.15497	698.91223	78.4746	906.498	628.7517	747.5202	78.53023	906.94525	628.7952	1000.0	1000.0	1000.0	1000.0	647999	159.00844	10.799937	210.35046	-82.93992	159.00829	10.785091	209.06827	1.3500491	-5.074007	1.0608317	19.44236	-12.580812	-159.94753	1.1636782	21221.379775047302
163	733.6061	9.56239	749.4417	725.4288	898.88837	8.813963	903.0078	872.4999	869.3836	57.886898	902.4881	719.7209	900.92737	0.8341286	902.0044	899.184	1000.0	1000.0	1000.0	1000.0	651999	159.15945	10.780838	220.9483	-73.97807	159.15881	10.770651	215.50284	-26.848358	-5.08068	1.0453172	28.698723	-13.714871	-160.0992	1.0232123	21354.21774339676
164	699.06537	44.26474	755.55164	646.45435	739.5564	29.114086	797.91064	716.93384	774.25946	34.01599	822.4221	718.00494	763.5341	39.695126	807.6447	716.9653	1000.0	1000.0	1000.0	1000.0	655999	159.26637	10.85081	227.37402	-13.445187	159.26498	10.843852	228.26128	-69.633575	-5.079123	1.0334738	21.78942	-13.305773	-160.19572	1.2904521	21486.583824634552
165	727.9736	32.84014	758.43427	674.50507	839.45984	42.617714	902.4899	782.3396	829.2049	39.360744	903.5891	793.5214	833.3016	33.607502	898.433	807.4697	1000.0	1000.0	1000.0	1000.0	659999	159.2249	11.047365	228.84256	-45.182446	159.2243	11.040647	227.6004	-39.226376	-5.0711026	1.0525222	27.463623	-11.795021	-160.15698	0.93090194	21618.192939043045
166	722.31506	34.38431	752.0576	663.79144	700.60126	33.013992	728.44965	627.54834	738.85846	46.685284	806.9098	635.69434	711.9835	54.640697	797.2975	622.3309	1000.0	1000.0	1000.0	1000.0	663999	159.24005	11.039306	218.43721	-36.939552	159.23997	11.045746	220.92468	-66.8032	-5.0656543	1.0510789	24.123295	-12.979082	-160.16783	1.1704277	21750.43799304962
167	761.04443	10.521141	773.64014	745.10425	770.99274	83.96068	901.134	661.2498	802.4139	103.09605	902.9294	619.50085	793.85504	88.46264	898.3569	624.39795	1000.0	1000.0	1000.0	1000.0	667999	159.31146	11.004742	207.51704	-39.329998	159.31087	10.993025	203.6213	-72.82373	-5.078047	1.0301347	25.020977	-13.444639	-160.24702	0.880272	21881.19392490387
168	755.11755	28.26278	802.33624	728.1863	803.7608	0.3606641	804.5361	803.20105	805.6087	28.631052	839.4454	751.557	800.3229	9.691873	805.83875	771.3894	1000.0	1000.0	1000.0	1000.0	671999	159.3735	11.033293	207.79147	-50.50582	159.37228	11.030695	207.25952	-83.35767	-5.0743537	1.0324112	23.967491	-13.209135	-160.30661	1.110202	22013.20480489731
169	695.12585	34.365883	738.01294	660.75653	729.649	48.301746	804.3052	619.46515	732.27655	32.94372	804.9473	682.5668	741.37573	35.532883	802.75555	713.91095	1000.0	1000.0	1000.0	1000.0	675999	159.44829	11.03553	200.4737	-43.311584	159.44826	11.03092	201.97867	-3.6630487	-5.073666	1.0302477	22.649858	-12.242636	-160.38104	1.2412913	22146.327828407288
170	733.65234	4.9400573	738.9281	728.34467	705.0441	13.844774	714.8981	672.119	705.6226	32.70889	775.7639	646.8222	704.613	27.110611	715.9034	623.4524	1000.0	1000.0	1000.0	1000.0	679999	159.4933	11.085958	204.23926	-50.80626	159.49387	11.087836	203.45834	-84.26365	-5.0795717	1.0229629	31.612888	-12.928122	-160.42876	1.1130166	22283.3082780838
171	693.5835	69.4345	778.41986	599.95874	817.78796	57.990784	901.63055	733.60736	806.8947	82.11414	997.78925	699.8032	811.798	30.01598	899.6761	787.95355	1000.0	1000.0	1000.0	1000.0	683999	159.61026	11.1146755	217.04561	-62.827717	159.61012	11.104173	215.27377	-50.443604	-5.0677466	1.0383011	17.349325	-13.924525	-160.55803	0.97143114	22415.268696784973
172	722.46277	29.184954	753.8795	683.05505	816.3009	62.888897	905.2497	707.57416	789.58203	39.368847	820.5346	677.17883	816.244	31.560793	900.60785	773.3205	1000.0	1000.0	1000.0	1000.0	687999	159.70795	11.068873	217.98483	-56.201256	159.70782	11.065818	216.03107	-42.58179	-5.0848813	1.0124642	27.03814	-12.168772	-160.64662	1.0689211	22545.212018966675
173	711.9175	56.035362	771.71515	629.7382	781.4768	32.898693	813.9656	717.5998	802.4359	27.211584	838.5865	731.1138	807.4799	20.415995	817.0299	746.3423	1000.0	1000.0	1000.0	1000.0	691999	159.73282	11.115328	222.29532	-73.948395	159.73322	11.110768	217.80058	-90.934425	-5.0741014	1.0250497	21.234362	-13.013472	-160.67244	1.1508547	22674.918996572495
174	745.88715	47.25474	791.1214	666.5147	822.12726	60.143616	907.2283	726.94965	848.0283	73.41353	993.1356	758.7009	860.42255	60.28487	956.2544	775.11194	1000.0	1000.0	1000.0	1000.0	695999	159.78297	11.078813	208.96066	-63.11839	159.7832	11.069977	208.40993	-0.19330275	-5.079791	1.010319	19.730589	-12.669985	-160.7271	0.6724651	22829.84636902809
175	756.8214	17.080933	782.6067	735.48975	878.04803	40.54117	906.43225	815.40045	886.5936	35.162766	907.92316	810.084	848.7272	47.373653	906.1234	771.73773	1000.0	1000.0	1000.0	1000.0	699999	159.83537	11.095828	200.81697	-75.893906	159.83546	11.08576	199.73497	-53.077312	-5.0821624	1.0057786	15.488178	-11.899683	-160.76935	1.3043981	22966.304444789886
176	776.62256	23.813663	807.7456	750.15533	834.5236	33.602486	901.9929	808.23236	839.3459	57.483723	902.2086	711.3874	860.5833	41.658943	944.6768	808.3374	1000.0	1000.0	1000.0	1000.0	703999	159.90607	11.100923	193.95984	-38.073837	159.90627	11.089538	194.44402	-18.339258	-5.0821495	1.004943	24.411762	-12.225386	-160.84431	1.2221719	23100.21037173271
177	777.3074	26.71341	814.29663	748.02545	845.28906	50.19822	902.5725	757.03357	873.3781	34.201103	915.7412	812.7428	855.06494	42.485794	910.5472	808.1795	1000.0	1000.0	1000.0	1000.0	707999	159.99728	10.994638	191.93224	-32.960606	159.99727	10.996163	192.12256	-49.022697	-5.0765796	1.009934	21.590593	-12.692146	-160.93892	0.7953919	23233.98068332672
178	739.8482	8.710137	754.0666	730.70264	800.33966	74.88155	901.7396	659.65967	807.2115	42.53982	873.8558	694.48376	832.52844	45.65663	902.1577	775.34875	1000.0	1000.0	1000.0	1000.0	711999	160.06973	11.043161	196.7352	-49.425385	160.06984	11.034635	193.60071	-35.343086	-5.085267	1.00111	24.86484	-12.56867	-161.00856	1.0313258	23365.205365419388
179	740.7858	43.63055	815.16125	708.55774	718.5977	21.199333	782.0667	708.80804	719.92316	28.769234	806.1308	707.98065	710.4444	1.6388812	713.16864	708.2024	1000.0	1000.0	1000.0	1000.0	715999	160.14908	11.021851	188.17844	-27.749596	160.14958	11.016495	188.26279	-72.28988	-5.0850964	0.99991393	15.310666	-11.793663	-161.0869	1.031422	23511.60851597786
180	719.6208	45.65785	779.4156	651.0138	687.4916	39.463974	717.32635	617.9046	676.68463	59.785366	805.7788	617.0724	696.5976	33.002247	728.9666	616.0483	1000.0	1000.0	1000.0	1000.0	719999	160.2524	11.056824	186.35944	-76.953766	160.25299	11.042701	188.0436	-34.96417	-5.078622	1.0125647	14.831004	-12.201887	-161.1795	1.324429	23643.095496416092
181	722.4558	47.56677	757.06165	641.69055	710.1188	1.9103307	712.7427	707.1585	731.2655	34.205727	806.8978	707.67676	714.53766	13.169365	753.70123	707.9449	1000.0	1000.0	1000.0	1000.0	723999	160.29329	11.033383	182.14839	-50.994972	160.29355	11.035568	185.65208	-87.318954	-5.075166	1.0167265	19.638739	-14.090857	-161.23518	1.0207771	23777.854397535324
182	730.533	39.056595	775.9496	678.0176	713.5052	3.9608676	724.9132	710.07556	711.8583	1.5340328	714.15125	709.1255	713.28284	1.1252877	714.05475	710.101	1000.0	1000.0	1000.0	1000.0	727999	160.31645	10.941048	185.64272	-62.997555	160.31737	10.944896	182.59341	-82.87793	-5.0859947	1.0032716	18.218315	-13.794029	-161.2603	0.7711955	23911.028213500977
183	744.33075	3.884741	749.8514	739.2782	770.562	60.172222	896.9908	719.3044	842.0841	59.27671	906.3523	721.51447	797.44086	53.371094	889.6153	715.73413	1000.0	1000.0	1000.0	1000.0	731999	160.37854	10.8905525	201.48732	-51.56045	160.37898	10.892166	196.25966	-119.99342	-5.0826554	1.0103376	20.887568	-12.216793	-161.31528	1.1370978	24042.790128469467
184	672.9325	76.01597	752.1682	594.46643	808.3424	2.2159271	813.09076	805.4761	816.82947	31.742598	895.2751	768.45636	829.3229	26.251432	894.50793	805.84827	1000.0	1000.0	1000.0	1000.0	735999	160.41566	10.938282	197.76915	-79.21434	160.41566	10.944409	198.21413	-119.38397	-5.0825295	1.01273	16.207943	-12.492764	-161.34724	0.9938436	24174.694765090942
185	719.6266	27.790365	738.7446	671.81976	749.79333	39.866802	806.53516	712.40906	701.2471	48.406742	804.2447	622.3034	709.8839	34.029896	773.09985	623.4278	1000.0	1000.0	1000.0	1000.0	739999	160.31924	11.031461	205.54837	-4.9581327	160.3188	11.023878	202.84613	-54.18455	-5.0817904	1.0156671	14.88304	-12.216912	-161.2576	1.0366241	24324.253784656525
186	742.4852	12.266986	757.8371	724.0071	756.67065	40.422928	814.5535	712.5663	746.67303	40.873337	808.85864	711.88885	777.9935	41.884644	807.9027	713.3139	1000.0	1000.0	1000.0	1000.0	743999	160.46857	10.923326	208.2463	-63.56063	160.46866	10.916977	206.72272	-87.0869	-5.0823894	1.0096908	23.560959	-11.630775	-161.40385	1.1204442	24491.138975143433
187	727.96564	23.930046	755.3726	698.14276	870.20544	55.810764	903.21454	717.91144	875.1266	52.733414	902.7803	762.2461	881.0436	16.425058	902.0521	857.4235	1000.0	1000.0	1000.0	1000.0	747999	160.55766	10.838306	213.21455	3.6345184	160.55753	10.838219	209.88698	-115.70492	-5.087891	0.98522854	25.78207	-12.835209	-161.49725	0.9676297	24624.74766755104
188	756.4081	19.003729	788.22327	737.8965	825.55597	52.299145	905.7409	717.27185	858.6091	47.550873	930.8786	807.9138	839.2113	69.89715	986.6887	716.8079	1000.0	1000.0	1000.0	1000.0	751999	160.5544	10.848731	199.41933	-32.066715	160.55437	10.854093	200.52104	-108.825005	-5.1070647	0.9606871	18.309303	-14.96579	-161.48784	1.1890397	24761.551818847656
189	726.2733	32.907066	748.9981	669.4378	776.7785	55.017223	872.6194	711.24713	744.8258	42.560852	807.7278	710.59186	763.66345	45.68203	812.658	712.666	1000.0	1000.0	1000.0	1000.0	755999	160.57068	10.924754	197.5951	-42.76437	160.57082	10.92122	197.3594	-78.32507	-5.0904055	0.98746437	15.655504	-13.588239	-161.51738	0.9330032	24894.681849956512
190	712.4762	29.719349	755.3458	673.51184	898.08563	9.054596	903.6978	871.12054	894.2544	21.953974	904.0408	828.4714	894.7404	16.758425	903.1381	844.60114	1000.0	1000.0	1000.0	1000.0	759999	160.64108	10.896029	200.32599	-61.52964	160.64085	10.890555	199.03215	-76.083855	-5.0836363	0.9971931	19.382954	-13.5687065	-161.5802	0.904174	25029.245322465897
191	712.04266	35.24648	745.55054	654.6531	714.3475	1.1083295	717.0996	712.8978	714.6864	2.4459877	720.08185	711.60583	713.86444	1.0363997	716.0136	712.1369	1000.0	1000.0	1000.0	1000.0	763999	160.77074	10.950104	215.15736	2.127899	160.77048	10.946184	213.55966	-55.354565	-5.0993924	0.988171	17.94942	-12.487703	-161.71075	1.048971	25160.920726299286
192	714.2783	33.95462	752.72327	659.5034	812.79016	31.299618	897.9253	763.99115	833.6359	46.891678	905.1884	770.97003	854.8499	42.881073	901.38434	807.7593	1000.0	1000.0	1000.0	1000.0	767999	160.82375	10.8590765	215.86351	-64.99703	160.82352	10.851181	215.66945	-28.106155	-5.0967765	0.9772881	22.392162	-12.62483	-161.7628	1.1011704	25291.812279462814
193	717.7245	38.41078	752.23474	652.9137	806.0485	0.43013126	806.8716	805.4806	806.1369	0.70058274	807.4093	804.9255	805.8137	0.82082576	807.3965	804.4304	1000.0	1000.0	1000.0	1000.0	771999	160.88492	10.852953	211.3755	-16.453522	160.88493	10.845986	214.05724	-48.755116	-5.0898323	0.97956216	17.364538	-12.40694	-161.81973	1.2405989	25424.844522714615
194	759.97614	35.918144	816.275	717.66486	714.4248	3.7272274	725.39026	711.50165	702.0672	20.869686	713.25586	645.1559	713.1793	2.5294333	719.51135	709.5722	1000.0	1000.0	1000.0	1000.0	775999	160.97214	10.852351	227.46494	-64.664635	160.97157	10.848157	220.03572	-48.97666	-5.076061	1.0205069	20.585869	-15.180412	-161.9098	0.8648875	25559.55515050888
195	735.5924	60.042286	811.29205	645.3764	716.41534	2.451695	720.43506	710.8244	732.4172	33.55645	803.94446	712.3158	714.9148	2.171315	718.8758	711.8511	1000.0	1000.0	1000.0	1000.0	779999	161.01666	10.873085	246.90846	-76.179665	161.01657	10.865852	250.35323	-14.099145	-5.07882	1.0430626	42.031837	-13.48526	-161.95987	1.0280857	25692.78333044052
196	758.70654	32.853493	806.8708	718.85284	702.1367	26.702482	716.33405	622.5874	671.328	42.266	713.7629	611.13635	693.03094	35.408463	714.6662	620.3183	1000.0	1000.0	1000.0	1000.0	783999	161.08582	10.848582	246.32307	-46.818226	161.08582	10.850516	247.3649	-43.358482	-5.076128	1.0336047	19.561234	-11.518503	-162.02745	0.7930146	25825.656898021698
197	697.5478	58.672752	744.0611	600.1114	731.9513	23.806402	784.5338	710.07385	757.78674	31.101446	802.0589	709.0986	756.46356	37.5798	804.536	712.18994	1000.0	1000.0	1000.0	1000.0	787999	161.10562	10.812985	245.87592	-39.787605	161.10535	10.80523	246.84956	-49.43171	-5.096955	0.9805263	21.306725	-11.740085	-162.04103	1.0202388	25957.30687737465
198	713.73285	27.491467	750.36444	675.0092	669.63684	60.89597	809.11206	617.09503	688.6781	58.947105	806.5037	620.0627	685.7777	59.48003	803.41144	622.9763	1000.0	1000.0	1000.0	1000.0	791999	161.11687	10.847991	220.00073	-104.58574	161.11723	10.837977	221.53804	-3.6168075	-5.0898876	0.98421925	29.678652	-12.493625	-162.0628	0.8555421	26086.729470729828
199	728.8724	91.26984	817.61884	579.4982	676.5716	51.810413	776.85455	621.16614	641.20703	37.14779	719.43854	617.26434	632.94684	27.460762	714.4942	619.8942	1000.0	1000.0	1000.0	1000.0	795999	161.14703	10.803468	211.61823	-25.578218	161.1474	10.8046255	212.93684	-51.36445	-5.085421	0.9918951	23.941551	-14.918969	-162.08502	0.93818456	26219.8213698864
200	724.0569	55.902863	811.7782	673.3564	802.7584	27.078821	812.3213	721.53253	774.6042	47.83446	812.918	681.8676	809.5209	4.1139493	812.3687	799.68005	1000.0	1000.0	1000.0	1000.0	799999	161.165	10.914366	215.67508	-47.44589	161.1652	10.899139	218.96284	-3.6344385	-5.0870442	0.99968934	23.821777	-13.86908	-162.1042	1.1608042	26352.242990493774
201	777.0499	43.4721	834.7989	721.0231	715.7219	0.9591885	716.7789	713.87775	720.07184	13.253876	759.7366	713.877	715.39453	1.1527656	717.2213	713.38367	1000.0	1000.0	1000.0	1000.0	803999	161.19548	10.972848	222.97939	5.259431	161.19522	10.963668	220.73997	-25.187328	-5.0915055	0.9922068	20.122974	-12.056248	-162.13103	0.9142985	26483.194514274597
202	763.8811	47.930992	829.6448	702.5511	832.0609	37.588116	906.274	805.5023	821.63025	28.654568	904.50354	802.325	844.1328	42.590797	905.4327	809.907	1000.0	1000.0	1000.0	1000.0	807999	161.26122	10.950453	222.43727	-26.561155	161.26128	10.942164	224.19322	-8.010147	-5.078246	1.0087328	31.061451	-14.158382	-162.2015	0.9638628	26612.760394334793
203	762.4135	41.141064	818.68286	702.75073	748.3336	60.75419	901.42206	714.2303	789.0927	68.07792	903.5795	712.8987	758.86896	68.41401	903.51337	713.4838	1000.0	1000.0	1000.0	1000.0	811999	161.34315	10.940472	210.67131	-92.66679	161.34366	10.937486	214.68163	-57.177162	-5.084412	0.9980138	23.155931	-14.177603	-162.28221	0.92486936	26741.336787223816
204	760.306	60.616848	804.83655	657.34357	820.4808	28.688349	901.25055	805.92487	815.6304	25.781889	892.95184	805.4589	820.8447	28.730412	900.87946	806.0916	1000.0	1000.0	1000.0	1000.0	815999	161.36803	10.92945	220.95915	-111.95021	161.36813	10.918449	227.43037	4.6987143	-5.091792	0.9866236	27.421974	-12.544697	-162.31613	0.7385736	26870.842527389526
205	691.28613	54.300327	743.8057	607.4071	757.3324	42.16502	808.3007	714.64795	750.4044	59.571163	807.5696	660.2939	786.3496	58.342213	899.08466	714.9015	1000.0	1000.0	1000.0	1000.0	819999	161.44229	10.861747	232.61249	6.807269	161.4418	10.855662	233.29141	27.460312	-5.098582	0.9948063	27.157251	-12.646628	-162.391	0.8760744	26997.47491312027
206	745.95776	44.762375	811.21344	687.77356	703.62805	26.96062	725.0713	623.77075	730.46375	37.680466	808.3782	710.17535	721.48456	29.03909	808.5526	709.2899	1000.0	1000.0	1000.0	1000.0	823999	161.52626	10.923188	262.29132	-25.151072	161.5261	10.913985	266.3351	-31.2985	-5.0833664	1.0076021	28.057669	-11.596489	-162.46262	1.0108227	27124.054159402847
207	723.7768	35.803356	763.938	683.65625	712.8639	22.538475	748.15393	653.3161	744.39264	33.45408	805.64453	700.9718	707.86365	32.868202	762.1863	622.78174	1000.0	1000.0	1000.0	1000.0	827999	161.56142	10.914356	290.0631	-18.041355	161.56177	10.907941	301.0392	1.4559348	-5.0844574	1.0062734	21.994087	-13.245526	-162.51456	0.85254484	27261.56466269493
208	765.66583	53.74827	817.6542	686.465	808.6671	71.58836	901.6878	715.2291	821.7087	73.881996	998.8222	712.07306	843.5513	41.31471	902.7848	786.8671	1000.0	1000.0	1000.0	1000.0	831999	161.66167	11.005066	337.33276	-48.711506	161.66159	10.997442	334.61368	2.9896932	-5.1000686	0.99971384	25.952358	-14.458267	-162.60457	0.9565494	27390.24602675438
209	735.3253	54.55647	800.49207	651.06165	899.2661	78.69426	999.7214	781.6642	915.442	60.104916	1000.85693	810.00183	928.11096	59.98849	999.6111	826.66833	1000.0	1000.0	1000.0	1000.0	835999	161.74687	11.088607	381.42938	2.8942668	161.74663	11.083467	371.54733	-7.853232	-5.0787168	1.0259619	20.977531	-12.407921	-162.68724	1.1135948	27519.70499229431
