Epoch	AverageEpRet	StdEpRet	MaxEpRet	MinEpRet	AverageTestEpRet	StdTestEpRet	MaxTestEpRet	MinTestEpRet	AverageTransferEpRet	StdTransferEpRet	MaxTransferEpRet	MinTransferEpRet	AverageRandomEpRet	StdRandomEpRet	MaxRandomEpRet	MinRandomEpRet	EpLen	TestEpLen	TransferEpLen	RandomEpLen	TotalEnvInteracts	AverageQ1Vals	StdQ1Vals	MaxQ1Vals	MinQ1Vals	AverageQ2Vals	StdQ2Vals	MaxQ2Vals	MinQ2Vals	AverageLogPi	StdLogPi	MaxLogPi	MinLogPi	LossPi	LossQ	Time
1	17.013002	3.5881224	36.770355	11.195038	80.51727	15.827362	92.70151	35.208557	87.55315	22.749006	127.462906	34.730656	82.76683	22.727568	126.9651	30.68601	14.615385	83.7	94.0	87.7	3999	11.501194	7.1597123	26.908833	-2.6055102	11.501675	7.1588807	26.683472	-2.4081044	-2.8275943	1.7736797	11.623473	-14.8070965	-12.836041	0.48960027	59.27345299720764
2	16.630455	3.2355232	28.089626	9.634982	45.16241	21.430641	79.28176	12.259214	65.354294	32.069496	151.41713	41.107376	47.802147	22.55753	82.19189	11.5406275	14.113074	49.8	77.7	51.8	7999	32.647552	14.995104	77.44969	-7.0656066	32.648422	14.992427	76.82714	-8.28485	-0.5469749	3.8919022	25.880905	-12.152862	-36.02797	2.9050763	133.05411648750305
3	19.433428	11.911192	87.0	6.110744	52.308716	15.361371	72.312965	13.447188	47.757317	21.476011	79.088974	20.945618	52.370564	16.255789	75.65206	8.635798	19.033653	56.7	65.0	55.9	11999	85.9897	41.09345	213.65762	-36.167927	85.9907	41.093536	210.49367	-30.08309	5.3381042	4.9266596	52.971523	-16.351507	-95.76469	50.71251	206.49832797050476
4	53.813164	25.545757	100.65619	-2.9758627	61.992485	29.679506	138.4109	23.818035	48.61968	11.72456	63.61906	27.840115	60.47011	16.732655	91.92516	40.158554	78.803925	78.3	64.2	73.6	15999	120.24114	47.17241	175.59608	-86.924904	120.24435	47.16565	179.24396	-89.25454	3.0675488	4.7410455	33.26624	-12.534937	-128.93504	69.8407	283.6530201435089
5	74.18772	50.591576	234.32997	14.086056	311.92267	376.09863	886.3939	16.289364	294.2442	304.75583	886.003	36.307602	217.24649	239.53426	860.9384	23.55905	108.741936	371.7	332.0	256.8	19999	112.15046	46.288574	171.23557	-67.765015	112.1526	46.29972	171.01576	-59.04868	1.7168134	4.6573706	44.392696	-15.535646	-118.26119	50.953053	371.55155181884766
6	197.95299	216.65561	741.8321	56.459923	243.38657	317.2012	878.6609	51.563026	270.95987	314.2309	879.985	18.582901	307.49908	295.0794	886.0389	60.412548	251.88889	265.7	307.2	341.3	23999	100.97605	44.025406	164.24821	-38.748344	100.97253	44.05438	164.65862	-45.53872	1.1526474	4.3668666	45.27263	-12.613297	-105.58029	42.14324	458.0268597602844
7	147.0192	116.22972	590.18976	19.789518	126.18358	90.72533	270.2323	12.515016	291.30255	330.21948	789.86884	32.07978	126.913795	58.694134	242.7068	52.32026	200.75	262.8	397.9	248.6	27999	91.35468	41.43486	147.99612	-54.4554	91.35533	41.44334	145.51163	-58.499146	0.6529272	4.156006	82.35396	-13.987748	-94.98251	34.51283	543.2821743488312
8	196.70967	230.06789	690.0449	15.860346	32.32595	17.278706	69.42465	16.786108	47.97312	29.556314	114.502815	12.676928	35.750675	16.540754	54.94709	17.843153	314.27274	102.1	124.1	114.5	31999	83.82665	37.83615	140.68085	-32.2834	83.829605	37.83382	141.80963	-44.14735	0.45068112	3.8099422	81.48673	-14.557927	-86.78295	29.400434	620.4350080490112
9	315.6695	292.34756	727.87213	16.78001	711.2489	166.18948	778.4899	213.135	594.89935	271.3396	802.38184	104.49233	390.27917	308.5428	774.1364	104.59465	455.7	923.7	760.1	495.8	35999	80.30343	35.354374	121.59118	-30.022068	80.31539	35.326653	126.000984	-35.25099	0.06359834	3.5896297	77.20694	-13.251633	-82.85604	24.087008	722.4691517353058
10	466.22318	280.64603	713.0862	57.850807	886.58484	3.644576	893.0379	881.9082	602.46814	369.76425	956.0164	46.91452	614.282	364.51825	969.31287	101.97805	648.0	1000.0	680.1	678.9	39999	78.94106	33.245243	119.203384	-35.743813	78.95482	33.205345	119.52378	-29.698776	-0.25272134	3.398718	67.07956	-12.207836	-81.19733	21.48607	827.3309297561646
11	363.6542	289.73044	710.0296	68.34934	274.7831	266.87207	808.7103	76.02207	215.60257	190.81805	765.8875	86.50811	211.7636	181.62605	707.4526	50.70469	520.0	325.5	239.9	240.5	43999	79.32815	31.347727	116.024536	-32.010616	79.33554	31.323257	114.22182	-29.03484	-0.5886615	3.266858	48.14266	-13.503113	-81.336075	17.645586	913.2313668727875
12	283.11423	273.38547	734.462	71.45845	664.47766	355.57843	900.9523	97.09836	664.28357	354.72284	908.9305	79.6671	653.46936	364.46652	900.7207	83.712524	379.0909	733.6	743.1	725.3	47999	79.775696	29.996136	112.88709	-35.39041	79.77943	29.982368	114.46559	-30.57036	-0.95487416	3.159893	46.832077	-12.666361	-81.585106	14.246168	1016.4394240379333
13	629.1825	174.11958	732.45514	282.56223	821.47266	160.23686	903.91254	471.38934	594.00964	349.3911	905.03735	30.573137	596.1657	323.43863	899.41223	53.078987	866.2	906.0	653.9	655.3	51999	80.18678	29.406374	115.756775	-35.95996	80.189186	29.398375	111.741646	-27.355574	-1.1203179	3.0766103	39.753143	-13.215837	-81.848335	12.831409	1120.4979014396667
14	384.71405	309.36526	759.14465	36.213863	736.975	317.23254	900.72754	70.20035	697.2444	318.53568	900.2931	51.003155	810.3697	242.55255	899.37836	83.04248	513.8571	825.6	785.8	910.5	55999	81.36306	29.071526	113.69577	-35.67111	81.36565	29.06135	117.15951	-29.29422	-1.2741704	2.993486	30.55958	-12.998907	-82.94553	11.88148	1228.2069795131683
15	632.4142	237.38504	763.47833	158.15622	886.9873	6.855348	893.74927	869.106	886.9374	7.9223447	901.4137	870.50867	810.31647	225.04286	899.1583	135.61859	841.2	1000.0	1000.0	912.9	59999	83.01383	28.876848	113.9535	-26.334307	83.01534	28.870668	112.02778	-43.48364	-1.3826044	2.9565194	28.387735	-12.638485	-84.53358	10.540787	1341.9860513210297
16	635.39417	209.70752	779.7428	224.34563	814.8312	224.17479	903.4675	145.9404	756.30646	273.89517	901.43604	187.78445	734.688	313.85645	897.78973	90.87644	824.4	914.3	842.2	820.0	63999	85.1379	28.801033	114.12134	-45.02143	85.14008	28.791666	117.182236	-53.74983	-1.4365667	2.8836892	35.806786	-13.249151	-86.60717	10.281224	1451.0351419448853
17	541.0927	284.8477	778.1613	112.363304	816.9149	239.2534	902.239	99.21491	737.7352	310.4877	898.43097	97.00044	892.89404	4.312838	898.39325	885.8838	691.2	908.5	821.7	1000.0	67999	87.19337	28.932438	116.37318	-41.146328	87.19472	28.923462	116.65025	-28.858938	-1.5185244	2.8609302	38.995464	-13.946144	-88.638756	9.706878	1561.2458415031433
18	759.7075	13.728148	780.6381	744.3408	591.0487	375.9286	901.59863	101.90383	893.9662	6.573312	900.76416	880.1292	761.234	267.469	899.4748	140.98854	1000.0	644.8	1000.0	845.7	71999	89.23226	29.043032	118.118935	-28.858015	89.23429	29.030584	118.02358	-34.113304	-1.5393186	2.8475857	35.649433	-14.119785	-90.6125	9.341008	1668.9098780155182
19	758.79553	14.723557	782.494	743.2865	586.62366	382.80975	899.4817	16.944893	587.8032	384.7581	900.5909	25.148289	532.2702	373.74637	896.95776	24.560757	1000.0	670.1	668.8	610.4	75999	91.62046	29.010279	120.39756	-27.194635	91.62275	28.997242	120.22602	-31.947798	-1.6435775	2.8639462	35.806664	-12.064171	-92.9947	8.541029	1769.6249151229858
20	770.0471	7.9177246	781.46796	761.70703	418.3509	392.64148	901.2615	66.05639	272.21207	312.6677	899.2521	55.04181	341.14914	360.8933	890.841	54.718567	1000.0	476.8	330.6	398.9	79999	93.76999	29.094032	122.28258	-20.879923	93.77211	29.081915	121.943665	-30.258184	-1.7439747	2.8422463	35.37589	-12.60437	-95.11105	8.501255	1860.6222159862518
21	626.2212	244.29614	771.75745	138.62526	762.70276	261.51614	900.18787	162.0617	759.74677	338.01822	987.789	82.55224	686.86536	326.82755	927.7157	141.08742	831.0	868.6	814.4	779.2	83999	95.78056	29.15342	123.65287	-31.425407	95.7824	29.14278	124.07888	-44.702515	-1.7894064	2.8400435	31.156221	-13.293803	-97.1011	8.261564	1967.1785221099854
22	480.62604	326.0223	778.4494	52.697693	595.57684	344.30035	1001.72614	196.0014	513.3307	345.69446	992.86993	131.32791	436.3852	251.36848	923.05255	205.11642	620.4286	627.9	540.5	462.7	87999	97.83195	28.996859	125.93289	-30.43982	97.83247	28.989975	125.00241	-30.334625	-1.8678212	2.8230329	41.86879	-13.796144	-99.109375	8.233435	2063.3628232479095
23	607.97455	289.16714	761.871	29.815437	556.985	342.6136	903.94305	125.685745	623.0901	305.86035	915.6218	105.499466	706.16626	337.53152	945.80664	174.26024	809.4	656.0	743.3	777.9	91999	99.45729	28.96701	127.29315	-26.938864	99.45816	28.96	126.702324	-27.488188	-1.8271394	2.8416998	36.094315	-13.404433	-100.70986	8.532133	2167.8436031341553
24	759.87244	8.660039	769.55817	745.92303	812.22156	194.05586	894.6617	233.86903	814.9479	222.18593	903.24066	148.97508	799.999	220.56676	889.0322	139.70395	1000.0	937.6	920.1	922.1	95999	100.83359	28.85093	127.934296	-27.003935	100.83513	28.841139	128.00836	-32.96782	-1.8683064	2.7992785	36.614975	-13.090874	-102.05314	7.7020793	2279.827857017517
25	629.30975	299.466	800.29736	30.925734	818.3534	227.0529	901.1478	137.32277	716.7145	278.96786	898.9067	171.57455	735.46893	294.78806	898.9336	113.43427	809.8	922.4	811.4	856.3	99999	102.38495	28.516619	129.05199	-31.925787	102.38516	28.511518	129.04198	-36.031414	-1.9403446	2.7486582	32.449585	-14.206535	-103.58246	7.550102	2389.595931529999
26	782.57227	8.255242	795.9101	774.5616	886.0814	6.1155434	893.45667	873.7287	817.7523	206.3957	902.5578	199.38885	878.58026	12.56152	898.7445	848.788	1000.0	1000.0	919.3	1000.0	103999	103.67759	28.29954	130.2116	-51.93725	103.67791	28.295946	130.1964	-63.452404	-1.9523354	2.7694435	30.146784	-13.896371	-104.8625	7.3816047	2505.894567012787
27	598.55286	311.34113	784.07367	59.405727	594.0492	373.90454	900.9876	86.69453	606.8099	365.41666	903.5185	66.854614	755.8336	282.84326	905.05066	97.94028	778.75	673.7	689.0	853.0	107999	105.02875	27.988192	131.01712	-44.899586	105.02957	27.979324	131.2334	-38.410107	-2.0169408	2.6996427	30.733742	-13.546593	-106.195	7.289573	2612.2589571475983
28	469.2934	355.20117	792.87354	27.325567	834.08466	218.5698	912.74854	178.4836	663.0309	362.61407	908.7308	44.003803	835.24445	200.07732	911.4766	235.14517	615.2857	917.6	734.2	923.8	111999	105.98897	27.94958	132.3445	-28.017353	105.99091	27.938103	132.09196	-26.188065	-2.0458326	2.6752977	28.798275	-12.54303	-107.11559	7.3649287	2721.9832899570465
29	582.28436	296.25424	794.80756	139.0617	899.3678	4.6203184	910.08545	894.4702	896.3395	3.961596	901.80615	888.2273	896.82196	4.8689604	909.3376	891.00714	724.8333	1000.0	1000.0	1000.0	115999	106.78656	28.045513	133.63245	-47.570354	106.78913	28.030672	133.25189	-30.235563	-2.11174	2.620864	27.611311	-12.392038	-107.88983	7.3981686	2839.0478065013885
30	785.2608	2.5231836	789.0014	781.97125	905.3048	5.8712387	917.1897	896.8209	825.0034	240.54561	917.223	103.657974	902.4497	7.1727457	912.8612	888.34515	1000.0	1000.0	909.7	1000.0	119999	107.61042	27.96093	134.77298	-32.183548	107.61144	27.952192	134.25285	-34.30573	-2.100115	2.599549	37.73234	-13.27601	-108.68375	7.2525797	2956.120931863785
31	651.892	279.9398	796.8336	92.08342	897.6335	2.702798	903.41266	894.0017	820.0084	235.20413	905.4048	114.50783	890.917	5.940803	901.16327	880.07916	818.0	1000.0	911.2	1000.0	123999	108.34455	27.96947	136.48116	-50.01257	108.34415	27.96869	138.76314	-53.508053	-2.0877888	2.606069	31.543499	-13.923343	-109.39755	7.691919	3070.024380683899
32	788.7783	8.444962	799.34094	777.01733	899.14825	3.971695	903.20435	892.0356	899.7743	3.723218	905.4842	894.86206	894.18427	4.2025647	898.7907	884.4641	1000.0	1000.0	1000.0	1000.0	127999	109.14175	27.611938	137.9331	-30.76735	109.14205	27.604599	135.87692	-24.984388	-2.074559	2.6085367	31.611315	-13.493635	-110.18944	7.1591754	3186.2448530197144
33	644.04724	291.7263	801.8448	60.77938	893.6945	5.4709206	903.6363	887.14545	897.3011	7.4884686	907.822	881.37885	890.87585	8.1214905	899.82056	878.1435	826.6	1000.0	1000.0	1000.0	131999	110.16056	27.009832	138.08513	-45.05519	110.16117	27.004337	136.637	-53.3378	-2.145346	2.623247	41.348415	-14.955772	-111.200226	6.585422	3302.927235364914
34	794.2196	10.091848	810.59656	785.01666	897.4951	4.6919084	903.2687	885.8394	756.0665	281.4719	902.0508	118.06758	659.17395	354.95172	901.751	70.88162	1000.0	1000.0	846.6	746.0	135999	110.88304	26.777967	140.27751	-32.028297	110.88329	26.771734	137.06401	-42.353394	-2.2323096	2.535629	33.66202	-12.913731	-111.89681	6.0356727	3414.5275938510895
35	785.8247	6.8704953	793.90546	774.9442	897.6212	3.4008007	902.8149	892.4212	892.1304	5.2516646	900.3179	881.2223	893.3724	4.8190002	900.8247	885.5402	1000.0	1000.0	1000.0	1000.0	139999	111.4905	26.7042	143.57942	-66.4696	111.49092	26.69938	141.78883	-32.224823	-2.2174952	2.57482	29.20368	-13.282896	-112.50634	5.9299335	3530.7527987957
36	784.6804	11.495841	795.2799	765.34515	816.46735	215.94856	901.63055	169.67897	892.10333	16.551638	909.19104	854.1095	828.3929	191.74677	907.55475	253.63629	1000.0	924.1	1000.0	931.9	143999	112.24857	26.266193	148.63669	-40.455986	112.24933	26.260954	145.73155	-35.96233	-2.258539	2.4831836	31.289387	-12.854464	-113.24177	5.893114	3645.433457136154
37	636.6198	297.35867	792.50903	42.02879	751.99554	291.08063	905.0862	116.615036	649.64905	374.82825	904.49	55.687126	807.6995	252.95001	902.7802	49.203785	818.4	835.5	730.7	910.0	147999	112.63096	26.381374	148.63533	-35.815254	112.63167	26.377563	145.27632	-24.939484	-2.287093	2.4833624	29.237446	-12.805956	-113.61801	5.520204	3755.7802901268005
38	786.353	2.858295	790.7174	782.77	687.1626	305.67114	902.7829	193.13069	597.71356	371.02206	902.8711	85.39227	602.86194	363.2876	899.5415	65.353645	1000.0	789.9	685.7	696.8	151999	113.18506	26.15616	148.99826	-41.216038	113.1853	26.153217	147.603	-24.128242	-2.2980616	2.509717	34.96112	-12.774429	-114.15126	5.417124	3865.7130858898163
39	785.51544	9.28998	799.2163	773.36224	745.1688	307.14294	903.65936	100.95168	502.90878	390.93457	902.8703	93.15737	547.1165	371.49942	905.0549	98.22732	1000.0	841.0	580.6	640.0	155999	113.74784	25.863585	150.55103	-35.567856	113.74792	25.860779	149.15201	-23.870165	-2.3616652	2.4654746	30.385727	-11.867201	-114.714966	5.635416	3969.881264448166
40	786.3639	8.5708475	798.0958	774.3934	903.1092	8.616208	917.6035	892.4674	899.57434	5.9553475	915.0549	894.0223	902.84424	12.319973	924.9559	891.3261	1000.0	1000.0	1000.0	1000.0	159999	114.26834	25.643337	152.77751	-24.118742	114.26866	25.63675	150.63284	-26.642122	-2.3660336	2.483536	31.956104	-12.543923	-115.22729	5.329035	4087.6426079273224
41	794.17096	3.4025893	797.77893	789.3426	806.82605	232.4697	905.24677	126.68458	904.4916	6.6634536	923.6144	898.9984	894.83093	7.7716894	901.93665	872.9356	1000.0	904.7	1000.0	1000.0	163999	114.82805	25.28686	150.5771	-54.439247	114.82856	25.283175	148.91537	-37.653896	-2.3970597	2.4252608	32.56605	-12.893913	-115.75972	5.2887754	4202.28418469429
42	793.93097	6.065262	800.9438	785.6399	530.067	376.926	901.72186	44.62859	508.93823	384.3938	998.9041	50.04046	645.44525	308.937	938.2316	110.24513	1000.0	635.7	593.6	792.9	167999	115.09652	25.164345	155.29964	-36.988316	115.09651	25.162268	153.87155	-41.08681	-2.4008713	2.409406	28.751797	-12.992436	-116.03855	5.2441063	4304.058082818985
43	618.3257	317.5539	806.38696	68.33397	659.3695	398.64612	1003.63727	45.897594	753.2361	347.82962	998.7046	44.91854	754.72864	352.54706	979.83215	49.414795	782.75	736.7	826.4	825.9	171999	115.56036	24.8432	164.11661	-34.47763	115.56107	24.83415	160.99814	-33.735554	-2.407596	2.3784468	27.418686	-14.655674	-116.47594	5.092012	4410.836514949799
44	643.7598	286.81567	792.2452	70.20279	620.9728	355.6655	906.11957	48.16405	517.99426	389.53427	915.2408	82.05708	347.90314	313.12247	902.43353	79.14249	825.2	702.5	586.3	421.1	175999	115.84697	24.77384	167.28798	-37.56861	115.84724	24.769077	163.72887	-32.016598	-2.4522407	2.3692415	32.68435	-13.017067	-116.75557	5.3934107	4509.850107431412
45	475.63885	374.0237	814.8232	23.560448	656.3332	406.61426	1004.6581	31.240095	761.22235	302.82336	1004.58685	214.07861	713.7023	330.70837	1002.9268	103.35953	619.2857	673.8	793.3	771.1	179999	116.09833	24.67685	171.50166	-30.930887	116.09861	24.670353	164.8901	-28.369505	-2.4217489	2.3539994	31.644619	-13.691732	-117.00613	5.4147835	4615.7825319767
46	647.2053	305.98117	814.47125	35.443165	948.3906	48.181934	1001.0678	895.3062	902.0705	3.6707616	908.48553	895.54114	916.96924	39.472458	999.6207	888.3652	815.8	1000.0	1000.0	1000.0	183999	116.25496	24.703772	170.24837	-29.760473	116.25538	24.6983	166.0409	-44.68202	-2.4293826	2.3527575	30.25815	-14.058117	-117.13908	5.675183	4731.481909275055
47	799.2296	1.899518	801.6103	797.0797	700.321	282.8171	901.82544	157.01059	910.3068	24.54316	983.4683	895.8755	748.952	298.97098	902.25104	99.88665	1000.0	803.2	1000.0	850.6	187999	116.42429	24.535723	175.4935	-41.366596	116.42474	24.52558	171.79773	-22.273876	-2.3807142	2.3642612	32.991516	-17.539742	-117.31138	5.7917314	4842.962500572205
48	657.0275	276.96567	801.3611	103.15664	901.1849	2.2093673	903.58606	897.215	900.9476	2.777199	904.1549	895.19794	909.83203	28.777182	996.0976	898.027	820.6	1000.0	1000.0	1000.0	191999	116.61493	24.494669	180.4729	-44.09589	116.615	24.491245	173.79164	-26.168835	-2.4212618	2.3276238	30.393755	-17.715715	-117.46684	5.758984	4959.643487215042
49	657.73206	282.7348	808.8749	92.574005	606.11127	358.24316	902.54205	152.70601	590.5326	379.05002	902.8218	60.20548	772.9693	251.45462	900.9827	194.69475	822.2	690.4	676.7	871.2	195999	116.77547	24.509094	179.0907	-50.427048	116.77522	24.505167	178.1286	-45.701157	-2.3735607	2.3725104	38.793243	-14.718833	-117.617256	5.63897	5066.922965526581
50	639.91345	294.2364	798.2468	51.895275	899.13416	3.8719923	906.0418	891.5394	899.3631	6.8349032	915.59656	891.5623	884.2289	41.137146	907.0715	762.04333	818.6	1000.0	1000.0	1000.0	199999	117.10389	24.194626	188.77966	-31.604094	117.10372	24.192451	189.56853	-40.427174	-2.3962326	2.3367243	34.032166	-12.757153	-117.948044	5.3798766	5184.733516454697
51	786.4919	4.8968863	792.8498	779.82837	717.85754	283.7018	911.7209	223.90498	825.618	233.62094	915.2659	124.92645	759.3709	264.16156	906.60175	215.45645	1000.0	786.3	911.0	845.8	203999	117.37138	23.949005	190.136	-34.385586	117.37143	23.944464	194.7224	-35.331688	-2.4108562	2.3282354	30.765623	-12.690993	-118.218994	4.8639264	5309.207321405411
52	606.2453	325.00497	795.6827	43.32357	768.2262	270.20505	903.7421	116.48716	665.16345	361.60632	904.2689	76.547935	752.10693	292.6517	902.2634	122.14521	772.5	855.2	739.0	846.1	207999	117.48248	23.936687	191.50398	-20.057417	117.4829	23.931154	188.99281	-20.099306	-2.4082882	2.285922	33.670475	-14.608756	-118.31991	5.539834	5422.1980810165405
53	646.2914	294.62158	794.5216	57.049686	825.4299	243.54053	914.3972	94.96696	914.42444	28.39465	998.8373	900.4582	734.42834	334.08624	906.2564	50.70117	816.0	915.3	1000.0	825.5	211999	117.76284	23.74924	192.81413	-25.944311	117.76282	23.743479	194.11201	-19.834738	-2.4220457	2.297228	39.326965	-13.877938	-118.59655	5.553291	5536.379794359207
54	644.0358	303.36105	806.51996	37.47114	896.9448	8.971483	910.9147	882.9224	903.1883	25.446917	976.4626	880.14734	893.1717	8.350975	909.003	873.9672	816.6	1000.0	1000.0	1000.0	215999	117.98213	23.502453	202.54292	-32.892334	117.98174	23.500639	201.27658	-24.383791	-2.4444878	2.3165274	33.959446	-12.685937	-118.807884	5.5029025	5655.220011949539
55	787.52954	2.8613403	792.27423	784.7672	900.47003	4.200613	907.32605	895.24243	812.25934	257.96613	907.5454	38.541298	906.5415	32.35574	1002.9099	890.6894	1000.0	1000.0	908.8	1000.0	219999	118.21981	23.462067	208.79799	-41.520046	118.21962	23.458693	205.9486	-26.898222	-2.5203898	2.2880185	32.20434	-12.850581	-119.04691	5.192924	5770.537130355835
56	788.2526	9.238107	797.2269	774.63245	912.00714	28.221685	996.24457	900.64905	842.33234	233.03403	996.10516	149.32388	929.1366	41.321426	994.3564	899.0546	1000.0	1000.0	922.3	1000.0	223999	118.46269	23.317291	204.26468	-32.905525	118.46229	23.31664	204.5683	-41.738247	-2.483361	2.2842863	34.152187	-13.7812195	-119.26452	5.1810136	5898.5172209739685
57	642.015	302.7572	797.3285	36.55967	904.8532	2.278452	909.24536	901.13965	920.4679	37.31953	995.3558	900.0246	821.4888	235.87389	905.18494	113.92521	815.2	1000.0	1000.0	921.0	227999	118.79461	23.034107	200.66531	-50.851757	118.79472	23.031956	202.91331	-30.28922	-2.538166	2.2659354	34.544235	-14.514473	-119.5945	5.329403	6014.243731498718
58	695.1129	202.83475	803.718	289.51236	485.1547	414.6082	902.7666	55.180695	569.72577	402.03223	903.64764	43.30278	475.56332	422.80295	901.20966	40.063164	868.8	552.4	646.7	541.1	231999	119.02861	23.13907	206.43773	-46.04798	119.02869	23.132832	207.4683	-28.716158	-2.5253062	2.2784927	36.26294	-12.307266	-119.83779	5.4195676	6113.788741111755
59	648.5343	271.99533	797.847	104.78045	897.8807	6.8302	904.49963	881.9856	892.478	21.347881	910.53656	831.8689	890.9954	5.9895535	901.99005	882.60156	837.4	1000.0	1000.0	1000.0	235999	119.36787	22.696209	207.22655	-36.372997	119.3674	22.695646	204.70677	-24.477358	-2.5287223	2.283116	31.164513	-12.37273	-120.15445	5.3045735	6230.779096364975
60	493.04517	364.04446	797.9514	38.128902	855.4249	258.446	1000.5639	94.70805	866.1478	232.14568	1000.18604	183.21054	844.23303	202.8845	996.41064	348.56403	640.0	913.2	917.6	897.8	239999	119.5597	22.603624	213.02565	-39.39087	119.55947	22.59844	214.8923	-44.963448	-2.55209	2.2472456	30.89072	-12.844793	-120.333534	5.4780517	6344.061948299408
61	795.6576	4.7790866	800.9893	789.4116	643.5001	393.44348	906.8261	31.55289	897.8224	6.0530663	911.17224	888.9561	648.6938	377.5582	899.96844	47.53032	1000.0	718.7	1000.0	735.6	243999	119.53237	22.720133	202.22093	-26.692286	119.53246	22.715885	200.92088	-25.488161	-2.5172234	2.2211018	35.251694	-12.884419	-120.30184	5.623983	6454.810661554337
62	676.96136	238.32565	799.45337	200.33134	736.00085	331.14716	906.86255	44.362804	564.91565	383.18274	903.2209	60.237785	724.9815	340.2361	904.9342	43.995796	864.8	823.7	659.4	816.1	247999	119.46384	22.64043	189.58228	-30.861847	119.46392	22.633436	186.44153	-29.455261	-2.512249	2.2608044	36.105625	-13.807148	-120.226875	5.398429	6564.509997367859
63	799.1058	1.5884247	801.438	797.59015	901.8732	6.980972	913.60223	889.6601	901.03174	3.5138881	906.14465	894.2987	893.272	8.060221	902.89685	877.4137	1000.0	1000.0	1000.0	1000.0	251999	119.59688	22.281836	180.49838	-43.285023	119.59642	22.276638	181.89104	-29.71733	-2.5023038	2.182872	30.603903	-11.629167	-120.35011	5.5712957	6681.569191455841
64	790.4073	8.95009	805.6765	782.8569	917.9458	38.60163	999.84326	892.9559	897.0643	7.104404	908.74805	886.8603	893.8462	6.8715396	908.5412	885.2209	1000.0	1000.0	1000.0	1000.0	255999	119.59559	22.36847	186.9092	-48.593086	119.59604	22.361834	187.94644	-51.087025	-2.5684624	2.1960425	32.256977	-12.042378	-120.345314	5.2268476	6799.992359161377
65	785.5801	5.311395	793.94	779.84735	934.2785	43.040657	1000.631	892.7879	833.8629	261.59634	1000.5207	57.958843	918.2228	42.84717	996.048	872.7689	1000.0	1000.0	911.5	1000.0	259999	119.81249	21.952932	188.41609	-33.75083	119.81242	21.949478	186.61893	-29.139845	-2.5826523	2.1812227	34.28	-12.953191	-120.55895	5.0425735	6915.074564695358
66	789.57385	6.7496486	797.2986	779.2501	915.08966	30.047966	1003.27893	896.1555	827.00793	242.86562	919.0588	98.68138	820.9762	275.87823	996.09827	-2.0845635	1000.0	1000.0	917.2	908.8	263999	119.98751	21.767538	188.37448	-37.352272	119.98721	21.763773	188.9791	-34.04547	-2.573907	2.1841855	31.883823	-12.699192	-120.75243	4.487134	7031.343455791473
67	772.47375	20.903212	797.97266	745.80255	760.7248	284.51025	902.3264	37.74841	903.14	5.7180557	910.9424	890.743	896.8882	4.3364353	903.2043	887.0208	1000.0	846.2	1000.0	1000.0	267999	120.24506	21.514647	177.24474	-40.301743	120.24457	21.513885	181.14766	-35.62049	-2.5897589	2.1509812	33.524338	-12.581305	-120.98183	4.446731	7146.515199422836
68	789.79254	11.732608	801.5685	771.15265	932.3293	45.937706	1007.3382	889.8077	887.93066	242.29799	1005.0882	172.8447	928.236	49.531628	1005.6883	880.46265	1000.0	1000.0	916.3	1000.0	271999	120.38075	21.284546	181.58139	-26.418808	120.38069	21.280193	183.99777	-17.820827	-2.567972	2.1641345	42.976364	-13.665306	-121.10545	4.2870135	7262.8625831604
69	800.00903	10.414521	811.90027	785.82733	754.78973	325.04797	998.62506	171.98215	921.0145	163.54767	999.47754	440.0047	665.28613	368.44913	995.7302	110.55711	991.0	823.1	946.6	700.5	275999	120.47236	21.403467	183.36642	-36.839287	120.47203	21.401941	176.34055	-38.437923	-2.5763676	2.218981	39.984955	-14.730892	-121.20676	4.306062	7371.182190656662
70	791.99133	7.395696	801.6703	784.2103	571.50183	314.82483	905.90704	115.89634	900.72375	7.170202	911.9144	888.7081	754.0897	258.57858	898.02625	232.25809	1000.0	714.6	1000.0	868.4	279999	120.61447	21.25637	169.38232	-28.793478	120.6141	21.255156	166.919	-26.21979	-2.577594	2.1782453	65.62063	-11.390253	-121.35436	4.2698293	7484.644281625748
71	803.1178	4.81521	809.9409	797.6765	823.95087	169.0006	900.6388	323.2729	821.20605	215.62123	988.0529	186.25374	882.48096	20.395792	899.78625	827.2471	1000.0	936.4	918.4	1000.0	283999	120.77593	21.113659	177.51526	-35.43147	120.77569	21.10974	179.29124	-36.274746	-2.5986316	2.2120886	66.28032	-13.468187	-121.51134	4.3386164	7599.980070590973
72	642.85486	305.62402	800.3503	31.628721	829.5125	201.46379	902.5819	225.2373	896.54755	7.298414	907.47125	884.75116	896.2228	8.208676	906.4131	874.5374	811.8	926.6	1000.0	1000.0	287999	120.89451	20.982986	182.52638	-27.188274	120.89396	20.980381	183.7674	-30.11886	-2.568419	2.209265	54.382683	-13.60939	-121.63044	4.3699684	7716.518492460251
73	767.5512	59.218952	808.0045	665.21484	896.4832	4.765311	905.15875	891.0016	900.0355	6.2224298	916.6843	892.50055	885.86487	23.600506	908.77954	820.8244	952.0	1000.0	1000.0	1000.0	291999	121.11139	20.842527	187.50677	-36.26287	121.11163	20.834192	186.43001	-33.064087	-2.63932	2.1706045	61.036896	-12.517768	-121.832726	4.3571978	7835.687526941299
74	798.70044	9.254384	810.8573	785.15955	693.27466	308.9011	900.1892	148.35942	860.1012	243.40317	1001.7594	142.4705	790.7611	288.89594	1001.65784	148.36746	1000.0	771.8	912.8	848.6	295999	121.00758	21.176264	168.0175	-36.41291	121.0075	21.170786	168.63255	-47.902485	-2.5677257	2.121383	38.196503	-12.824161	-121.71151	4.2537036	7946.375581502914
75	790.03406	9.956771	803.8621	779.5857	909.7625	31.134514	1000.315	888.3953	907.1339	35.0185	1010.1255	886.7335	909.11835	33.49381	999.1452	880.4066	1000.0	1000.0	1000.0	1000.0	299999	120.98075	20.973965	151.07849	-27.011772	120.98053	20.971395	151.13115	-35.769722	-2.5437276	2.1161375	31.499737	-12.233086	-121.69637	4.009877	8063.071490049362
76	789.95667	10.971046	804.8849	773.8988	914.5376	38.488316	998.4891	891.8041	895.6291	4.122404	906.1816	890.1267	903.48425	19.749199	959.7568	885.8463	1000.0	1000.0	1000.0	1000.0	303999	121.01106	20.978601	151.69383	-26.898296	121.01101	20.973677	154.00945	-37.85479	-2.5891058	2.1280925	31.79095	-12.360068	-121.72892	3.9411309	8179.159244298935
77	797.3736	4.7638702	803.4383	790.74695	895.2469	9.596145	910.26917	880.65326	895.86896	4.6583915	904.2731	890.3203	890.9832	6.999775	908.48865	884.26514	1000.0	1000.0	1000.0	1000.0	307999	121.22797	20.557825	148.94351	-41.974586	121.22733	20.555984	150.41121	-43.92443	-2.6032293	2.1168513	36.991974	-12.127796	-121.93541	3.7273726	8296.803731679916
78	788.3447	12.328161	799.7743	768.6228	863.7617	91.247505	908.4392	590.8771	893.99646	7.551806	906.8607	877.92236	889.9678	6.7524323	907.9071	880.3947	1000.0	1000.0	1000.0	1000.0	311999	121.32309	20.229591	161.84631	-30.606758	121.32277	20.226648	155.01555	-27.300886	-2.6102784	2.1381323	31.274353	-12.282757	-122.05188	3.4956918	8414.03527379036
79	735.6611	116.974396	801.9487	501.9318	846.9868	144.36865	901.9324	413.96002	711.1088	297.81732	969.7298	235.22894	890.64343	3.0008285	897.47394	884.784	923.0	941.0	780.3	1000.0	315999	121.47424	20.006454	154.738	-30.980568	121.47391	20.004646	159.09181	-30.878656	-2.6151695	2.1206813	32.14994	-12.339592	-122.18417	3.3722384	8526.98233294487
80	607.38385	265.6857	806.03253	117.629845	824.0412	275.6337	988.20514	17.497349	932.79913	76.4636	996.5963	734.4326	939.2215	26.979088	971.7695	883.7267	757.4	913.6	1000.0	1000.0	319999	121.51286	19.992336	150.94391	-33.0084	121.51269	19.985964	158.17018	-37.393585	-2.603912	2.0940797	34.932983	-13.45752	-122.22013	3.4061244	8642.530346632004
81	728.9755	100.8306	797.8118	554.72424	901.9708	6.1601534	910.7314	893.09344	899.5513	6.40752	909.33997	887.89667	898.325	10.06755	914.7539	884.1458	916.75	1000.0	1000.0	1000.0	323999	121.57282	19.98401	156.32442	-44.111664	121.57291	19.97583	156.69351	-26.383188	-2.6628428	2.0758982	30.225994	-13.3626795	-122.284065	3.3553164	8758.687338352203
82	799.1972	8.17895	808.52545	790.43646	896.79755	6.193515	907.57495	888.06476	899.65186	3.6201193	905.836	893.2031	894.7018	7.247749	910.8452	887.7071	1000.0	1000.0	1000.0	1000.0	327999	121.60276	19.973959	155.56635	-23.203161	121.60292	19.969978	155.76114	-30.592361	-2.6345782	2.0736833	35.94323	-13.61385	-122.304146	3.5192018	8878.529108285904
83	783.2538	4.9832387	791.6773	779.15546	897.35675	3.7348015	904.798	893.85443	899.37244	8.623116	908.0945	877.2175	901.5129	9.206638	919.3182	890.1154	1000.0	1000.0	1000.0	1000.0	331999	121.6314	19.81445	153.63228	-37.78242	121.63105	19.80943	156.92587	-49.34069	-2.5912042	2.0826828	32.19918	-13.211218	-122.33693	3.3439815	8994.373079538345
84	778.031	4.8820653	781.1319	769.58496	899.5451	7.18298	915.51886	888.6531	899.2119	10.296041	916.68445	877.85767	894.39374	4.1124024	903.12634	888.3797	1000.0	1000.0	1000.0	1000.0	335999	121.65175	19.74376	173.15976	-37.68716	121.65178	19.736801	177.76416	-19.608883	-2.5943775	2.0878906	33.97326	-12.361687	-122.35481	3.3103445	9110.830118894577
85	784.0027	10.294419	795.26434	770.76025	903.08563	4.934724	909.3391	895.14105	840.65186	181.61714	908.3825	295.95227	898.5453	5.426905	909.4177	893.4744	1000.0	1000.0	939.3	1000.0	339999	121.76227	19.620966	165.71286	-31.047455	121.76187	19.619057	173.26842	-35.288834	-2.5865145	2.0673814	40.66398	-13.353265	-122.460785	3.1870592	9226.330703020096
86	784.2135	6.258454	794.6762	778.27637	843.74414	246.37701	980.81586	112.72077	677.7039	327.66473	987.8519	163.50476	905.9038	22.175665	969.7813	889.2202	1000.0	909.9	728.7	1000.0	343999	121.90369	19.359045	166.45491	-43.516575	121.9034	19.357603	168.91255	-24.048752	-2.5779746	2.0834897	28.856613	-13.749266	-122.59571	3.1318257	9338.114180803299
87	779.7195	10.219747	790.8769	765.2221	901.8585	10.868818	921.9021	888.7005	823.6598	220.27711	904.94916	162.98145	890.8918	5.450014	905.90247	886.2003	1000.0	1000.0	915.7	1000.0	347999	122.04489	19.231356	157.24644	-26.790312	122.0446	19.228424	162.01186	-19.74895	-2.5770895	2.089848	32.169125	-12.968325	-122.7406	3.092268	9463.40272283554
88	776.2981	12.931681	788.9444	759.13696	888.52966	21.985218	918.14886	827.0174	891.1545	20.522007	909.0006	832.93	889.2708	21.276012	912.66986	832.27545	1000.0	1000.0	1000.0	1000.0	351999	122.21019	19.16234	146.90942	-32.17887	122.20995	19.158306	152.85985	-25.47738	-2.599198	2.0297382	35.33574	-13.577429	-122.89947	3.0278313	9580.373334884644
89	785.25214	8.005983	795.46295	777.03143	895.44354	5.7924438	908.83417	889.2906	893.1502	1.5962019	895.9417	890.6334	890.1366	8.805076	908.9487	878.1614	1000.0	1000.0	1000.0	1000.0	355999	122.28086	19.327766	148.54582	-38.806824	122.28078	19.323317	146.6178	-28.775696	-2.6325512	2.0558348	42.605576	-14.529793	-122.97935	3.3039339	9698.582240104675
90	778.5455	4.3828354	785.5044	773.45245	736.2115	351.91867	999.0776	29.486864	899.4534	7.4839606	913.788	888.4627	805.9932	257.03146	899.4488	35.002632	1000.0	808.6	1000.0	904.4	359999	122.48552	19.10299	139.34679	-34.51103	122.48569	19.097746	143.86334	-43.66075	-2.6532576	2.0157554	30.545208	-12.527375	-123.182594	2.7799532	9811.277334213257
91	782.3884	5.3546376	790.14435	775.8945	896.1178	2.9789577	902.50555	891.75824	894.96094	5.259437	907.1073	886.9806	894.04364	7.5053043	907.0609	881.53845	1000.0	1000.0	1000.0	1000.0	363999	122.62475	18.884644	140.55638	-27.143364	122.62458	18.882803	140.57625	-39.084858	-2.6071029	2.0184822	24.65626	-15.263936	-123.31321	2.7711625	9928.887066364288
92	770.26	12.563753	789.2325	756.6424	810.002	246.75453	898.87177	69.853134	895.62805	6.040812	910.3611	887.9971	887.94006	2.9752958	891.9961	883.2951	1000.0	908.1	1000.0	1000.0	367999	122.80638	18.776981	140.59622	-30.490234	122.80595	18.773977	145.46913	-34.772305	-2.612283	2.0231035	29.413471	-14.194196	-123.48679	2.8433225	10043.283205509186
93	631.1292	292.50943	787.7102	46.23746	892.442	3.736248	901.13165	888.3758	894.1239	5.3583894	904.8543	887.0409	893.4702	7.6745563	904.7464	883.2901	810.2	1000.0	1000.0	1000.0	371999	122.93606	18.814087	142.19627	-79.12304	122.93588	18.812353	139.8212	-56.47912	-2.6078136	2.0090795	32.172714	-11.912693	-123.62499	2.705854	10164.318775177002
94	630.38367	292.6391	783.5832	45.249622	900.0001	8.564274	912.05255	890.06696	827.0825	223.51357	911.37915	156.9221	898.65265	11.201129	917.5874	883.41016	808.6	1000.0	914.8	1000.0	375999	123.07852	18.703234	140.26787	-46.97502	123.07855	18.698843	142.98909	-34.43346	-2.6040752	2.016643	39.188805	-13.693668	-123.76787	3.0593219	10284.40455532074
95	665.52313	212.79358	785.9242	240.33473	898.50165	6.315553	914.8318	892.9727	809.60254	217.89714	919.0383	188.4978	905.84357	8.091982	915.8441	889.5455	858.8	1000.0	919.0	1000.0	379999	123.15889	18.80364	140.73175	-38.87913	123.15871	18.799284	140.687	-36.94911	-2.6057227	2.0147903	31.342546	-13.773626	-123.84172	3.1724572	10409.945410013199
96	771.9646	4.8843536	777.0482	763.99695	898.55237	6.6734962	908.67596	888.88354	895.91565	5.4448824	902.78723	886.1599	901.95135	11.6326885	924.0708	884.4476	1000.0	1000.0	1000.0	1000.0	383999	123.28976	18.568424	140.34601	-62.86432	123.28992	18.564266	140.49461	-44.644344	-2.6534612	2.0287178	31.122185	-13.377232	-123.98097	2.8642697	10525.568241357803
97	773.8457	7.026637	781.7446	762.5287	897.17206	7.194891	907.9243	888.36096	825.2173	229.76294	918.99786	136.4003	895.1375	10.776051	922.2578	881.4157	1000.0	1000.0	912.6	1000.0	387999	123.44303	18.42874	140.98051	-41.112244	123.44307	18.424023	140.9828	-40.126045	-2.6880481	1.9911281	29.137281	-14.833766	-124.13903	2.8807266	10640.253647089005
98	773.9828	8.364624	783.44965	763.67926	901.2472	4.099556	910.55664	896.76953	746.074	299.5386	900.1499	143.20876	895.3949	3.769272	902.2364	889.7998	1000.0	1000.0	832.7	1000.0	391999	123.53983	18.286333	141.64299	-26.74358	123.5395	18.2812	141.87633	-23.444536	-2.6602123	1.9906318	30.123821	-12.502405	-124.217896	2.8199425	10753.566475391388
99	780.07996	9.7453	794.30347	770.5789	901.7501	6.708149	912.28564	890.8561	895.0257	6.839726	909.574	888.3039	902.18945	8.527945	910.8218	883.7612	1000.0	1000.0	1000.0	1000.0	395999	123.66803	18.094894	141.7348	-31.672735	123.66827	18.09172	143.07164	-34.759758	-2.6868722	1.9801619	32.694542	-13.233802	-124.357956	2.8136961	10870.648457288742
100	776.24036	11.360167	785.78754	757.11194	904.71075	9.444816	922.26	890.86755	906.2111	13.626313	926.737	886.116	895.313	9.839589	913.3551	876.4505	1000.0	1000.0	1000.0	1000.0	399999	123.74834	18.041067	141.98207	-40.055027	123.74816	18.039448	140.9495	-22.79602	-2.6730926	1.9694958	28.263828	-14.152708	-124.43829	2.7673788	10989.265658855438
101	764.92816	13.779702	783.4344	749.1292	896.69836	8.222629	908.3213	880.9999	818.9735	230.80432	921.05646	127.05616	895.58563	8.362324	917.87524	888.95917	994.25	1000.0	912.4	1000.0	403999	123.91192	17.846216	140.72052	-39.083385	123.91222	17.841515	141.61887	-33.760334	-2.6955013	1.9485242	30.721561	-12.43812	-124.594955	2.5398023	11103.319465637207
102	787.1057	10.19968	801.8119	774.4255	879.2251	67.3432	908.74524	677.705	896.1044	21.444273	909.1484	833.735	894.9362	7.588393	912.75275	886.4336	1000.0	1000.0	1000.0	1000.0	407999	123.95187	17.88328	141.14363	-26.234283	123.95244	17.879723	141.65532	-26.92878	-2.66186	1.9713953	30.113682	-13.939904	-124.63024	3.0882106	11219.560609340668
103	773.9089	7.54887	784.7624	766.64624	917.2928	6.7076635	926.7256	902.3445	908.46045	9.452816	927.032	896.2983	903.5339	8.816961	918.3417	887.8514	1000.0	1000.0	1000.0	1000.0	411999	124.10353	17.723831	141.15875	-43.408203	124.10385	17.72078	140.85278	-40.64071	-2.7153137	1.9576145	33.179066	-11.933908	-124.78247	2.7739766	11336.214319705963
104	683.08563	160.08939	780.42487	405.87012	837.45886	236.98732	988.50665	130.50577	833.1146	197.52658	904.6423	240.6523	862.46594	157.68764	968.3834	392.73358	869.75	911.8	924.1	938.9	415999	124.23842	17.66645	141.73572	-35.828777	124.23828	17.662966	141.24246	-34.8771	-2.7097425	1.9469148	31.885214	-14.033722	-124.9157	2.6959512	11451.004720211029
105	659.974	219.219	784.37714	221.90483	838.2059	200.15266	916.29126	238.31343	868.8289	110.30137	928.9478	539.4853	907.6669	8.365188	918.73395	892.7723	857.8	924.7	958.4	1000.0	419999	124.26224	17.682472	141.16046	-35.65306	124.26258	17.675465	140.98271	-35.52849	-2.7050567	1.9603503	27.665676	-13.965037	-124.94228	2.8251133	11565.046652078629
106	638.75586	279.59604	786.7138	79.726974	901.74493	7.5021505	915.62103	893.8466	901.0934	11.65121	924.2497	881.97705	896.818	7.2898064	913.3803	889.1713	818.4	1000.0	1000.0	1000.0	423999	124.34159	17.614895	145.32712	-26.642725	124.34171	17.609911	141.54288	-33.999638	-2.7063305	1.9260592	27.082554	-14.057396	-124.998436	2.7210655	11680.962384700775
107	742.3959	69.896774	788.61475	621.5484	898.5871	5.9999166	913.4919	890.2713	896.85626	9.917795	922.38226	889.256	895.2178	6.0931973	906.1664	888.50995	945.5	1000.0	1000.0	1000.0	427999	124.33601	17.824959	141.1178	-42.408257	124.3362	17.822525	141.39415	-31.538801	-2.7187154	1.9323565	27.658527	-12.45179	-125.02017	2.6816134	11796.78808760643
108	673.90735	204.65082	785.25635	264.91553	900.76416	25.848381	927.09656	831.3113	919.22284	31.030935	1002.1187	891.406	928.404	44.009857	1005.8283	893.4481	867.0	1000.0	1000.0	1000.0	431999	124.35624	17.724646	141.49261	-26.700287	124.35648	17.719446	141.44926	-36.10443	-2.640611	1.9635606	26.529762	-15.00913	-125.02708	3.1519034	11912.177647590637
109	618.78845	293.88263	775.50305	31.24581	649.69354	356.42493	905.5743	97.87615	677.2333	316.86038	903.1364	153.98734	589.3841	367.27213	900.0269	110.15236	808.6	753.1	808.3	678.5	435999	124.34709	17.610104	141.19778	-50.45456	124.34744	17.604885	141.02924	-49.910812	-2.6530788	1.9535724	27.584064	-13.372502	-125.01777	3.0730927	12022.04007267952
110	610.94507	288.26163	773.6866	36.32076	828.5636	209.3043	907.1384	200.91853	781.89044	241.60458	911.8363	233.38785	893.9671	6.6388273	905.9269	887.5205	814.2	930.8	884.9	1000.0	439999	124.44398	17.449244	145.98984	-37.527065	124.44373	17.446136	147.44707	-25.604181	-2.655445	1.9484273	25.930489	-13.546486	-125.1125	3.1083229	12137.77137041092
111	774.3367	13.573174	791.47955	753.7687	860.174	63.945053	901.57776	736.1582	894.6417	12.44934	906.678	870.3762	887.4251	13.256873	902.25903	869.83124	1000.0	1000.0	1000.0	1000.0	443999	124.38362	17.414064	141.94838	-37.690502	124.38344	17.409882	141.6841	-29.169157	-2.6821263	1.9584833	32.585274	-12.03175	-125.05905	3.0465734	12253.564113616943
112	635.12103	277.54108	782.44977	80.143974	896.53015	3.6890783	904.4729	893.09454	817.0703	246.29323	916.09283	78.48268	817.136	229.07198	902.98334	130.19514	819.0	1000.0	915.4	922.3	447999	124.38965	17.430275	151.80711	-67.18369	124.38951	17.427063	150.42165	-30.896784	-2.7313957	1.9141171	34.266136	-13.445192	-125.058	2.9227877	12371.987803220749
113	529.8366	289.9866	777.7706	148.28723	899.5768	1.5085117	902.29626	897.8566	896.1862	13.728779	913.4218	861.9477	898.2712	3.4713905	904.3164	892.48285	682.4	1000.0	1000.0	1000.0	451999	124.46485	17.422546	147.75053	-37.066956	124.46457	17.421621	146.92033	-42.266148	-2.7089665	1.9034296	28.24136	-14.690312	-125.12305	3.2254403	12488.486297369003
114	636.027	260.8288	774.80927	114.4772	906.97687	8.008541	918.68976	888.2735	907.20374	6.8883433	917.9036	898.0556	905.0709	6.2853293	918.6036	897.73584	827.0	1000.0	1000.0	1000.0	455999	124.47955	17.349281	142.9299	-40.266068	124.47953	17.347054	146.52936	-29.482458	-2.6810424	1.9335413	36.809963	-11.764386	-125.14631	3.2575126	12604.56238603592
115	776.14874	9.62056	789.5204	763.6243	529.6391	373.54874	905.4183	92.721756	603.0438	371.69672	918.7989	65.41289	513.50195	381.7399	897.0553	105.06445	1000.0	630.4	700.7	619.0	459999	124.54427	17.072037	146.36748	-34.407673	124.54408	17.071625	147.77928	-24.36554	-2.695083	1.916881	23.424446	-13.2997	-125.19871	2.9817314	12707.751223564148
116	770.00824	11.89534	782.17224	752.5694	901.4752	6.0014386	912.72003	893.31104	840.9491	199.54929	923.6747	243.14853	756.9572	287.189	915.5148	157.45253	1000.0	1000.0	924.8	837.0	463999	124.53869	16.964005	148.94148	-23.337286	124.53877	16.962265	146.25377	-33.911194	-2.6765575	1.9070655	22.429834	-13.412589	-125.19555	2.826242	12821.697215795517
117	767.32214	5.948863	774.19916	760.00366	916.9896	7.1960726	925.07404	899.66785	914.05975	9.982008	928.3918	892.4615	911.5159	5.369472	918.4746	900.6888	1000.0	1000.0	1000.0	1000.0	467999	124.60243	16.98948	142.41516	-69.286606	124.60234	16.985125	142.67769	-28.080181	-2.696131	1.8829218	28.175552	-12.091267	-125.26672	2.9143884	12938.540137767792
118	750.3558	26.776123	771.6483	704.52924	925.78546	40.38827	1007.5198	894.54175	942.8341	45.940212	1000.90607	897.38245	944.5558	47.608906	1002.0137	889.6219	1000.0	1000.0	1000.0	1000.0	471999	124.72197	16.967247	141.07306	-56.79274	124.72194	16.96279	142.00737	-50.321514	-2.7091837	1.8945386	27.87903	-13.444148	-125.369606	2.940016	13058.964380264282
119	773.1697	8.554563	784.8978	760.7324	894.36707	4.9290547	905.7312	887.617	901.53827	4.6196804	909.1061	892.3081	894.0701	5.1754932	906.2446	887.048	1000.0	1000.0	1000.0	1000.0	475999	124.73163	17.142094	141.39345	-40.638924	124.73144	17.140293	141.22716	-52.962673	-2.6660476	1.9124484	30.48228	-13.429173	-125.378716	3.3569005	13176.185005903244
120	769.2575	2.2201145	771.4048	765.53436	898.3237	10.794534	912.3826	881.4434	891.359	23.729235	921.77985	829.2735	815.6273	246.21246	921.24194	78.11454	1000.0	1000.0	1000.0	920.7	479999	124.80133	16.931273	141.78065	-29.013643	124.80145	16.92879	141.29625	-45.307327	-2.65405	1.9137164	26.281733	-12.064796	-125.46564	2.8608687	13294.70596408844
121	731.8805	69.03433	785.56903	613.26733	898.0348	3.2508612	906.10834	894.8626	901.91144	7.0892377	912.5953	892.5349	892.171	7.2395687	899.2658	872.32104	947.75	1000.0	1000.0	1000.0	483999	124.87858	16.752274	140.82504	-51.121964	124.87891	16.750383	141.55247	-25.955847	-2.6817129	1.8998803	28.407751	-12.9433	-125.53122	3.0565703	13413.996114969254
122	773.94727	4.0087643	780.4177	769.8259	896.45294	4.014727	904.6824	892.7723	893.19745	6.4421587	901.26355	875.70166	819.0701	226.87854	901.47437	138.55464	1000.0	1000.0	1000.0	914.4	487999	124.83525	16.76564	141.05392	-17.924875	124.8347	16.762947	141.38596	-32.036568	-2.695237	1.9034022	31.466602	-14.554903	-125.48312	2.914457	13528.413485527039
123	774.773	5.1966267	782.52234	768.7063	895.58575	4.5422993	907.4402	891.22174	901.22107	8.71694	914.4034	884.97095	891.82166	7.983993	912.19946	883.07184	1000.0	1000.0	1000.0	1000.0	491999	124.85851	16.703493	140.86688	-36.384914	124.85868	16.699556	141.45682	-38.782345	-2.6663778	1.9156282	27.29052	-12.560073	-125.50986	3.2448432	13644.480542898178
124	773.71674	4.6800075	780.6503	768.8811	920.89764	42.992218	1007.20715	891.6012	915.34393	43.43081	1003.9206	885.67737	929.1924	50.666924	1009.08887	882.81415	1000.0	1000.0	1000.0	1000.0	495999	124.96966	16.65964	140.84805	-48.1848	124.96934	16.661978	141.75867	-44.267735	-2.6609018	1.9233286	24.658195	-13.310413	-125.62403	2.7181687	13762.43500828743
125	772.42957	3.3129673	777.1598	767.803	973.5864	35.33404	994.6626	902.2972	955.2751	43.045483	1008.6183	905.0888	959.2528	42.488136	1008.79224	891.3445	1000.0	1000.0	1000.0	1000.0	499999	125.14546	16.53144	141.18704	-40.922546	125.14538	16.529522	142.0192	-29.576502	-2.723447	1.8949279	27.54057	-14.570757	-125.804855	2.6304288	13880.609931707382
126	773.724	15.31111	786.59515	748.78436	886.05774	34.379345	917.8935	832.5232	904.486	9.225892	919.22833	888.09143	888.618	29.082573	919.48816	832.5029	1000.0	1000.0	1000.0	1000.0	503999	125.30618	16.233372	141.24965	-62.506313	125.30595	16.230558	141.68748	-36.34544	-2.7239978	1.9136357	28.056555	-14.040026	-125.96884	2.9255981	13999.547627449036
127	764.2114	8.116296	772.64026	751.58154	906.625	9.598	918.1777	891.7993	899.27313	10.483643	917.5752	888.1767	902.78546	9.39442	919.82153	890.4105	1000.0	1000.0	1000.0	1000.0	507999	125.42776	16.155008	141.09084	-38.153767	125.42805	16.151846	141.70255	-61.761433	-2.724625	1.906542	32.54239	-12.268927	-126.07245	2.582759	14117.852306127548
128	771.1582	1.6011195	772.7722	768.84204	575.94653	379.0136	901.1056	68.986534	806.42224	244.76015	897.8596	74.63749	628.0809	383.8232	902.8011	30.443075	1000.0	715.3	930.7	746.3	511999	125.54759	16.043627	141.64857	-116.711365	125.54768	16.039839	141.2645	-61.075615	-2.7610319	1.8374958	27.806623	-12.6385975	-126.19672	2.5807302	14226.359956026077
129	762.52844	10.737597	779.40576	753.04913	898.05225	12.977558	912.6457	870.1432	904.17224	8.043797	915.3535	889.8158	899.3091	9.410592	912.12915	885.1512	1000.0	1000.0	1000.0	1000.0	515999	125.56347	16.30343	141.86166	-28.88026	125.56363	16.301754	141.99736	-27.943493	-2.7499585	1.852814	26.292162	-13.7933235	-126.21465	2.8180802	14343.964992284775
130	764.6832	12.681424	777.69305	744.38885	908.57043	36.201717	1014.5899	887.8055	896.71387	7.3858385	914.84686	889.11127	912.50244	36.30799	1008.5145	886.7261	1000.0	1000.0	1000.0	1000.0	519999	125.73536	16.093143	141.746	-57.95753	125.73542	16.087585	141.86758	-42.4885	-2.7453282	1.8675982	28.925488	-13.152676	-126.38785	2.5936964	14458.690146446228
131	765.09644	14.448999	782.906	747.13916	907.1698	8.2877	922.67804	891.9005	917.4136	30.57494	1005.1787	896.6788	922.16376	29.03404	1007.68286	902.1902	1000.0	1000.0	1000.0	1000.0	523999	125.84596	16.001297	142.44691	-105.23486	125.84593	15.999113	142.80334	-63.4723	-2.729172	1.8802284	35.917053	-12.417791	-126.5008	2.6374	14576.014694929123
132	760.79315	8.86077	774.4253	751.0204	897.69434	2.6304564	902.84204	893.2093	898.91583	4.4991865	906.4217	890.892	893.7328	8.000195	903.1053	872.8602	1000.0	1000.0	1000.0	1000.0	527999	125.9212	15.878564	141.63458	-26.5543	125.92135	15.87497	141.44937	-61.889057	-2.7382157	1.8837574	33.965664	-13.664089	-126.57603	2.7839599	14691.306635141373
133	764.44366	7.9706764	775.5179	753.31067	905.56805	4.937142	911.7341	896.8142	845.0013	162.47932	910.8266	357.97675	895.167	7.8434205	907.85956	885.01447	1000.0	1000.0	935.5	1000.0	531999	125.93908	15.832393	142.00314	-68.27093	125.93932	15.825153	150.23012	-31.513031	-2.739662	1.8515201	27.480284	-14.9109955	-126.57514	2.9630487	14808.359568834305
134	773.46387	3.32336	777.3696	769.00745	915.725	4.716099	921.90857	907.2535	911.70325	13.88622	940.95105	895.24207	905.21094	5.797324	912.6035	893.86957	1000.0	1000.0	1000.0	1000.0	535999	126.02566	15.699692	141.42732	-96.10112	126.02582	15.6950865	142.16371	-26.124178	-2.7471857	1.8651643	31.813675	-12.26956	-126.677086	2.7708454	14928.014081716537
135	632.5897	265.21945	769.83167	102.19649	803.3623	352.06265	1005.6192	68.938484	978.7087	37.516113	1004.3157	891.4284	767.23627	338.84546	1001.9092	87.04364	822.0	849.6	1000.0	841.5	539999	126.06724	15.658205	141.5924	-32.13633	126.06647	15.6582365	142.03998	-42.70097	-2.7308285	1.8897812	26.742771	-13.246775	-126.717766	2.7667072	15045.522540330887
136	629.94525	289.09192	780.32916	51.80608	908.48987	5.230056	914.4255	896.8	906.93866	6.4430623	917.7944	898.12054	903.5568	6.7196403	911.50494	892.83374	823.4	1000.0	1000.0	1000.0	543999	126.01406	15.927822	141.62598	-43.361534	126.01392	15.925691	142.18645	-35.438206	-2.734336	1.8685656	29.038015	-15.803462	-126.6687	2.5420227	15161.678085327148
137	775.5162	10.28102	784.84607	758.2025	896.6538	7.017856	914.28424	888.11523	896.487	8.887123	916.3989	884.3882	896.5583	10.840526	913.4862	882.37476	1000.0	1000.0	1000.0	1000.0	547999	126.12662	15.724774	141.64412	-32.89036	126.12647	15.724504	141.48267	-63.142513	-2.7671227	1.856697	32.35434	-12.482748	-126.78258	2.2970912	15279.710329532623
138	629.5348	294.5637	783.9131	40.49038	892.30194	7.156631	899.5259	874.5068	804.83044	261.0734	906.2167	22.046305	892.5579	3.4135365	896.3277	885.3404	817.4	1000.0	908.8	1000.0	551999	126.26282	15.53175	141.64752	-96.0017	126.26276	15.526578	141.77036	-45.25362	-2.7757535	1.8085088	31.422848	-13.529358	-126.91006	2.95143	15393.96628189087
139	701.25476	136.61127	779.41046	428.35568	900.4352	10.518311	913.6398	874.6988	902.8076	11.789819	914.0216	872.22015	907.9708	6.534789	916.04456	894.5671	909.8	1000.0	1000.0	1000.0	555999	126.25705	15.535703	141.51207	-88.40013	126.25662	15.531988	145.64642	-25.48311	-2.7858622	1.8463181	28.329754	-12.636477	-126.90475	2.525679	15511.538599729538
140	584.5313	321.3455	773.62823	27.966179	914.4196	6.153264	919.5985	897.63965	906.5477	10.121636	918.2661	891.8454	910.4465	7.985438	918.58606	891.0736	774.5	1000.0	1000.0	1000.0	559999	126.17877	15.694649	141.42966	-26.464613	126.17887	15.691097	141.96976	-61.158936	-2.7529156	1.8300145	33.91163	-12.454	-126.82265	2.5887074	15628.890200138092
141	777.07446	7.426172	789.91266	772.05945	998.8873	7.942348	1008.69336	984.0799	804.30475	338.71255	1005.11633	37.325016	993.90247	13.77122	1004.10736	954.6721	1000.0	1000.0	832.5	1000.0	563999	126.23912	15.509779	141.73828	-42.23378	126.23867	15.508768	141.9601	-21.537416	-2.7648928	1.8084502	28.127102	-12.501034	-126.88058	2.592491	15744.074857234955
142	770.116	12.252394	778.7065	748.96533	929.72546	41.049137	990.9698	872.2518	936.3	37.066147	985.44977	893.48834	850.55975	243.38077	973.1733	125.9266	1000.0	1000.0	1000.0	922.9	567999	126.13039	15.73087	140.78108	-31.29581	126.13019	15.73084	141.94049	-26.10463	-2.758599	1.8486663	29.945345	-12.897437	-126.777565	2.6086981	15858.30806016922
143	779.76776	6.2272406	790.5227	775.6945	912.30176	8.030028	922.23456	896.1497	914.6673	7.53709	924.47864	897.11365	911.19934	11.046819	919.8996	888.83246	1000.0	1000.0	1000.0	1000.0	571999	126.12093	15.773379	141.1302	-26.3875	126.121	15.770659	141.71764	-70.37837	-2.737004	1.8607507	30.140987	-13.838034	-126.75008	3.047752	15974.01926612854
144	763.7205	5.382664	771.2902	756.12067	905.27527	8.938955	919.0139	896.971	906.57306	9.036778	923.1703	894.2392	905.7765	10.265952	917.09644	889.34955	1000.0	1000.0	1000.0	1000.0	575999	126.09115	15.82857	140.81212	-79.99648	126.09111	15.825287	141.19424	-55.72305	-2.7678177	1.8505557	31.59642	-14.792893	-126.73702	2.676668	16091.797486305237
145	773.73914	8.40828	784.7078	764.1944	901.3428	5.782534	912.722	892.02	895.9378	5.9654717	906.14655	887.75616	899.04083	4.6787496	910.0519	894.3549	1000.0	1000.0	1000.0	1000.0	579999	126.15131	15.739662	141.3486	-37.633926	126.15086	15.739205	141.2593	-37.835842	-2.7706342	1.8225245	33.608536	-13.401612	-126.7836	2.8504841	16207.653950929642
146	740.2963	57.9267	786.74945	641.0632	892.7391	17.454914	912.4637	858.317	894.42725	14.552981	915.241	865.91187	898.0583	11.287626	913.5956	873.34076	1000.0	1000.0	1000.0	1000.0	583999	126.01539	16.066824	140.40985	-21.335747	126.01501	16.068096	143.06316	-62.45443	-2.7428515	1.8429776	33.707417	-13.102396	-126.632935	2.8055975	16323.658815145493
147	752.81946	23.593813	777.4075	713.9659	911.3346	8.019414	917.61926	893.78033	909.7057	6.694318	919.1637	900.1301	910.18475	6.024963	917.75653	900.89417	1000.0	1000.0	1000.0	1000.0	587999	126.0537	15.7302265	140.55447	-34.927444	126.05393	15.726815	140.99474	-31.205627	-2.7585576	1.8516551	28.24462	-15.67265	-126.68349	2.7506244	16441.49955534935
148	779.0931	8.216766	791.50946	769.00195	712.7189	337.55972	915.4391	32.91768	632.49756	372.75198	906.80646	55.452423	729.33154	339.0113	912.6948	35.61802	1000.0	833.6	758.7	837.0	591999	126.09824	15.62031	140.07648	-65.77313	126.09711	15.624392	140.62653	-29.436562	-2.752104	1.8168292	27.878149	-12.643471	-126.71945	3.0003269	16551.093801498413
149	778.5078	5.276023	784.257	773.05273	903.6951	7.6807094	915.1727	891.39526	901.72784	7.5353594	910.8634	889.3133	904.09064	11.369836	916.1953	886.2821	1000.0	1000.0	1000.0	1000.0	595999	126.07282	15.541088	140.21109	-46.788643	126.07247	15.540873	140.44807	-24.79847	-2.7396894	1.8493305	39.246983	-12.269761	-126.70499	2.8169062	16667.406676530838
150	778.86975	9.749395	790.8114	768.134	923.5641	29.004667	1004.4515	891.7631	911.96173	40.683086	1003.3342	829.72546	905.74475	11.463175	922.1828	886.49536	1000.0	1000.0	1000.0	1000.0	599999	126.08829	15.416904	140.4221	-70.3821	126.0884	15.410874	140.5551	-31.051016	-2.7992606	1.8054712	31.615845	-12.890716	-126.71317	2.7121084	16784.94234085083
151	746.737	51.83208	792.0432	646.9606	950.45984	47.829567	1010.5766	896.1013	911.37775	8.833374	922.5208	895.33563	925.6488	21.776297	982.22327	902.4808	964.2	1000.0	1000.0	1000.0	603999	125.97195	15.562507	139.80995	-27.596092	125.97161	15.562025	140.92535	-68.60929	-2.7550793	1.8398151	28.933285	-14.466003	-126.595924	2.7849712	16902.096437692642
152	770.45715	8.890248	782.30945	757.25757	919.15546	26.837862	990.3105	892.2918	833.55066	244.52455	932.0853	100.74462	918.51807	10.793288	927.2413	888.40247	1000.0	1000.0	909.7	1000.0	607999	125.97587	15.481534	143.92384	-63.64691	125.97542	15.478871	140.85384	-30.678713	-2.7914956	1.8119894	29.88459	-11.776491	-126.59628	2.8208067	17018.5431933403
153	761.22986	14.046306	774.23413	738.0923	913.5793	8.437605	925.22095	896.4041	909.2969	14.943715	931.4996	883.3478	918.22864	8.246967	924.59	894.5007	1000.0	1000.0	1000.0	1000.0	611999	126.02915	15.383104	140.36124	-45.43811	126.02907	15.384404	140.72244	-63.266247	-2.790582	1.8214484	26.56415	-11.98554	-126.6514	2.681225	17135.478571891785
154	638.26556	228.88167	776.88257	241.89207	898.44543	2.7087092	902.4863	895.3058	896.99786	5.1585135	906.3775	884.319	895.42804	2.7965937	900.61725	889.7065	830.0	1000.0	1000.0	1000.0	615999	126.08726	15.310219	139.27951	-35.499287	126.08721	15.309482	140.44475	-31.636385	-2.8112164	1.8021301	29.158485	-12.852415	-126.710144	2.568214	17253.856589078903
155	776.46265	8.491823	787.17365	765.30536	908.4391	29.300985	994.25433	883.7262	731.2726	315.7156	1009.3378	175.92294	892.90625	41.01038	951.3602	782.97095	1000.0	1000.0	811.7	989.1	619999	126.10704	15.199302	140.2748	-22.349773	126.10702	15.199376	140.76723	-38.889416	-2.8016822	1.8135374	35.14449	-14.271536	-126.71846	2.3991685	17370.68015408516
156	762.4533	25.90437	788.75586	721.1412	902.4943	7.0707717	915.08167	895.4033	903.3068	5.335342	911.7389	891.8717	901.9622	7.5335464	912.2133	887.85065	1000.0	1000.0	1000.0	1000.0	623999	126.10604	15.139079	139.99187	-36.635468	126.10618	15.136712	140.22176	-32.495792	-2.7901788	1.8147523	31.182985	-13.882454	-126.72586	2.6635084	17491.941940546036
157	468.06284	298.04434	773.1988	91.05389	832.5176	198.07408	904.53906	238.3361	899.86346	3.8706067	908.72845	894.33563	890.6688	11.807177	900.5825	859.83417	630.3333	925.4	1000.0	1000.0	627999	126.10202	15.100938	139.83122	-54.023594	126.10153	15.099211	140.24706	-44.348133	-2.7704227	1.7857312	31.45411	-14.009514	-126.71717	2.5258658	17608.20061135292
158	772.76935	8.034821	782.6856	764.4515	907.3159	12.973829	924.3097	890.2659	906.6708	23.56043	965.9047	873.0002	885.6208	62.28791	919.69977	700.9988	1000.0	1000.0	1000.0	1000.0	631999	126.08183	15.01325	140.35912	-85.35671	126.08224	15.011067	140.77983	-60.05344	-2.761724	1.8285533	30.43965	-13.393265	-126.69836	3.0510664	17725.902388572693
159	737.0944	77.26006	790.5162	583.4105	901.1307	8.320886	911.233	886.2695	899.06213	21.835936	913.8204	836.43585	897.59326	8.856548	914.3377	888.6602	976.8	1000.0	1000.0	1000.0	635999	126.08809	15.077488	138.79883	-32.16879	126.08817	15.073841	140.1932	-33.763123	-2.7797685	1.8165882	36.516075	-12.190507	-126.71042	2.7816935	17844.617990016937
160	785.6761	3.825973	790.43207	781.2686	908.09094	3.3265607	913.4156	901.2321	907.5881	7.2233663	917.83624	892.0125	908.361	5.3479958	915.92096	900.7891	1000.0	1000.0	1000.0	1000.0	639999	125.97298	15.14223	138.87752	-51.272278	125.97313	15.142372	139.3416	-48.79088	-2.7749138	1.8125052	30.19297	-12.218754	-126.5953	2.8156734	17962.351855278015
161	774.5294	14.369553	786.7131	750.1201	912.4082	8.3277645	922.7464	895.5072	910.1589	8.856623	920.2777	897.30774	911.5038	11.536745	925.8106	895.28204	1000.0	1000.0	1000.0	1000.0	643999	125.88775	15.314008	138.77151	-25.342112	125.88779	15.310072	140.15498	-32.624916	-2.7447793	1.8162682	29.654045	-12.97254	-126.495316	2.7813413	18080.075550079346
162	782.12054	6.106336	787.64545	772.1879	910.23486	3.2670045	913.8432	902.3119	905.584	8.268121	916.62256	888.65137	909.13574	4.3116894	913.9112	899.66223	1000.0	1000.0	1000.0	1000.0	647999	125.95859	15.134955	142.61229	-66.48509	125.95867	15.13408	140.17519	-48.680954	-2.733046	1.7828674	36.96748	-13.762173	-126.55772	3.1202435	18196.29883503914
163	609.3776	303.19345	788.6591	84.281586	902.1409	10.910619	913.5105	881.4252	835.48694	193.11537	914.84454	257.4627	896.5082	18.829573	913.7307	862.68353	794.75	1000.0	928.4	1000.0	651999	125.96263	15.117519	154.03127	-32.449524	125.96295	15.116761	140.50331	-64.23655	-2.7056105	1.8439854	31.74865	-15.29031	-126.564545	2.7321265	18311.77656531334
164	779.10046	3.9532254	782.1163	772.3053	823.5203	95.769424	906.29364	598.96686	758.18054	178.44371	904.3389	326.56656	746.0853	238.46614	903.4804	92.71728	1000.0	1000.0	941.7	917.6	655999	125.99257	15.072774	139.92813	-54.911674	125.99289	15.068246	139.6531	-28.343866	-2.7479858	1.8078127	38.239227	-12.902104	-126.59456	2.6556916	18426.01434326172
165	775.88086	15.673757	789.83276	749.41425	852.221	163.70433	916.4117	361.6958	836.1992	203.68674	920.33636	225.82663	693.6676	324.60257	914.0096	157.74261	1000.0	937.4	922.4	759.2	659999	126.02032	15.150819	139.00365	-32.191666	126.02056	15.149742	139.79793	-26.336554	-2.7277274	1.8116388	31.394773	-13.041	-126.63255	2.5856338	18538.34259748459
166	776.93475	9.109257	791.5	767.3044	899.1758	4.3961067	908.67035	892.69257	900.7418	10.047361	913.45306	882.4232	899.2212	5.006773	908.41736	891.14575	1000.0	1000.0	1000.0	1000.0	663999	126.11078	15.027843	140.1673	-30.190292	126.11034	15.026026	140.30125	-23.97951	-2.74222	1.8168303	29.340733	-12.925511	-126.71771	2.8098838	18655.98271203041
167	772.7631	3.7944973	778.345	767.98346	899.7399	4.13291	905.48615	894.231	902.47546	10.689288	914.5923	879.63354	897.7327	4.983009	907.97345	890.70074	1000.0	1000.0	1000.0	1000.0	667999	126.11959	15.037239	139.84918	-81.64143	126.11991	15.032769	140.02045	-54.70998	-2.7371657	1.8324546	29.13666	-15.473782	-126.72398	2.716598	18773.92977786064
168	781.8808	5.0841103	788.6801	774.5337	899.13074	2.8792417	904.0143	892.3168	895.7875	6.4582133	904.118	878.6254	896.8143	2.6829822	902.6687	891.913	1000.0	1000.0	1000.0	1000.0	671999	126.25079	14.884937	142.81114	-45.296368	126.25077	14.88017	140.174	-30.423414	-2.7499118	1.8112658	28.94641	-13.87495	-126.85696	2.520511	18894.13742828369
169	547.6502	336.54614	797.0634	33.81628	915.5082	31.312471	1006.5092	890.53296	908.3092	13.205227	924.72125	889.29486	915.9124	24.08124	980.0521	890.77997	695.0	1000.0	1000.0	1000.0	675999	126.32811	14.774639	139.55455	-32.50755	126.32808	14.774791	139.75905	-23.355463	-2.762081	1.8138328	29.041182	-12.325832	-126.92603	2.5906558	19011.251011133194
170	771.6822	6.642219	778.14166	761.2069	913.4637	10.500952	921.61316	890.41797	824.81116	229.95927	922.5834	135.59206	896.6383	13.016259	917.83826	883.02576	1000.0	1000.0	912.5	1000.0	679999	126.36061	14.82122	139.71083	-20.616142	126.36073	14.817859	142.76181	-21.23038	-2.7589366	1.8076004	28.339743	-12.890466	-126.968346	2.7277074	19126.02119255066
171	788.3224	7.145552	796.53125	781.0628	905.74854	9.179615	915.2412	892.95514	904.82715	10.176434	918.702	892.1727	903.5584	10.112642	916.01746	891.83264	1000.0	1000.0	1000.0	1000.0	683999	126.39611	14.966753	140.01749	-40.756454	126.39629	14.966944	141.24118	-24.956057	-2.7484553	1.84174	32.218918	-13.251449	-127.00219	2.8436308	19241.92892408371
172	783.52515	5.9365873	793.03375	777.1351	906.55615	11.660246	921.5164	892.16144	920.8586	29.030003	1002.79944	896.2444	910.0747	11.22538	922.3474	889.6874	1000.0	1000.0	1000.0	1000.0	687999	126.47414	14.846686	140.72618	-36.970154	126.47339	14.850583	140.27599	-103.982315	-2.787055	1.8104938	33.365253	-12.286297	-127.08314	2.6341152	19357.804355859756
173	780.05835	5.9864097	786.9522	771.0205	899.7699	8.449281	912.0339	890.9178	826.0062	230.36151	924.5633	135.3803	896.9844	6.2330847	911.58795	888.26013	1000.0	1000.0	913.1	1000.0	691999	126.60966	14.878023	139.10321	-42.859882	126.60988	14.87769	139.71034	-35.39043	-2.7762234	1.7936602	32.119614	-13.620733	-127.21266	2.8294296	19473.598648786545
174	778.72876	5.5387692	786.12555	770.6415	912.0801	11.024319	920.60583	882.2135	902.38464	12.427242	921.6875	884.7289	911.925	11.53666	921.5532	886.0562	1000.0	1000.0	1000.0	1000.0	695999	126.70195	14.809197	141.62453	-57.26599	126.70213	14.80742	144.71806	-68.70358	-2.762584	1.835148	31.304718	-13.303345	-127.3107	2.845448	19590.046700000763
175	774.4482	9.483207	784.08875	762.9152	901.66034	7.5639687	912.94977	892.7851	901.2987	7.5746193	911.6535	891.20325	901.13965	9.793679	916.80634	888.0604	1000.0	1000.0	1000.0	1000.0	699999	126.82512	14.695316	140.0324	-37.20012	126.82526	14.69507	141.12892	-46.19082	-2.7791126	1.8107743	30.912523	-13.055183	-127.43311	2.7335014	19707.461815595627
176	776.1625	12.069314	789.35364	758.3722	928.2445	44.05414	1012.7765	891.8895	945.7147	52.91677	1011.4722	889.6539	903.6004	20.54899	946.748	887.51514	1000.0	1000.0	1000.0	1000.0	703999	126.91157	14.681071	143.62457	-36.154694	126.91116	14.679276	147.12488	-21.951963	-2.803155	1.8304076	35.89473	-11.905619	-127.516594	2.6076221	19823.724162340164
177	779.45715	6.847511	790.8585	772.7068	909.5863	7.4519258	916.51276	893.18365	844.4678	199.43394	920.5123	246.63843	904.79785	10.642289	914.5702	881.33954	1000.0	1000.0	925.1	1000.0	707999	126.89992	14.719803	141.66301	-21.449852	126.90029	14.72072	144.69429	-54.04497	-2.7805657	1.808027	39.66855	-15.2768955	-127.50462	2.9109628	19940.354708194733
178	772.6152	6.4421034	780.1685	766.1413	898.1748	10.985631	926.3619	883.8519	813.3901	251.69746	925.7181	58.85618	896.17267	10.457692	922.48126	885.9554	1000.0	1000.0	909.3	1000.0	711999	126.92422	14.673099	139.41824	-24.205389	126.92403	14.675094	143.84654	-26.010422	-2.8052285	1.8183248	39.715366	-12.548972	-127.53726	2.6919131	20055.20432639122
179	767.1606	15.125369	787.7098	745.98486	912.15344	8.594677	922.7351	897.70825	910.18616	11.382609	929.6678	892.89374	905.97644	8.922243	916.7612	892.5156	1000.0	1000.0	1000.0	1000.0	715999	127.00817	14.427939	142.3734	-53.785423	127.00824	14.428069	144.84834	-46.52594	-2.853906	1.770016	30.64192	-12.938545	-127.60603	2.5851321	20171.32567548752
180	781.04425	5.041796	787.51355	775.66284	939.9925	50.994644	1005.39667	893.1937	930.692	48.483025	1006.7443	891.4562	967.0711	47.59464	1002.88245	889.07	1000.0	1000.0	1000.0	1000.0	719999	127.08903	14.415225	140.84149	-32.987003	127.08941	14.411931	140.3237	-31.576916	-2.8063552	1.7978323	29.133495	-14.097277	-127.69428	2.6124485	20288.19841694832
181	778.95844	9.2364235	794.33673	770.33496	910.0306	5.090904	916.39935	898.0434	907.53986	7.8236666	920.93616	893.48584	901.1245	8.648845	911.08813	887.40704	1000.0	1000.0	1000.0	1000.0	723999	127.07637	14.506997	144.22002	-37.237164	127.07646	14.507519	145.34964	-50.874832	-2.783553	1.8208779	37.609016	-14.726794	-127.69142	2.8470938	20406.45448756218
182	775.5301	6.874634	782.41724	764.12476	905.75085	5.788228	916.436	896.9159	904.6304	9.26482	916.2782	892.2429	899.5763	6.835826	911.73224	891.8912	1000.0	1000.0	1000.0	1000.0	727999	127.11621	14.440211	142.481	-46.882225	127.117	14.4385395	143.43639	-87.7174	-2.8332996	1.7653323	26.855078	-13.130794	-127.71026	2.7540176	20525.104707717896
183	770.4461	6.112277	777.6201	763.85266	900.79425	9.659081	922.0051	890.57416	913.848	33.793507	1010.4235	889.59625	902.548	8.97096	920.2947	891.4967	1000.0	1000.0	1000.0	1000.0	731999	127.10039	14.541935	143.58217	-31.111757	127.10117	14.536258	140.66997	-32.370426	-2.836242	1.7787008	29.448767	-12.642371	-127.70158	2.4857879	20641.37702178955
184	777.2988	6.23928	786.7475	769.4861	913.1248	3.0734868	918.9574	907.7692	904.099	12.84798	922.0397	878.0352	911.04425	2.8220978	916.5447	905.6252	1000.0	1000.0	1000.0	1000.0	735999	127.18216	14.303586	139.85919	-35.04173	127.18241	14.303148	140.65753	-63.25219	-2.8465185	1.7585565	38.775795	-14.004575	-127.77413	2.4557657	20758.493812799454
185	783.49817	1.6134609	786.0596	781.77594	908.11945	7.8104777	915.5518	895.88995	916.81213	27.737732	997.1735	893.8708	827.41095	228.623	914.6924	141.98381	1000.0	1000.0	1000.0	913.7	739999	127.22526	14.450582	140.45712	-51.05214	127.22459	14.452351	140.72804	-51.612263	-2.8104527	1.7776014	30.804455	-12.12314	-127.82131	2.581276	20874.93193936348
186	782.44495	8.868505	793.7511	772.7734	986.04016	42.23527	1011.6591	897.9665	816.5631	341.0024	1015.7234	135.7716	952.4282	56.7301	1009.8936	888.60297	1000.0	1000.0	827.3	1000.0	743999	127.27483	14.382496	142.13779	-74.78982	127.27485	14.380672	143.92705	-41.689545	-2.8492062	1.7564135	31.587784	-14.355672	-127.8765	2.4501874	20990.11640024185
187	780.17377	2.3108604	783.066	776.6058	933.7865	37.212933	1001.7689	890.65485	943.01953	30.123878	1007.18884	915.44135	936.151	27.43579	976.90393	888.9166	1000.0	1000.0	1000.0	1000.0	747999	127.29124	14.352272	139.80121	-30.536324	127.29098	14.3537	140.08351	-30.245758	-2.8151262	1.7562217	34.78779	-13.188436	-127.88663	2.312918	21106.901209831238
188	777.7734	4.68079	781.0495	769.75214	928.7583	50.09015	1010.9546	892.15894	941.44714	52.000248	1012.1147	890.23334	962.0182	53.98108	1010.7238	889.9002	1000.0	1000.0	1000.0	1000.0	751999	127.27574	14.345943	140.30113	-81.92574	127.27551	14.344262	141.24341	-73.4356	-2.8222134	1.7553444	38.072033	-13.506579	-127.865685	2.727494	21224.550013542175
189	779.15356	5.3370013	788.0339	774.0014	987.56836	41.117573	1011.6852	903.5893	942.7705	38.65394	1006.38885	902.3239	963.6372	38.05379	1006.13214	890.1477	1000.0	1000.0	1000.0	1000.0	755999	127.24125	14.331921	140.66187	-34.31674	127.24136	14.330147	140.48396	-23.656992	-2.803752	1.7965997	41.786583	-11.885454	-127.828835	2.5928257	21341.423673152924
190	730.10046	82.09005	786.50305	588.2509	921.5441	30.883638	1006.9854	893.3681	904.26135	11.631889	929.5259	891.58203	912.9603	10.815683	922.73157	891.32666	938.75	1000.0	1000.0	1000.0	759999	127.22068	14.418678	140.23692	-45.183598	127.21982	14.418149	143.24516	-26.04932	-2.8096337	1.7951576	32.399315	-13.032251	-127.81775	2.6394765	21458.03692173958
191	779.7746	7.8790603	789.71027	768.70306	993.7905	33.421604	1011.73834	894.6577	986.604	41.876503	1014.5553	892.8654	979.89276	41.290234	1009.06244	895.9477	1000.0	1000.0	1000.0	1000.0	763999	127.2169	14.248213	139.58688	-37.94445	127.21651	14.247355	140.12067	-24.696268	-2.7986045	1.783981	35.989006	-15.708275	-127.80922	2.4738696	21574.24573111534
192	776.2737	9.525205	787.28516	761.1427	899.3459	4.9463987	908.5563	890.49615	913.89386	26.8675	992.4806	897.354	896.5125	4.8829618	904.2397	888.3931	1000.0	1000.0	1000.0	1000.0	767999	127.25559	14.142523	139.1605	-35.72999	127.25555	14.144958	140.7603	-22.324244	-2.8232102	1.7745004	41.231606	-15.163585	-127.85848	2.6994855	21689.31807422638
193	773.76886	6.9903507	780.37384	763.2467	910.8732	10.467011	921.6043	893.0017	901.00616	9.472275	914.8278	882.9951	911.7711	9.462529	919.38275	891.4284	1000.0	1000.0	1000.0	1000.0	771999	127.3861	13.919863	145.57297	-16.635345	127.38626	13.918737	146.37364	-31.2988	-2.844127	1.7876894	32.83473	-12.178239	-127.98044	2.2714741	21805.3010802269
194	733.7201	89.057755	789.3604	556.1238	957.5023	52.90492	1007.0112	881.72614	958.4881	52.997883	1006.9371	879.6229	975.036	42.486732	1005.9326	889.9909	934.0	1000.0	1000.0	1000.0	775999	127.46429	13.786889	140.27077	-90.255974	127.46465	13.784023	140.23463	-34.306877	-2.8339067	1.7466627	33.951645	-12.230298	-128.04861	2.5153637	21921.538340091705
195	780.3089	4.908522	785.8883	772.872	901.23987	3.6712406	906.7029	894.934	892.7462	13.16793	910.9394	869.2225	898.0516	4.2972827	904.46826	892.7808	1000.0	1000.0	1000.0	1000.0	779999	127.45439	13.883743	139.17986	-26.662458	127.45415	13.882138	143.22614	-44.78645	-2.8134809	1.780707	28.586016	-12.813315	-128.05148	2.3110163	22037.9589509964
196	775.6091	7.582103	784.9826	765.3973	909.5159	5.7196712	914.9374	896.62775	907.87646	5.65298	917.23517	897.52875	910.42126	2.6686196	913.52875	904.5996	1000.0	1000.0	1000.0	1000.0	783999	127.50882	13.777988	141.9253	-65.58381	127.50869	13.774296	145.18303	-24.6732	-2.852965	1.740772	25.967407	-13.124151	-128.10081	2.7113519	22154.7916328907
197	651.6507	259.5717	787.67523	132.55034	905.2897	6.2015057	917.2848	896.4899	904.09454	8.287023	919.04376	894.4681	901.4297	7.441609	911.8954	890.8841	827.8	1000.0	1000.0	1000.0	787999	127.46279	14.148296	139.2185	-51.79516	127.46332	14.147463	142.08589	-34.689133	-2.8559604	1.7505137	34.175114	-12.739527	-128.05771	2.4463937	22272.001927375793
198	762.4329	13.131656	772.09015	739.94086	907.13025	10.061155	926.28656	894.53375	916.7865	47.05135	1007.94275	866.25696	902.6919	15.348503	928.02094	885.6967	1000.0	1000.0	1000.0	1000.0	791999	127.5147	14.070735	139.88683	-38.222103	127.51467	14.068465	139.92133	-30.271809	-2.8509095	1.767571	30.780622	-14.20918	-128.11383	2.3305335	22392.0207965374
199	636.5333	274.0702	782.5171	88.62672	907.66296	6.743032	914.9101	897.6568	907.03046	7.122891	912.51886	889.3342	905.6776	8.418389	913.9207	891.5032	817.0	1000.0	1000.0	1000.0	795999	127.5223	14.044539	140.66417	-21.477837	127.52241	14.047666	140.60992	-23.628593	-2.8172789	1.7839974	33.849003	-13.051883	-128.12282	2.5012023	22509.639657735825
200	785.11835	8.138949	797.36115	775.01337	898.1948	10.580418	916.64136	882.47656	815.849	233.72414	910.6511	115.17544	891.96936	7.650983	903.6465	879.94543	1000.0	1000.0	921.8	1000.0	799999	127.58024	13.865861	140.90213	-36.404022	127.58031	13.8636	140.4787	-25.473446	-2.8674731	1.7311196	30.043446	-12.527842	-128.16963	2.337122	22627.672849416733
201	772.9672	8.703021	787.2396	764.2468	917.0633	31.584751	1009.37994	896.77356	912.9285	35.141598	1013.79767	891.14417	909.0379	9.753027	919.82715	887.27045	1000.0	1000.0	1000.0	1000.0	803999	127.57452	13.66882	140.05038	-40.580467	127.57418	13.670467	140.95981	-39.59358	-2.817265	1.7364849	33.568005	-14.135505	-128.16261	2.3790972	22744.484003543854
202	776.4149	7.6822586	783.1094	764.1029	951.51385	46.573483	1003.897	898.6319	925.4079	38.37197	1005.6107	894.8293	917.68536	36.56322	1001.24164	890.57947	1000.0	1000.0	1000.0	1000.0	807999	127.4981	13.847543	139.44847	-55.56587	127.49811	13.84499	143.518	-33.645306	-2.809855	1.7498558	34.55445	-12.232653	-128.08257	2.4600215	22865.5055475235
203	767.9838	19.032715	781.2464	735.1131	904.8949	7.381015	916.89435	895.1632	904.4147	6.6354136	917.8385	895.1808	825.59656	226.3747	920.1564	146.98438	1000.0	1000.0	1000.0	914.6	811999	127.56301	13.923623	146.09015	-51.692043	127.5629	13.922858	140.19795	-30.494553	-2.87545	1.7420526	31.63162	-12.333679	-128.15833	2.0943842	22982.445769309998
204	772.62885	3.011993	775.66724	769.1635	909.79266	5.723987	915.87036	898.5078	913.68	6.7131763	925.22034	900.6179	906.7085	8.36939	914.94226	892.9146	1000.0	1000.0	1000.0	1000.0	815999	127.63172	13.808692	139.8965	-29.630136	127.63103	13.80436	140.51086	-25.417442	-2.846549	1.7528799	34.296608	-16.47956	-128.2155	2.476131	23099.09802389145
205	776.5286	3.463416	781.72437	773.1431	896.94495	6.1761317	911.82697	888.38983	899.77344	10.529709	926.67883	887.96265	893.8329	6.427459	903.81146	879.8473	1000.0	1000.0	1000.0	1000.0	819999	127.61648	13.763986	147.70514	-31.96019	127.61652	13.76304	151.94641	-32.97177	-2.82662	1.7534909	28.912025	-12.510448	-128.20811	2.4515138	23216.259882450104
206	701.16046	128.96709	779.8943	477.83658	903.1123	6.886944	909.3692	884.86456	906.89856	8.788208	926.1042	893.7992	903.4243	7.656364	913.70874	891.8827	902.25	1000.0	1000.0	1000.0	823999	127.60801	13.75859	150.2131	-25.106482	127.60833	13.757967	140.61292	-26.537052	-2.8399746	1.7300947	27.591078	-13.878186	-128.19543	2.2090406	23334.07985019684
207	776.97845	7.215813	782.5689	764.5829	810.5206	291.9022	1009.09796	210.98325	965.5804	49.113373	1008.9722	895.78314	848.42206	222.464	1007.81757	193.8476	1000.0	848.2	1000.0	919.4	827999	127.54799	13.77467	140.09737	-98.97946	127.54886	13.767909	141.35254	-65.13354	-2.8117518	1.7450755	49.61782	-12.374093	-128.13243	2.6422622	23445.84369826317
208	776.0432	12.76281	793.1768	757.9796	911.07745	11.449639	925.56464	898.7037	841.41296	241.40562	1009.6625	128.41542	897.0047	13.522784	934.54944	887.33966	1000.0	1000.0	911.6	1000.0	831999	127.60324	13.541948	140.1886	-65.96222	127.60336	13.540522	139.91443	-27.389076	-2.8012629	1.7491634	38.310413	-13.630561	-128.19151	2.9183238	23559.936634540558
209	777.7241	9.059702	788.0507	767.4325	906.96436	31.7796	1001.4437	889.86505	894.7357	1.9232404	897.3563	891.4076	900.7909	32.149967	989.14496	866.92505	1000.0	1000.0	1000.0	1000.0	835999	127.50624	13.641225	139.8397	-23.954437	127.50675	13.641023	139.76695	-30.941467	-2.7833853	1.7502414	31.846684	-13.371283	-128.09781	2.3226402	23676.298309087753
210	779.8786	9.432553	793.2625	766.7153	646.30566	380.03625	902.2764	49.763325	825.38464	246.73175	974.1349	88.39312	886.1711	29.262516	902.2671	798.71857	1000.0	738.5	917.8	1000.0	839999	127.48625	13.663264	138.80428	-24.54482	127.48598	13.663041	138.7905	-27.630276	-2.8306704	1.732765	32.74345	-13.577374	-128.07408	2.362357	23787.504142522812
211	778.48865	7.898152	791.07086	771.436	909.01697	6.037586	918.197	898.45874	904.8082	7.4694195	920.6831	892.62714	898.80176	7.420013	915.01685	888.82404	1000.0	1000.0	1000.0	1000.0	843999	127.52719	13.589286	139.98465	-56.995377	127.52669	13.585942	140.04749	-26.927647	-2.8466034	1.7154659	30.285957	-15.158208	-128.11313	2.4771094	23907.556123256683
212	774.4741	6.0020475	780.23804	764.40796	908.0123	9.232833	921.552	891.17224	902.0267	8.038134	912.4434	890.25116	892.556	11.892844	920.92645	882.5299	1000.0	1000.0	1000.0	1000.0	847999	127.56688	13.553787	138.05627	-50.702637	127.56749	13.549306	138.74922	-26.7648	-2.8428411	1.7339889	28.748795	-12.24543	-128.15187	2.1280737	24023.239986419678
213	778.971	6.8367805	790.21716	772.3876	904.57	6.699601	912.85443	895.27	907.4368	12.394301	923.21216	881.78577	901.7744	8.41078	912.4104	890.08026	1000.0	1000.0	1000.0	1000.0	851999	127.63542	13.284877	139.70724	-28.252806	127.63609	13.28129	139.81906	-28.915045	-2.8447244	1.7270933	31.884022	-12.413557	-128.22069	2.2774832	24139.602585315704
214	783.4741	13.745473	803.1583	764.9361	870.66113	96.4858	912.872	582.06714	838.23206	200.46245	918.6701	237.385	820.3096	233.00734	913.1096	121.53916	1000.0	1000.0	924.2	911.4	855999	127.73812	13.427727	140.05917	-42.842846	127.73857	13.427797	140.41454	-49.51971	-2.8698528	1.7157277	32.37135	-13.227994	-128.33316	2.2356534	24254.490941524506
215	776.7209	12.026292	786.8923	756.6609	908.63544	8.822558	922.68744	897.96	916.55145	22.682423	979.6286	898.5734	911.6417	19.130615	947.7405	893.48346	1000.0	1000.0	1000.0	1000.0	859999	127.87526	13.20515	139.94968	-56.103195	127.8762	13.200367	139.965	-44.28357	-2.8717747	1.7069008	29.560408	-12.690925	-128.46954	2.1479778	24372.38637971878
216	770.395	7.214539	780.2816	763.17126	913.859	114.39111	1007.40356	601.80634	931.75	45.108696	1004.6544	891.1888	952.9579	51.274857	1005.97424	891.3482	1000.0	1000.0	1000.0	1000.0	863999	127.8933	13.499416	139.57156	-26.757322	127.89333	13.50034	140.20581	-24.335754	-2.8831053	1.6998061	32.855003	-12.287587	-128.48692	1.9999776	24492.24192547798
217	777.8881	1.8005662	780.0369	775.0871	924.8592	41.869133	1006.0074	894.4874	926.8298	40.601162	1001.0292	887.89545	928.66455	46.61392	1001.14026	892.06067	1000.0	1000.0	1000.0	1000.0	867999	128.02652	13.257013	139.12553	-72.6205	128.02643	13.256444	148.76747	-23.095201	-2.8622024	1.7071619	29.135702	-13.21077	-128.61787	2.420649	24610.110436677933
218	774.4381	0.9912944	775.7184	773.47107	964.9377	52.205048	1009.17053	894.567	915.18665	15.086373	938.3429	894.0334	924.9624	12.918868	940.5112	896.5659	1000.0	1000.0	1000.0	1000.0	871999	128.02332	13.40745	140.3178	-59.308468	128.02313	13.404852	140.06776	-28.086367	-2.8495557	1.7138516	30.215565	-12.4750805	-128.6218	2.3993347	24733.206456422806
219	778.3187	5.597793	782.6571	768.7183	908.1515	8.688056	916.8236	896.6653	908.9748	10.072795	918.67566	885.4244	909.4481	8.042565	916.13324	894.0925	1000.0	1000.0	1000.0	1000.0	875999	128.07722	13.162526	140.70276	-25.537092	128.07774	13.162911	141.17648	-29.663828	-2.8301175	1.7188926	29.649105	-13.545007	-128.67513	2.0850492	24851.072880983353
220	774.39996	6.099419	784.8577	769.60266	984.61884	11.872287	1003.9065	965.2106	988.14905	6.3223805	996.16174	977.29095	964.3644	40.390617	997.04987	855.64813	1000.0	1000.0	1000.0	1000.0	879999	128.1309	13.186262	140.694	-33.424053	128.13135	13.182039	140.95721	-31.090858	-2.823943	1.7260644	35.733418	-12.906236	-128.72296	2.780148	24972.4230594635
221	775.6861	2.8596327	780.2281	772.76	909.3656	6.0790353	918.0445	899.3865	765.9813	281.69836	915.33954	165.02061	902.3374	5.2744265	910.2596	893.1836	1000.0	1000.0	838.8	1000.0	883999	128.16751	12.967269	140.91382	-38.763012	128.16673	12.972332	140.3573	-26.205296	-2.8651075	1.6867843	24.647053	-12.127097	-128.74858	2.1295354	25089.586849927902
222	778.70654	12.264437	792.54645	759.6869	901.2723	5.6403484	911.54987	890.69324	902.3278	5.806419	911.3615	894.27606	900.5443	4.728155	909.08905	892.4779	1000.0	1000.0	1000.0	1000.0	887999	128.14902	12.949352	140.63187	-49.442844	128.14917	12.947502	140.20648	-34.867657	-2.8603685	1.6827798	29.939167	-12.404211	-128.72719	2.2609794	25205.749420404434
223	774.95544	10.373994	785.833	760.802	914.49445	9.858201	932.05725	898.64355	921.40576	26.571484	998.96484	897.558	911.4476	9.508989	922.96313	895.59576	1000.0	1000.0	1000.0	1000.0	891999	128.1041	13.113351	140.79205	-49.240044	128.10379	13.114138	140.4203	-34.1492	-2.879023	1.7055509	32.29591	-13.228578	-128.69083	2.0393608	25322.28408765793
224	772.853	4.2519646	776.1245	765.5841	918.59314	30.491047	1005.6861	897.9058	927.0715	41.056324	1007.0219	890.3723	908.5216	11.388844	926.8498	890.56213	1000.0	1000.0	1000.0	1000.0	895999	128.14243	12.963825	140.49664	-58.48931	128.14249	12.960721	139.83498	-31.947289	-2.893063	1.6725403	38.516663	-15.15317	-128.73555	1.8700881	25440.177128314972
225	778.6964	7.5951147	790.19763	768.9055	910.0026	9.099936	924.62524	894.49695	901.0998	9.049326	925.8491	892.1488	909.65466	9.384973	923.08307	894.1013	1000.0	1000.0	1000.0	1000.0	899999	128.18213	12.924058	140.2213	-38.772636	128.18254	12.919721	139.27087	-39.441162	-2.8704307	1.68967	30.297749	-12.884582	-128.76654	2.379855	25556.749859571457
226	778.7088	4.249198	783.21686	772.20636	906.4873	8.113009	922.4982	895.049	903.5809	6.711483	917.9297	894.39465	908.292	9.265802	918.5578	890.42816	1000.0	1000.0	1000.0	1000.0	903999	128.04607	13.100356	139.87552	-35.708637	128.04613	13.102155	143.0389	-32.508682	-2.8353138	1.694059	43.401375	-16.466288	-128.63576	2.351419	25677.78788638115
227	775.6096	7.153415	787.39825	768.5381	602.24097	356.5239	901.87024	90.146355	644.7617	362.87915	913.2271	80.748	868.5643	48.906963	904.09955	747.70544	1000.0	722.9	771.1	1000.0	907999	127.96648	13.16528	146.53044	-55.615417	127.96682	13.161022	139.73279	-33.021305	-2.9005854	1.6518292	33.99438	-14.241871	-128.55327	1.7931628	25787.852120161057
228	778.5729	7.252707	786.8166	769.5742	911.7205	7.7944913	919.8571	891.7109	906.8096	7.8107553	918.5648	894.06354	910.5495	7.015065	916.46735	896.4669	1000.0	1000.0	1000.0	1000.0	911999	127.96924	13.019612	140.53195	-53.94196	127.96997	13.0129795	140.06462	-29.806679	-2.8520083	1.6864573	28.374247	-14.234614	-128.55617	2.2726426	25904.54809975624
229	775.64307	3.3122087	779.0271	771.04724	904.77966	8.829635	915.386	884.44006	904.46594	6.6669903	916.677	895.3294	898.45215	12.116999	918.485	885.50073	1000.0	1000.0	1000.0	1000.0	915999	127.94244	13.069647	139.65955	-34.84995	127.94286	13.067881	139.66205	-32.49716	-2.881805	1.6904997	37.385002	-13.385829	-128.5309	2.010066	26025.193242549896
230	775.7229	7.0699487	783.80676	764.41364	940.01697	55.139973	1009.10364	888.4334	879.54944	238.3079	1010.00366	183.98506	948.0934	46.396236	1008.2337	884.18756	1000.0	1000.0	919.6	1000.0	919999	128.00803	12.915268	140.05754	-34.915596	128.00803	12.91562	140.02625	-33.484116	-2.874545	1.6828458	29.714132	-14.560901	-128.59361	2.34053	26143.270075559616
231	777.85266	9.879937	787.9731	761.79895	820.6755	71.0275	900.563	718.8192	872.0504	30.745455	902.4706	797.0012	857.00635	22.707382	893.4329	818.8012	1000.0	1000.0	1000.0	1000.0	923999	128.00214	12.964437	140.13258	-76.14914	128.00168	12.965179	140.55739	-37.798664	-2.8855906	1.6789579	27.802265	-12.32309	-128.58598	1.8872432	26262.01921248436
232	771.6292	6.3768473	781.1526	763.676	910.1035	5.1040697	915.0774	900.35175	833.51855	232.705	920.3522	135.67804	907.4093	5.9935308	915.88074	898.01056	1000.0	1000.0	912.2	1000.0	927999	128.07951	12.944301	139.27045	-28.276722	128.08018	12.936451	138.77498	-24.964056	-2.8736494	1.6783628	31.558798	-11.63703	-128.66653	2.3181703	26378.923348665237
233	780.8817	11.130887	796.46313	766.64197	904.1592	4.561599	910.12305	895.39075	853.02313	144.19931	911.8451	420.94968	876.29785	71.402504	909.1373	662.67053	1000.0	1000.0	1000.0	1000.0	931999	128.07222	12.919756	139.72955	-82.45041	128.0718	12.91745	140.56058	-39.99954	-2.8560793	1.6736287	31.579	-13.176862	-128.65012	1.9561485	26498.886566877365
234	778.80005	5.286556	784.5088	770.2586	944.97424	34.070946	1006.2757	898.5087	976.1625	46.068974	1010.926	888.97235	955.2378	50.926975	1006.8922	889.9581	1000.0	1000.0	1000.0	1000.0	935999	128.08194	12.85002	139.97607	-59.82491	128.0823	12.848403	140.18364	-31.601286	-2.8383694	1.6835899	30.403	-13.997309	-128.65778	2.121794	26630.09569478035
235	791.6151	10.5104	807.4769	779.0829	911.92395	11.696458	930.10925	896.80664	915.0254	11.920809	935.94116	900.7351	910.4219	12.281485	933.63934	892.7452	1000.0	1000.0	1000.0	1000.0	939999	128.11456	12.977028	140.37207	-27.148035	128.11403	12.979174	140.61124	-22.702538	-2.856884	1.6889489	30.693014	-14.685912	-128.69751	2.0400376	26747.802613973618
236	780.54913	3.672474	784.1424	774.4389	999.6527	4.858317	1007.3772	991.575	970.1424	47.855175	1007.05396	894.7038	967.34766	45.78834	1002.33014	891.2442	1000.0	1000.0	1000.0	1000.0	943999	128.2159	12.7359495	139.928	-90.21712	128.21582	12.729688	139.94917	-28.88816	-2.9041584	1.6710324	33.399746	-12.417616	-128.80367	2.2593706	26864.581018686295
237	777.65015	7.7372932	788.04065	766.88385	926.51105	29.66839	999.78357	894.8149	868.33105	251.74242	1006.6655	122.44364	914.31604	33.491215	1003.30396	887.20233	1000.0	1000.0	911.5	1000.0	947999	128.28574	12.852368	140.32532	-50.10579	128.28603	12.848195	139.90411	-25.850153	-2.878635	1.6451609	30.189169	-12.786378	-128.87029	2.240051	26981.267452716827
238	654.56696	245.37177	787.51953	163.96405	915.27527	9.280067	924.94574	890.2275	907.02814	14.078254	936.79846	890.161	904.0596	9.481826	921.3929	890.25275	835.6	1000.0	1000.0	1000.0	951999	128.30457	12.989435	140.28357	-27.732157	128.30421	12.986376	141.45163	-19.168497	-2.8648357	1.6890655	31.133587	-12.68148	-128.89575	1.9764084	27104.099077939987
239	776.4381	7.295081	783.97394	764.8541	908.68005	9.565681	924.7035	897.62317	841.9172	221.19798	997.0804	183.63234	902.37225	5.176461	913.2372	895.8443	1000.0	1000.0	917.7	1000.0	955999	128.39882	12.910009	140.45532	-80.29893	128.39848	12.907213	140.35645	-26.82075	-2.8791265	1.6997148	31.738297	-12.497432	-128.99107	2.508076	27221.208039999008
240	774.5915	2.866631	779.341	772.0746	955.61584	45.409042	995.38214	897.2215	926.0956	47.55349	1002.9053	875.7823	931.4186	50.06199	994.0698	884.5659	1000.0	1000.0	1000.0	1000.0	959999	128.42422	12.843574	140.3496	-32.439945	128.42316	12.845602	140.35059	-26.868925	-2.8647828	1.6800429	31.85686	-13.0763645	-128.99876	2.144052	27348.40603542328
241	780.9091	8.440707	787.23846	766.442	930.64844	48.73988	1009.723	893.878	908.68134	32.60067	1005.51575	889.9245	910.3285	31.795456	1003.2126	893.7508	1000.0	1000.0	1000.0	1000.0	963999	128.42049	12.852786	140.64049	-34.541504	128.42099	12.8512335	140.63611	-24.40866	-2.8479764	1.6988887	31.935589	-13.933296	-128.99918	2.2476685	27465.220111846924
242	789.21564	5.769717	794.51276	779.48773	938.1414	44.030758	1008.5557	899.5501	943.9701	49.703815	1011.2472	897.9148	981.40857	40.97928	1008.715	897.3865	1000.0	1000.0	1000.0	1000.0	967999	128.37625	12.7832575	139.92679	-38.782074	128.37683	12.776699	140.42613	-27.073118	-2.874293	1.6601244	28.069246	-12.362778	-128.96542	2.3828616	27581.756995916367
243	774.4278	4.456924	782.1185	771.34937	933.9172	46.867065	1007.95856	897.3728	918.9704	41.914402	1005.86993	894.57135	938.0985	51.45602	1002.6479	887.81976	1000.0	1000.0	1000.0	1000.0	971999	128.32005	12.945096	141.08423	-27.309942	128.3203	12.941357	140.6586	-21.81527	-2.8707578	1.6846136	25.296455	-12.487805	-128.9123	2.6821032	27699.613827705383
244	780.33813	5.1495204	788.0491	774.9632	924.4001	49.032135	998.7076	854.43756	939.9009	50.782326	1008.2233	894.38794	926.07196	44.980648	997.0871	892.3092	1000.0	1000.0	1000.0	1000.0	975999	128.37984	12.798141	146.08583	-120.274284	128.38065	12.793177	142.6336	-23.67366	-2.846565	1.7150525	34.150593	-12.674254	-128.97316	2.2827485	27816.840512275696
245	774.78625	6.731365	783.8658	765.11005	963.2252	50.671364	1009.31555	899.05634	969.6517	46.294662	1008.946	898.2779	955.5379	47.597572	1001.8619	890.77936	1000.0	1000.0	1000.0	1000.0	979999	128.34612	12.574845	140.18976	-49.713146	128.34679	12.569477	139.78473	-23.722027	-2.848675	1.6650959	24.665405	-12.549165	-128.93288	2.182484	27938.103893756866
246	633.35986	274.27386	781.27814	84.976814	909.93475	32.082287	1005.1119	894.97705	922.9088	44.276985	1006.928	890.741	896.6	7.800365	911.5611	886.99396	818.8	1000.0	1000.0	1000.0	983999	128.30862	12.615668	139.63794	-50.88698	128.30862	12.614031	139.78917	-29.967714	-2.8884187	1.6624519	28.787766	-12.658153	-128.8977	2.089621	28055.323598623276
247	779.13245	6.2228417	787.238	769.9007	963.25116	48.61031	1007.84674	899.38214	940.91797	50.79323	1009.183	896.26324	937.6841	49.449356	1003.5982	894.2434	1000.0	1000.0	1000.0	1000.0	987999	128.3774	12.409184	138.89404	-51.87573	128.37914	12.407754	139.29315	-52.304096	-2.880205	1.6891444	34.3733	-13.724011	-128.9681	2.1295483	28173.395216226578
248	774.4307	2.9857972	778.4072	770.0206	887.6128	41.189632	903.4929	764.1238	910.20135	23.848906	981.43634	898.6797	909.0677	29.625591	996.96124	890.7068	1000.0	1000.0	1000.0	1000.0	991999	128.40094	12.427368	142.69804	-29.650446	128.40164	12.422371	139.80376	-26.462305	-2.8764443	1.662	26.076147	-13.727079	-128.97885	1.8820125	28292.74816966057
249	774.6124	5.3543787	780.8895	767.8133	899.7023	9.253015	915.1183	886.3041	898.86816	6.2656975	910.47174	885.4397	886.53534	8.369771	897.9974	876.53894	1000.0	1000.0	1000.0	1000.0	995999	128.40652	12.6171665	140.24089	-23.83791	128.40654	12.616271	142.0114	-25.740377	-2.9001338	1.6602299	31.755787	-15.588402	-128.99605	2.130811	28409.603508472443
250	772.503	7.462054	778.19696	759.7806	900.32227	6.0779705	914.9404	892.98206	899.0331	6.500515	916.5663	890.2957	895.49835	5.333405	906.62054	888.47943	1000.0	1000.0	1000.0	1000.0	999999	128.4329	12.679668	158.16545	-65.12932	128.43387	12.675939	161.31534	-29.9143	-2.8749788	1.6752039	32.78953	-11.955284	-129.01904	2.5639536	28524.75228357315
