Epoch	AverageEpRet	StdEpRet	MaxEpRet	MinEpRet	AverageTestEpRet	StdTestEpRet	MaxTestEpRet	MinTestEpRet	AverageTransferEpRet	StdTransferEpRet	MaxTransferEpRet	MinTransferEpRet	AverageRandomEpRet	StdRandomEpRet	MaxRandomEpRet	MinRandomEpRet	EpLen	TestEpLen	TransferEpLen	RandomEpLen	TotalEnvInteracts	AverageQ1Vals	StdQ1Vals	MaxQ1Vals	MinQ1Vals	AverageQ2Vals	StdQ2Vals	MaxQ2Vals	MinQ2Vals	AverageLogPi	StdLogPi	MaxLogPi	MinLogPi	LossPi	LossQ	Time
1	16.93129	3.7036881	32.96735	10.225529	78.66698	13.682864	92.84959	50.65568	84.29463	10.497528	94.35055	62.950848	73.51811	17.521883	98.55166	41.79898	14.474638	76.0	81.4	71.7	3999	11.31578	7.1370955	26.423098	-2.0318022	11.315133	7.136749	26.668737	-2.3223622	-2.7522018	1.7117721	9.455857	-12.835316	-12.582013	0.46084538	52.9105498790741
2	16.67094	3.1271667	33.548496	10.541004	65.36033	10.260418	74.77992	37.765022	62.827374	14.19975	75.543594	31.731623	77.643105	18.204905	104.15243	38.879906	14.224199	64.8	83.3	84.6	7999	27.078222	12.90959	48.547905	-5.829652	27.078712	12.907722	48.19071	-9.121046	-1.9020985	2.8971157	16.166786	-13.60688	-29.531622	0.92141175	127.24824285507202
3	23.246527	17.110044	92.04372	11.128377	76.87939	25.117912	127.26184	31.261887	133.03467	193.26106	705.90186	27.767143	77.9701	27.944653	139.20107	50.7182	23.933332	94.3	176.6	82.9	11999	42.53544	18.14904	65.02953	-8.953197	42.53566	18.148092	65.463875	-11.024606	-1.166558	3.6494105	24.511282	-13.758075	-46.060173	3.412544	198.88507890701294
4	66.64035	18.08953	100.888565	25.029116	78.364876	21.367195	101.47672	45.384987	92.13953	29.824963	155.19734	46.428425	83.92552	26.309444	121.93463	29.713615	77.84314	79.3	82.6	78.4	15999	52.317844	22.430872	76.7889	-18.436642	52.316795	22.431118	76.65016	-20.557625	-1.1029383	3.724833	23.894913	-12.663048	-55.631046	3.6987507	268.26474928855896
5	66.6263	24.498842	196.85594	17.328915	87.502846	12.545902	103.60556	64.601776	80.16408	10.774198	99.532074	63.836033	94.44198	21.063107	125.85509	67.089775	76.86793	70.5	66.5	75.6	19999	56.74981	27.531979	85.67309	-12.613339	56.74951	27.531595	86.635124	-13.786765	-0.9472299	3.6362307	26.20035	-14.6800995	-59.85521	4.9475946	336.21809482574463
6	80.95829	28.67114	149.79102	30.151108	149.39961	31.571291	230.13399	112.64383	149.6958	56.53031	302.57965	89.97866	143.56076	19.617552	165.1127	106.275734	98.6	140.5	135.6	138.2	23999	58.30798	30.435213	91.24479	-11.752838	58.30971	30.430532	92.19684	-13.250906	-1.1253569	3.506819	28.937359	-12.3189125	-61.15242	6.0125604	407.34479236602783
7	84.93867	37.819225	151.10257	18.994396	303.01355	270.05072	998.61096	35.582336	527.6811	397.41772	1002.0787	83.18033	257.49182	257.06015	992.33563	74.686485	136.17241	303.7	527.7	262.2	27999	59.315643	30.91017	95.29303	-14.416566	59.31706	30.90482	97.422745	-19.369778	-1.1646106	3.3397255	27.60681	-13.990769	-61.891792	8.750547	487.00940132141113
8	117.241745	45.27146	216.26767	24.752028	236.34233	67.675545	381.25644	133.72256	138.63919	100.67174	369.53735	51.106277	154.73593	110.333984	380.6732	28.68946	167.0	238.2	169.2	182.8	31999	60.28479	30.936213	97.39855	-16.366392	60.28627	30.934544	98.08823	-20.301882	-1.0849488	3.2578456	29.429907	-13.525184	-62.59068	11.654599	558.7545428276062
9	166.00679	76.43239	281.2485	28.817741	635.35913	261.28098	848.0459	134.63667	587.238	296.85306	883.17096	100.068855	559.1501	298.6897	811.20355	87.89004	223.6842	783.7	721.5	697.8	35999	61.27516	30.395876	97.545044	-19.247486	61.276424	30.394756	99.17821	-20.22248	-1.0406532	3.2300956	26.67894	-13.85257	-63.385845	11.861722	654.0054066181183
10	199.51868	115.4521	460.10367	48.924824	643.2214	218.65994	805.0012	104.74141	701.12366	170.85687	802.4325	208.34282	665.6948	196.31631	828.8509	238.07536	322.5	862.5	921.1	859.9	39999	62.5794	30.084011	98.0086	-21.61355	62.579594	30.084852	98.86966	-17.817278	-1.0632691	3.163236	28.923286	-15.115526	-64.51606	12.464801	757.1564657688141
11	277.43668	151.83102	598.8349	110.5577	547.5942	285.59427	896.13715	134.41235	749.76086	273.48035	984.0238	123.95637	627.06116	280.92587	893.17975	168.48633	414.9	691.9	853.8	783.9	43999	64.69335	29.711103	98.03323	-17.871511	64.69274	29.711615	100.5267	-27.645952	-1.088546	3.1525273	30.851389	-13.626909	-66.52129	11.936517	854.4296841621399
12	197.07764	97.02055	379.79242	88.00242	700.28015	202.33577	892.13055	124.58698	695.796	142.32332	870.31415	391.46707	823.23096	63.201225	892.5634	704.7032	268.6	911.1	974.4	1000.0	47999	66.54576	29.380232	99.96827	-23.499763	66.54571	29.38187	99.8529	-14.379191	-1.1570299	3.0769265	36.25809	-14.351546	-68.2496	11.455766	960.7039551734924
13	291.86353	149.21033	626.03925	149.46065	461.88434	215.21965	793.4275	235.33813	280.96057	110.57337	509.4323	137.77182	306.95312	169.99893	791.9861	184.04047	400.2	599.9	300.4	342.8	51999	68.51246	29.30489	101.05316	-23.601019	68.51278	29.30412	102.1662	-27.796534	-1.1574974	3.0792267	27.347525	-12.73884	-70.13808	10.632013	1042.6579329967499
14	316.86926	163.14166	641.1433	111.22681	430.61093	298.44406	894.16626	171.56693	467.87872	318.71332	887.50006	55.226326	348.1762	160.33643	717.2895	159.14076	437.33334	472.3	541.4	377.6	55999	70.45812	29.276274	105.19435	-17.673134	70.45874	29.275248	103.104126	-23.225527	-1.1575569	3.0457656	32.957115	-14.376717	-72.0319	10.332041	1127.2566039562225
15	383.41232	223.06729	735.36017	49.61316	400.14258	244.39107	893.9654	147.93036	640.4444	277.55298	896.209	213.50034	561.4378	276.82956	886.8585	161.86742	509.875	468.2	734.7	654.0	59999	73.13055	29.075619	104.89717	-22.123657	73.1313	29.07329	103.86087	-27.305902	-1.2004248	3.0627015	33.063156	-13.731699	-74.67364	9.352213	1219.8689198493958
16	293.16467	228.48242	715.7486	35.56419	835.0262	154.46452	896.4877	372.23486	858.8851	55.234688	895.4312	710.2963	844.9593	49.20609	894.785	722.1954	398.7	949.5	1000.0	1000.0	63999	75.278435	29.111055	108.09039	-23.482662	75.27884	29.108969	105.37243	-23.936117	-1.2797053	2.988707	38.706116	-13.222063	-76.745575	8.598401	1328.192509174347
17	425.15155	183.04254	700.52356	206.56578	670.5588	246.0218	981.2742	164.96027	570.0379	277.18796	986.51953	174.2366	556.21155	279.47476	983.66187	232.43073	576.4286	759.6	657.1	631.0	67999	77.33398	29.58774	109.32397	-37.7096	77.33448	29.586308	106.49429	-33.230648	-1.2936003	2.9660063	37.182163	-12.654255	-78.76555	8.774775	1422.1465079784393
18	493.5276	238.46812	716.0265	173.0036	745.4724	283.5612	943.0748	180.97525	758.0387	281.98798	989.1928	163.01883	815.6439	226.48546	924.8748	148.7239	696.4	852.3	857.6	922.2	71999	79.41044	29.86537	111.37548	-31.811691	79.410645	29.864216	110.12448	-23.472406	-1.3081677	2.976647	34.526928	-12.56261	-80.8023	8.980451	1525.5729176998138
19	739.3358	33.639694	767.963	681.95056	574.7398	289.22134	955.79004	197.94957	580.7882	302.82877	901.67236	194.57607	717.4138	299.94	945.9867	218.60345	1000.0	606.8	638.5	777.4	75999	81.71812	29.885664	113.010735	-31.468431	81.71846	29.88539	110.90028	-17.792862	-1.3500737	2.9842916	31.94172	-12.141259	-83.11568	8.474612	1619.4922592639923
20	623.72174	136.40662	724.1207	357.93115	797.133	252.3098	889.4328	40.410416	766.352	196.72092	894.9907	269.87482	555.7912	400.0145	904.90826	28.579971	855.4	917.6	942.4	675.3	79999	84.22827	29.833519	114.98227	-37.381252	84.22878	29.832977	112.36613	-36.282207	-1.4533935	2.9448986	28.288116	-14.877673	-85.568375	7.857366	1721.901936531067
21	724.97986	31.397398	760.1088	677.069	724.3202	229.73312	965.79114	265.23706	726.2927	198.84152	905.59467	233.59685	531.9165	239.5924	885.42523	218.8545	1000.0	865.3	891.5	714.8	83999	86.39344	29.84159	114.4811	-25.819246	86.39387	29.840103	114.396255	-24.392818	-1.5355717	2.913906	31.187534	-14.237557	-87.74131	7.199087	1821.324749469757
22	548.2064	166.52252	741.33453	279.69876	900.1009	77.97095	986.2408	794.1606	710.2559	276.51428	983.43555	194.36356	890.6122	58.565796	979.6018	798.2276	722.2	1000.0	792.4	1000.0	87999	88.5126	29.812704	115.89517	-32.481907	88.5131	29.81134	118.43183	-26.534496	-1.5468208	2.9263477	25.695093	-14.048319	-89.8111	6.665259	1926.8412580490112
23	561.93604	156.97958	754.9724	318.67102	876.75867	53.35062	971.62823	771.92554	843.8822	50.157578	899.8507	747.12	855.36096	72.56622	965.9602	684.9649	717.5	1000.0	1000.0	1000.0	91999	90.11466	29.97061	116.88706	-23.376884	90.11499	29.96959	116.74009	-28.79595	-1.5731634	2.8815033	32.73572	-12.740723	-91.38982	6.477921	2035.5245077610016
24	533.0887	310.64056	778.71783	11.362492	846.90594	40.49238	898.5451	799.4938	797.73895	152.8698	904.8049	359.52136	825.1173	37.190536	884.6234	766.7216	711.6	1000.0	967.4	1000.0	95999	91.71029	30.10541	118.48308	-32.60171	91.71058	30.106064	119.742584	-33.39277	-1.6098728	2.8891609	29.123081	-14.734476	-92.932144	6.8636503	2143.1056389808655
25	609.5783	187.60344	766.8485	275.34427	816.0921	72.542366	896.29895	697.1832	798.67236	225.00253	897.6723	133.27066	835.96173	70.48506	896.12354	710.66656	813.0	1000.0	931.1	1000.0	99999	93.37033	30.165243	121.05483	-27.405128	93.37026	30.165272	120.24332	-30.856327	-1.6131214	2.892802	29.165676	-13.585331	-94.578064	6.508964	2252.0109074115753
26	686.75745	50.235996	755.3927	632.5424	686.6222	89.30807	866.5124	580.7943	768.59265	66.06027	871.19586	600.91785	754.30597	90.74155	869.711	589.73474	961.5	1000.0	1000.0	1000.0	103999	94.73663	30.15922	127.572754	-38.754864	94.73661	30.160746	125.684525	-50.313713	-1.6815888	2.8499434	33.94837	-12.91128	-95.90486	6.7511334	2361.41615152359
27	579.12616	237.02687	784.954	222.15497	881.2541	47.769012	961.0443	793.06775	816.09326	197.76694	953.63226	235.68742	840.69806	148.26141	950.03046	410.9472	742.4	1000.0	922.9	950.2	107999	95.93739	30.186836	123.7367	-26.262012	95.93729	30.189062	125.26983	-29.948814	-1.6559864	2.8717408	26.251701	-13.811256	-97.091606	6.532733	2469.4864292144775
28	749.1929	10.408508	763.34094	733.9757	754.0243	151.17427	990.89795	587.5726	896.28204	109.011116	998.2802	595.0039	902.1667	59.289165	983.689	788.8482	1000.0	1000.0	1000.0	1000.0	111999	97.4222	30.02865	124.500496	-28.124846	97.42206	30.030174	126.526855	-39.84336	-1.6705343	2.905525	31.706432	-13.11247	-98.53984	6.617451	2578.825081348419
29	770.23254	7.2198377	782.1512	762.7879	915.2015	65.47289	999.9757	810.1052	936.71497	74.52239	999.48706	804.12616	901.01807	76.34506	997.07825	810.67755	1000.0	1000.0	1000.0	1000.0	115999	99.18512	29.632061	123.23159	-36.671814	99.18527	29.633005	124.694664	-22.194138	-1.6932433	2.9317756	33.165585	-13.417751	-100.33122	6.405944	2688.5805196762085
30	768.04333	3.0272079	771.0782	763.6804	672.95233	77.413506	802.4425	598.4836	707.19916	226.20111	894.0213	73.956345	747.96814	56.931347	887.0603	687.82404	994.0	1000.0	911.4	1000.0	119999	100.55065	29.560194	124.51935	-33.77205	100.55057	29.56224	123.88959	-36.528564	-1.7537382	2.901537	29.3037	-14.08091	-101.64829	6.070182	2795.9036569595337
31	649.4547	200.84581	768.98615	248.87636	724.31213	196.12167	967.0826	210.4602	820.1522	121.126656	983.6793	598.32635	837.359	72.254166	962.36505	689.5311	859.6	941.4	1000.0	1000.0	123999	101.76602	29.448608	128.23593	-30.699518	101.76628	29.450327	126.69787	-37.431923	-1.7233187	2.9199615	32.78121	-14.931176	-102.853386	5.9870467	2905.206159353256
32	698.20087	94.46359	778.7188	540.7433	719.57916	118.047585	983.83655	599.30585	784.7959	101.59789	896.5494	595.0088	784.6027	104.722404	961.38727	670.3062	914.5	1000.0	1000.0	1000.0	127999	102.75165	29.275312	132.6553	-27.639755	102.75165	29.278982	131.19775	-40.59314	-1.7843539	2.9136848	31.306475	-13.320615	-103.77995	5.9316063	3015.970292329788
33	758.8982	5.583189	767.57104	753.56024	801.46954	59.63304	901.45135	695.5951	809.6589	70.17227	917.47314	699.5818	805.4502	63.62787	896.4292	702.0657	1000.0	1000.0	1000.0	1000.0	131999	103.53822	29.259384	135.25081	-30.125347	103.53821	29.262463	133.73018	-30.421263	-1.7881569	2.9204865	27.703876	-12.788391	-104.5777	5.79458	3125.566077232361
34	613.6799	187.75302	782.02106	294.30136	821.8169	41.724094	905.1226	795.297	883.55225	51.976913	987.90845	795.6228	867.89905	34.587547	907.14087	802.629	806.8	1000.0	1000.0	1000.0	135999	104.81221	28.650434	140.27202	-19.852287	104.81261	28.652996	140.42924	-28.996134	-1.8113067	2.9572692	38.571808	-12.859386	-105.83409	5.7767043	3236.349275827408
35	724.46124	55.648968	783.9819	637.6071	798.1722	47.720524	875.5795	712.871	742.9781	170.21045	886.15265	282.1398	806.29895	69.367645	877.03735	675.9661	996.75	1000.0	937.3	1000.0	139999	105.59077	28.59732	138.82874	-24.375198	105.59091	28.59904	138.07779	-31.605145	-1.8659116	2.8875194	33.387867	-15.958423	-106.5862	5.68375	3346.155620574951
36	729.34015	62.801586	775.7415	623.0428	759.4154	330.1159	1000.4434	102.21041	831.06995	192.82439	1000.15796	269.07065	857.97363	208.70544	993.5089	241.36551	942.5	843.0	938.6	933.8	143999	106.1963	28.425047	137.38753	-40.275803	106.19619	28.428408	136.3462	-38.823246	-1.8398826	2.846191	31.968575	-12.543835	-107.16925	5.561872	3451.3345069885254
37	757.59674	25.06708	782.0612	715.7346	914.1053	32.376595	980.4004	891.48596	901.4499	51.774757	988.19464	793.5729	926.53156	32.92616	982.4077	890.22144	1000.0	1000.0	1000.0	1000.0	147999	106.93647	27.631798	138.47488	-46.22408	106.93656	27.63273	141.2751	-34.540646	-1.7204974	2.9068966	34.55992	-12.957872	-107.92915	5.603	3563.0274624824524
38	662.3572	125.38049	772.42035	502.14664	896.7142	3.951434	902.38153	889.3676	885.27997	31.018164	901.9618	794.83496	882.3107	30.41083	901.8658	792.4564	876.4	1000.0	1000.0	1000.0	151999	107.83582	26.029003	138.56581	-37.153175	107.83522	26.032238	138.13564	-30.281519	-1.72158	2.7703629	31.146732	-12.497015	-108.804794	5.269667	3671.592298269272
39	480.49234	235.27483	740.98114	88.055145	756.2502	63.39839	887.525	696.69403	703.6983	196.46169	892.3608	162.00774	806.09406	65.77376	882.2221	695.56	653.0	1000.0	929.7	1000.0	155999	107.30745	26.528175	133.70546	-34.25852	107.30761	26.529797	134.7776	-43.318844	-1.6915612	2.6524935	28.056435	-16.315475	-108.22772	4.6410365	3779.935402870178
40	710.6394	20.429344	738.47833	688.67316	800.4376	3.508101	806.14	792.6811	733.8716	240.17276	896.4321	18.397861	813.42053	28.880625	887.72473	795.7527	1000.0	1000.0	905.4	1000.0	159999	106.34644	27.333305	131.95674	-30.214737	106.34679	27.333538	130.79881	-40.20134	-1.6577842	2.5824502	32.52798	-15.735242	-107.222404	4.631389	3888.051198720932
41	692.26044	10.86893	702.5959	676.9161	907.45215	70.69702	992.3533	800.418	815.5404	213.06364	980.1186	194.3025	951.1618	38.089046	989.99335	895.7087	1000.0	1000.0	919.5	1000.0	163999	106.00654	27.674904	126.95716	-33.53703	106.00684	27.678143	127.08783	-39.3223	-1.6580046	2.5782266	32.419113	-14.178477	-106.86549	4.8607187	3994.5358951091766
42	696.4542	15.979818	720.4674	676.8636	942.83105	45.41169	1000.24554	901.9013	902.1076	8.400059	912.7521	882.72363	901.61707	7.287237	908.1235	885.8871	1000.0	1000.0	1000.0	1000.0	167999	106.02618	27.488523	129.08673	-31.83397	106.02597	27.492828	127.157646	-32.189842	-1.6057022	2.608228	32.94727	-12.977508	-106.885895	5.087829	4104.595911741257
43	686.95374	41.99393	714.7302	614.3483	873.41864	46.94991	900.9626	760.9669	878.2941	50.838577	903.85834	726.699	883.0695	19.763487	896.6138	834.1257	974.5	1000.0	1000.0	1000.0	171999	106.01924	27.249056	130.7214	-32.37819	106.01919	27.25258	128.08813	-30.80606	-1.6232706	2.6020918	29.149767	-14.555534	-106.86406	4.9870796	4214.814781904221
44	709.3086	16.186697	731.30505	692.7181	951.3053	60.468327	1001.1947	820.277	929.64734	45.224815	1000.30945	892.46716	905.1084	44.25355	975.5598	835.5979	1000.0	1000.0	1000.0	1000.0	175999	106.23688	26.885456	130.2872	-29.721642	106.23679	26.886337	127.498	-45.123375	-1.6524826	2.5837312	38.479824	-16.504366	-107.061424	4.9179735	4325.3247809410095
45	635.98315	139.5323	722.6698	394.39706	883.36926	18.519148	912.8802	866.3947	895.88525	46.89787	995.97064	801.4279	888.89923	37.48549	982.84296	849.94617	911.0	1000.0	1000.0	1000.0	179999	106.28368	26.784258	130.54654	-19.254938	106.28391	26.783365	127.949425	-35.582752	-1.6162366	2.605957	30.845486	-12.8435955	-107.1259	5.024784	4435.3617560863495
46	709.11884	24.049078	744.60205	681.3183	986.6631	28.984814	1000.9937	901.02966	901.15314	57.93673	998.5723	809.5928	983.1786	15.631608	995.51373	938.9598	1000.0	1000.0	1000.0	1000.0	183999	106.66884	26.68698	130.8563	-29.711033	106.66827	26.689116	128.34494	-28.460295	-1.6009325	2.620069	43.19317	-17.373463	-107.500626	4.947793	4544.856102228165
47	710.18933	12.190187	722.1005	690.3036	950.93536	47.958595	1000.58997	900.1615	957.24207	47.003452	999.2969	892.8729	945.6759	47.146202	988.70764	870.89355	1000.0	1000.0	1000.0	1000.0	187999	107.19682	26.563541	130.10005	-34.402447	107.19683	26.564411	129.84418	-30.210157	-1.6394042	2.6133301	38.590218	-15.181149	-108.03137	4.8913646	4654.595755815506
48	685.9767	25.363403	711.6421	653.5656	946.3337	48.30972	999.45874	883.72046	916.56445	59.979168	995.7092	791.2714	940.7085	53.640972	996.06464	829.81464	1000.0	1000.0	1000.0	1000.0	191999	107.56479	26.621916	148.46776	-27.335066	107.56481	26.621872	143.96057	-29.782314	-1.6669912	2.597397	31.519444	-12.947271	-108.39019	4.8819504	4765.1050498485565
49	700.61945	19.963726	720.5518	674.7661	921.7119	37.611065	994.9954	895.96295	889.82043	76.32144	997.0955	800.5779	923.62744	37.78542	974.552	890.1313	1000.0	1000.0	1000.0	1000.0	195999	108.08967	26.310318	127.970726	-27.96845	108.08957	26.310879	128.52303	-36.622696	-1.6622274	2.5965405	36.76585	-12.391188	-108.907005	4.9190693	4872.919243335724
50	718.9458	12.7543335	738.34235	702.579	926.4551	46.152164	997.37823	894.6133	923.5665	56.93412	999.23334	813.33514	944.33167	40.36881	992.1654	876.3902	1000.0	1000.0	1000.0	1000.0	199999	108.4657	26.16922	133.83093	-24.90938	108.46573	26.173143	136.2197	-31.053335	-1.7011136	2.5803921	39.18952	-12.674098	-109.29734	4.737735	4984.185545682907
51	577.7562	236.8359	724.0804	105.392	922.9735	96.77942	997.01733	701.371	881.30066	96.619965	992.1685	703.3023	886.8953	65.48473	968.38293	777.9117	824.2	1000.0	1000.0	1000.0	203999	108.87419	25.878777	127.968605	-27.933863	108.87464	25.8801	133.45563	-29.371582	-1.7392164	2.587866	34.390507	-14.918082	-109.676216	4.775973	5094.42968249321
52	706.605	20.106634	730.2644	675.44037	892.9164	10.68044	903.55835	866.59094	905.2936	30.994812	996.9145	882.9632	902.71954	24.66618	940.56537	845.9882	1000.0	1000.0	1000.0	1000.0	207999	109.15392	25.679203	130.3581	-32.283417	109.15428	25.681046	128.98076	-47.91372	-1.801786	2.547059	28.76382	-14.224756	-109.95205	4.624373	5205.368925571442
53	702.32886	7.9314127	714.1417	691.7983	963.3971	45.623764	1004.19354	903.6594	962.94366	45.38624	1002.7824	903.1679	949.583	40.50972	995.7851	897.8382	1000.0	1000.0	1000.0	1000.0	211999	109.62579	25.296701	129.4415	-33.326504	109.62597	25.29662	129.92462	-47.638428	-1.8340286	2.5274854	50.89496	-13.221225	-110.42421	4.449757	5317.077930450439
54	694.7693	22.917343	723.195	660.5595	881.4634	53.290478	991.58765	794.35925	886.3384	68.66713	995.7925	796.6356	865.0334	35.65219	907.2959	808.8728	1000.0	1000.0	1000.0	1000.0	215999	109.85973	25.364044	136.0355	-31.473614	109.85984	25.366552	139.22105	-34.98111	-1.8524945	2.5384552	32.004173	-14.744917	-110.67256	4.284174	5427.00626039505
55	713.3612	16.275522	735.45917	696.2898	881.7199	38.919544	905.88544	800.3015	889.0973	66.709435	998.0622	802.71136	864.44836	35.12074	900.6876	804.76373	1000.0	1000.0	1000.0	1000.0	219999	110.23832	25.161156	132.07314	-44.516685	110.23806	25.163376	134.9839	-32.240917	-1.8752611	2.470886	36.24199	-12.887947	-111.02287	4.1134844	5537.77831697464
56	719.9184	10.132877	735.9363	708.42535	893.51855	28.202682	912.0896	810.17883	886.3119	37.47597	913.01184	810.688	937.151	26.110943	961.78973	897.33514	1000.0	1000.0	1000.0	1000.0	223999	110.4535	25.213274	129.31949	-34.179165	110.45384	25.21532	130.14272	-40.99248	-1.9208577	2.526785	29.559587	-13.773044	-111.23894	4.136933	5649.689590454102
57	707.6471	10.295792	720.8813	692.12537	838.6919	45.205753	900.6847	799.5415	822.8314	37.338596	896.88275	799.4618	851.3986	46.39519	899.939	799.37	1000.0	1000.0	1000.0	1000.0	227999	110.80565	25.114798	138.89537	-29.961365	110.80572	25.116402	135.74167	-40.64535	-1.9074769	2.5283935	29.29526	-15.073345	-111.60112	4.140179	5760.654925823212
58	712.4563	18.969345	737.43396	686.45874	916.05664	29.684944	1003.66156	899.9292	922.6786	38.212524	1001.5788	901.7213	921.7638	37.76748	997.653	897.00775	1000.0	1000.0	1000.0	1000.0	231999	111.35412	24.710733	129.95824	-35.021748	111.35443	24.712225	131.07318	-34.6647	-1.9166685	2.545986	31.497725	-12.378339	-112.13317	4.042579	5872.134929418564
59	726.6469	12.229698	745.0846	711.50275	912.1793	28.982162	998.7908	899.7197	922.1247	57.608406	998.46124	803.9866	928.4878	40.498074	994.2513	885.8922	1000.0	1000.0	1000.0	1000.0	235999	111.90129	24.418917	140.58089	-52.80385	111.90057	24.419312	144.38531	-34.717995	-1.9198812	2.525947	33.844055	-13.004366	-112.68727	4.0963154	5981.045189619064
60	742.6459	5.894078	751.0444	734.4209	927.03107	38.70246	1005.1434	903.7806	925.8384	37.229675	1000.60364	900.18884	928.45105	26.3716	980.38104	900.15045	1000.0	1000.0	1000.0	1000.0	239999	112.52591	23.916674	139.30916	-37.390923	112.52595	23.920208	141.08556	-32.98618	-1.8824103	2.5404367	32.01173	-14.30583	-113.32989	3.8912477	6090.861843347549
61	728.6612	14.693449	751.518	714.2404	949.13116	50.277195	1002.0295	894.63385	928.6545	45.89135	1001.5505	895.0161	919.76135	55.774628	993.9739	810.8062	1000.0	1000.0	1000.0	1000.0	243999	113.03784	23.796646	136.87082	-17.949215	113.03743	23.797657	139.0831	-25.217098	-1.9482557	2.4470813	28.508059	-14.243739	-113.81489	3.8204453	6201.8911049366
62	718.86304	19.316664	742.6575	689.51514	912.36707	26.83694	992.5264	897.5905	912.44336	52.737244	999.7446	804.0607	897.3846	23.849325	949.1632	858.1507	1000.0	1000.0	1000.0	1000.0	247999	113.20085	23.98182	136.51848	-54.36122	113.20103	23.983397	139.78357	-48.204742	-1.9893388	2.467652	29.912653	-14.797258	-113.9713	3.7764082	6314.170524120331
63	738.10974	3.579136	742.34515	733.5292	983.2718	34.584858	1002.5795	913.32715	992.6245	27.41554	1004.4218	910.59	987.4447	27.607513	1001.78357	905.24365	1000.0	1000.0	1000.0	1000.0	251999	113.55254	23.896727	140.30489	-44.594315	113.55223	23.897034	144.36298	-45.52985	-2.0186315	2.4598422	33.003216	-13.208208	-114.33199	3.6675751	6426.252300262451
64	342.258	298.13684	740.793	67.643814	381.38812	341.51	900.3347	109.35011	569.08044	360.31256	897.71014	101.21313	303.41272	252.5315	717.4788	93.92411	444.1	408.3	650.7	394.4	255999	114.23738	23.983757	147.30676	-31.753466	114.23788	23.985292	142.2322	-34.83875	-1.7543055	2.697077	28.02527	-15.011314	-115.099014	4.1623645	6514.835235118866
65	621.58826	222.86208	740.9465	175.95709	870.4904	73.46344	1002.3023	798.00256	793.8184	319.84604	1001.31836	159.56944	927.37225	55.982166	996.2143	849.0736	844.6	1000.0	831.9	1000.0	259999	115.80157	24.191984	136.63916	-45.84728	115.80109	24.194878	135.3766	-45.93855	-2.0185056	2.5020738	29.729357	-12.944915	-116.60462	3.7898078	6620.7057938575745
66	593.1115	256.75748	745.8058	148.46503	988.77997	30.65787	1000.83856	896.9285	965.73126	46.29894	1002.7055	890.3708	981.89667	30.822317	998.4063	890.656	791.0	1000.0	1000.0	1000.0	263999	115.49493	24.385763	130.988	-27.807125	115.49509	24.386766	130.95973	-38.39868	-2.1371691	2.4373174	28.19393	-12.26981	-116.25457	3.6161678	6730.0060403347015
67	741.1912	7.33963	751.68396	734.0839	905.18225	4.749258	915.1368	898.4817	915.6009	52.24079	1000.8609	802.2606	914.08484	26.294094	991.1644	899.7377	1000.0	1000.0	1000.0	1000.0	267999	115.33364	24.391031	131.44518	-50.501	115.33345	24.39063	131.9495	-31.142763	-2.0646443	2.457261	27.409903	-12.835932	-116.08877	3.506588	6841.317930936813
68	743.2427	8.58841	755.1782	731.0608	870.1209	52.497005	909.38446	772.7873	900.9881	62.136204	994.10315	795.1527	892.9247	24.968132	905.71686	818.5932	1000.0	1000.0	1000.0	1000.0	271999	115.44686	24.252714	131.77577	-59.54083	115.44703	24.253057	131.74243	-46.66074	-2.004871	2.489741	33.782745	-14.062747	-116.219124	3.5928228	6950.761023044586
69	745.53503	8.883484	753.8035	730.7365	944.1134	75.201065	1005.13855	810.86	971.43176	45.459644	1004.0339	898.9234	929.4791	67.097855	999.6137	812.52826	1000.0	1000.0	1000.0	1000.0	275999	115.56904	24.365248	132.06293	-49.92342	115.56845	24.367409	132.14633	-45.86074	-2.022014	2.456085	30.956635	-13.292082	-116.34627	3.6599984	7060.946749448776
70	744.62195	9.678777	754.11774	730.0419	934.1302	42.50566	998.7214	894.50256	924.37695	56.441216	1000.06244	805.5161	933.3709	40.93641	990.81226	885.93445	1000.0	1000.0	1000.0	1000.0	279999	115.81298	24.31195	133.31793	-47.203884	115.8129	24.312	139.47638	-55.203373	-2.020186	2.4793866	26.10476	-13.53431	-116.58722	3.626245	7169.934573888779
71	746.3089	7.188873	758.4676	739.7935	871.5705	52.300293	942.81274	786.75543	834.464	51.521976	900.7182	789.0838	891.5946	73.081566	996.0854	784.79486	1000.0	1000.0	1000.0	1000.0	283999	116.06166	24.15865	137.0573	-29.045225	116.06178	24.15843	133.36552	-48.41186	-2.0408788	2.4505901	30.28464	-13.373237	-116.8206	3.4976888	7278.672919034958
72	735.2197	7.4296665	742.3782	725.0386	905.93567	4.172814	917.45807	900.72504	881.5955	38.965107	905.73553	802.4144	894.2501	29.474567	909.53894	806.5402	1000.0	1000.0	1000.0	1000.0	287999	116.18493	24.171904	132.95198	-22.591446	116.18478	24.17208	132.83107	-69.50333	-2.0845962	2.4346383	26.921429	-13.897903	-116.92776	3.5114965	7389.113818407059
73	743.59265	6.320331	754.44214	738.6796	902.5791	43.950386	998.17865	801.9009	912.7923	28.760693	998.9011	898.344	908.4808	22.569984	975.67426	894.8972	1000.0	1000.0	1000.0	1000.0	291999	116.45288	23.96568	132.75432	-40.942886	116.45281	23.966429	133.38574	-26.937447	-2.0807724	2.4831574	38.42394	-13.22519	-117.2091	3.4763591	7499.272259473801
74	738.5586	14.972982	756.17206	714.76044	975.74884	39.64097	1003.5242	909.404	956.96387	58.198456	1001.6485	803.2813	972.0584	30.551825	997.0732	925.62994	1000.0	1000.0	1000.0	1000.0	295999	116.69881	23.633686	132.9097	-37.237236	116.6991	23.631905	133.53358	-33.364975	-2.086126	2.4451869	36.14951	-13.417582	-117.43834	3.303009	7608.174803733826
75	755.45325	3.2987325	761.1046	752.8068	903.7931	3.9236777	906.9737	894.05505	877.59406	39.530148	907.04083	802.98224	901.5918	4.3506165	904.62146	888.7919	1000.0	1000.0	1000.0	1000.0	299999	116.86576	23.618576	133.28307	-65.10002	116.86598	23.61762	133.09026	-37.239376	-2.0881772	2.4014258	29.570084	-14.620217	-117.608925	3.2089634	7717.162153959274
76	746.9268	5.5719256	755.7714	740.5252	941.17786	47.378117	1000.722	895.65857	957.9232	51.7531	1001.19403	883.5342	934.4035	42.61893	991.3817	890.3709	1000.0	1000.0	1000.0	1000.0	303999	117.08152	23.650696	133.91212	-55.414505	117.08118	23.650026	133.4519	-48.469017	-2.140833	2.4107277	27.023312	-13.864824	-117.84095	3.1424348	7827.535503387451
77	757.15295	9.649177	772.81476	747.3724	920.3958	33.164978	987.403	900.3898	896.4424	54.17002	980.7254	804.79156	904.66956	27.054432	985.4122	889.306	1000.0	1000.0	1000.0	1000.0	307999	117.37637	23.481564	135.03168	-19.285053	117.37677	23.480907	138.77034	-24.77739	-2.1243148	2.419148	25.60215	-14.799127	-118.11179	3.1741114	7937.513091802597
78	756.62085	10.136832	768.2261	740.5038	900.7238	28.55528	975.3366	873.01794	884.4492	33.21201	908.6025	792.05475	891.5802	18.818045	906.40894	843.6731	1000.0	1000.0	1000.0	1000.0	311999	117.49242	23.412493	137.85287	-31.582146	117.49213	23.412924	137.74535	-22.753315	-2.1062791	2.4224389	29.279053	-15.171257	-118.230156	3.3345385	8047.921795845032
79	745.27136	15.872781	761.5588	726.1936	913.25635	49.63975	1000.4817	786.3775	915.7124	52.07858	1002.8865	803.1237	916.5128	28.270193	1000.5765	898.0746	1000.0	1000.0	1000.0	1000.0	315999	117.7938	23.251541	140.03468	-57.20893	117.79363	23.251747	140.97092	-26.603487	-2.1277604	2.421714	36.544304	-15.117496	-118.536285	3.1674628	8157.16818356514
80	759.5757	7.465556	768.98706	748.1587	984.2446	36.575687	1005.7648	900.29504	946.2131	61.577385	1005.72534	821.9786	962.2137	24.278402	994.8347	918.42834	1000.0	1000.0	1000.0	1000.0	319999	118.13318	22.966318	143.25053	-43.864006	118.13321	22.96672	143.99623	-33.77195	-2.1520004	2.393802	27.322687	-12.02227	-118.86777	3.0914297	8265.298038005829
81	769.17096	6.203379	778.92444	763.62036	924.7881	37.611843	1000.53937	901.94916	938.86456	46.48817	998.7701	888.4401	904.5355	10.223144	926.7095	894.3844	1000.0	1000.0	1000.0	1000.0	323999	118.3639	22.921316	139.95801	-33.797955	118.36373	22.922018	143.96461	-30.695696	-2.1872146	2.3548393	26.683033	-12.548022	-119.08856	3.1698828	8372.613961219788
82	761.94366	7.1115184	773.03345	753.95386	973.0348	44.378555	1004.7046	899.5913	953.2831	66.03517	1004.638	805.1771	974.3956	37.24218	1001.1735	906.38416	1000.0	1000.0	1000.0	1000.0	327999	118.45919	22.88061	140.2874	-50.504017	118.45913	22.880297	134.5106	-38.307606	-2.1502666	2.4158738	36.418648	-12.926783	-119.195435	3.0163786	8480.395002365112
83	761.0814	8.98711	772.9317	748.7562	974.9225	38.36042	1004.15356	914.4441	971.59607	38.32856	1002.51355	911.78876	942.318	31.461435	990.5013	911.5127	1000.0	1000.0	1000.0	1000.0	331999	118.75378	22.557726	135.19366	-31.04492	118.75377	22.558077	134.77939	-32.365883	-2.1741319	2.3764427	28.889685	-14.276241	-119.48152	3.0430446	8589.277175426483
84	742.55676	9.251179	750.87177	727.72345	914.1139	29.639494	1002.71356	900.28876	893.6664	30.712618	907.6178	802.0831	898.8265	39.70767	975.48505	801.5897	1000.0	1000.0	1000.0	1000.0	335999	118.76242	22.765131	134.11609	-31.294016	118.76275	22.764662	134.32002	-34.389664	-2.1921458	2.3801482	34.12301	-15.027618	-119.48463	2.9379864	8700.718229055405
85	752.55334	6.8867226	759.7588	743.2206	953.3876	60.011658	1000.55194	828.4342	912.34796	53.112503	1000.7927	801.70013	909.55945	22.323765	966.8569	893.9419	1000.0	1000.0	1000.0	1000.0	339999	118.79209	22.796585	137.6465	-23.998047	118.79207	22.796303	140.10919	-37.23723	-2.197585	2.384601	36.140526	-12.477692	-119.51509	2.9831662	8810.879192352295
86	750.16626	2.9103453	754.083	746.82086	947.7586	64.62055	1000.2987	801.49005	964.43225	50.488365	1000.87024	865.3528	943.1481	66.61475	988.4122	803.6092	1000.0	1000.0	1000.0	1000.0	343999	119.03245	22.497156	137.63272	-50.11086	119.03246	22.4973	138.56355	-34.318268	-2.2185254	2.376899	32.383255	-13.605967	-119.742744	2.9996166	8921.649777173996
87	758.7064	8.030514	770.1889	750.4522	946.2091	45.471348	998.44495	889.6817	894.59796	47.666878	993.0775	803.3521	913.0511	38.056232	986.5205	869.20123	1000.0	1000.0	1000.0	1000.0	347999	119.05881	22.454004	134.39288	-33.039223	119.05942	22.452608	138.06859	-39.50907	-2.213519	2.3613288	34.682476	-15.881258	-119.777306	2.8478918	9031.958591222763
88	757.6748	4.382087	764.92053	753.3388	974.6657	45.40674	1006.3149	899.3321	981.8722	42.73453	1006.52295	894.1508	971.77625	32.67144	999.4506	922.1206	1000.0	1000.0	1000.0	1000.0	351999	119.17015	22.24852	138.41638	-32.612232	119.16984	22.24837	142.0406	-19.979988	-2.2362852	2.3181694	28.756086	-12.611398	-119.881	2.7154655	9142.955739498138
89	768.71643	4.336526	775.9618	765.3196	953.68396	47.59534	1003.11536	898.49475	927.9614	53.472637	1002.51086	823.55237	956.76514	40.744316	996.8699	898.22766	1000.0	1000.0	1000.0	1000.0	355999	119.30763	22.051441	139.4865	-45.310673	119.30733	22.052208	143.59027	-34.963955	-2.2190766	2.3516288	35.494385	-14.139346	-120.01317	2.7561445	9250.388595819473
90	766.6465	11.411266	778.10846	747.64874	931.2581	61.931385	1004.47974	806.0705	921.13885	73.99937	1001.87476	801.4007	928.2877	50.78326	996.20557	825.345	1000.0	1000.0	1000.0	1000.0	359999	119.44687	21.901415	139.81322	-18.691319	119.44681	21.90163	142.30258	-18.985603	-2.2860959	2.333475	32.71385	-14.64975	-120.16256	2.6789262	9360.662360191345
91	763.29877	5.1048074	770.54266	757.4758	960.4077	49.98771	1003.2209	890.0128	952.66974	48.575558	1002.76904	894.7398	955.884	38.50773	995.2167	893.0008	1000.0	1000.0	1000.0	1000.0	363999	119.65848	21.753891	136.40826	-34.239544	119.65846	21.75437	137.8418	-43.404602	-2.2599335	2.3274162	28.727455	-14.071297	-120.35648	2.7974265	9470.162713766098
92	753.68243	3.5449417	758.84204	749.7	956.38916	45.7121	1003.3925	903.638	952.83105	50.17873	1004.76044	899.0356	971.68616	37.371674	996.7958	898.9138	1000.0	1000.0	1000.0	1000.0	367999	119.69356	21.930038	137.52373	-32.093876	119.69348	21.929892	136.13716	-22.479288	-2.2992961	2.2975705	32.898567	-14.839384	-120.39244	2.6839833	9581.406470537186
93	757.48627	2.9222414	761.044	752.97845	906.39453	4.2994256	914.03406	898.0723	924.41925	38.173492	1001.09174	901.5639	904.33966	15.543491	943.3126	887.30457	1000.0	1000.0	1000.0	1000.0	371999	119.93322	21.700636	137.34554	-29.88647	119.93321	21.701508	136.92365	-36.820328	-2.2795343	2.302082	34.72246	-14.628202	-120.63507	2.7064493	9691.267217159271
94	752.18915	4.599879	757.88306	747.34045	939.67755	69.16812	1004.1781	798.397	926.97327	70.19065	1003.1576	806.3161	944.96375	45.822243	1001.54663	895.2206	1000.0	1000.0	1000.0	1000.0	375999	119.97775	21.6699	139.31499	-31.332806	119.97759	21.67133	134.52733	-20.480673	-2.3005679	2.2988434	30.597893	-13.464159	-120.688126	2.616954	9802.242136955261
95	756.3774	6.6368556	764.1743	746.87946	968.025	40.08814	1005.60187	908.92255	981.78436	40.023952	1003.94806	893.95435	945.9503	43.693516	1002.3826	892.5583	1000.0	1000.0	1000.0	1000.0	379999	120.05158	21.685188	133.97408	-29.998444	120.05109	21.68477	134.4304	-26.828176	-2.2849967	2.301581	30.59353	-13.420712	-120.769485	2.650981	9911.076715946198
96	758.7171	9.717961	768.82166	743.122	932.30615	42.81955	1000.7736	901.6259	901.9041	5.4420547	914.1537	892.63245	903.7435	12.768371	932.23395	892.76086	1000.0	1000.0	1000.0	1000.0	383999	120.30624	21.488653	134.3665	-45.337727	120.30637	21.487764	134.48712	-23.557816	-2.3229287	2.2926855	33.398808	-12.655572	-121.01532	2.524096	10019.748626708984
97	760.4565	6.517441	768.2849	753.2472	924.6418	60.837395	1003.0338	795.79706	961.683	48.75213	1003.24744	898.18365	993.9842	11.620771	999.19916	959.2323	1000.0	1000.0	1000.0	1000.0	387999	120.48551	21.418339	134.4493	-14.333401	120.48558	21.41789	134.85603	-39.203503	-2.3412685	2.2616343	33.664238	-12.0854	-121.19656	2.5105443	10130.550521850586
98	764.0387	12.378223	776.6349	744.50024	996.84314	2.9279711	1000.8789	990.75165	944.6836	58.62611	1002.4721	824.0274	970.8314	20.534239	989.76697	915.3409	1000.0	1000.0	1000.0	1000.0	391999	120.68772	21.200628	135.22414	-26.44065	120.68739	21.199837	135.25586	-21.264627	-2.3696728	2.259837	34.66153	-13.896118	-121.37685	2.704847	10240.371154546738
99	769.0055	7.804342	781.0528	759.8897	922.26807	33.076992	1001.5555	901.85535	924.82275	37.073826	999.5899	896.7406	911.71643	23.337154	972.28094	890.08826	1000.0	1000.0	1000.0	1000.0	395999	120.85554	21.133629	134.6938	-45.875584	120.85541	21.134665	134.62561	-68.525055	-2.345063	2.296144	31.74205	-12.781522	-121.55788	2.6892304	10351.39139175415
100	756.64294	6.921896	762.6891	745.00574	967.4717	63.704277	1003.1177	838.12976	969.3042	63.69077	1004.4745	801.5033	963.9863	51.358887	1000.3098	829.4594	1000.0	1000.0	1000.0	1000.0	399999	120.89113	21.168879	142.948	-23.023298	120.89124	21.167717	135.12778	-26.505857	-2.3153439	2.2874525	36.86056	-12.485766	-121.598724	2.6293383	10462.70416688919
101	763.4459	4.7386894	769.2174	756.5829	954.5255	43.1067	1003.78937	890.69037	961.8384	41.194614	1001.3089	899.36005	941.92883	28.228642	986.8812	899.72046	1000.0	1000.0	1000.0	1000.0	403999	121.06157	21.02207	135.0289	-41.703373	121.06146	21.022053	135.54095	-38.779625	-2.346543	2.2415164	27.738686	-12.723457	-121.74686	2.722947	10574.457186460495
102	761.6273	7.225458	773.7783	754.80817	921.1334	35.495617	1000.7399	900.7735	931.4777	44.262928	1002.8096	900.5433	898.24426	7.26826	917.8156	887.79736	1000.0	1000.0	1000.0	1000.0	407999	121.10845	21.136873	134.83713	-32.79358	121.10801	21.139126	135.38809	-27.111887	-2.3527112	2.257174	27.175259	-13.454622	-121.79349	2.6440678	10685.550727844238
103	755.1437	11.163992	769.8478	739.9976	955.0719	49.008495	1005.38385	902.54877	941.81964	48.75432	1003.5168	891.8054	939.36554	45.79248	998.0946	883.3674	1000.0	1000.0	1000.0	1000.0	411999	121.26868	21.021698	134.86583	-38.241413	121.26889	21.02143	134.74028	-32.4619	-2.3623452	2.2606664	35.11498	-13.832077	-121.957	2.5439706	10795.881694078445
104	761.8925	2.1172342	764.4702	759.0476	990.3334	30.578558	1004.2741	898.9896	998.452	5.0012016	1003.6376	987.29846	991.32306	15.908653	999.3305	944.18335	1000.0	1000.0	1000.0	1000.0	415999	121.24768	21.164476	136.51486	-32.60003	121.24785	21.164621	135.08444	-48.96515	-2.3691375	2.304638	39.499687	-13.415554	-121.93283	2.6918504	10905.298415899277
105	756.44116	7.777246	765.06824	745.3249	913.8037	50.587334	1001.02	800.95667	903.1615	43.490837	996.353	802.61633	946.23224	43.44368	998.2577	894.04987	1000.0	1000.0	1000.0	1000.0	419999	121.4054	20.975784	139.98398	-31.182589	121.40547	20.97524	137.11855	-47.7707	-2.3977635	2.2249413	31.979525	-14.3465805	-122.079254	2.4334726	11015.69333600998
106	763.27094	8.092952	776.33636	754.442	925.40173	38.233887	1003.7073	895.1653	944.68494	66.72518	1004.06995	801.09467	958.3205	42.07656	999.3669	888.05493	1000.0	1000.0	1000.0	1000.0	423999	121.50372	20.86875	134.89093	-24.796307	121.50381	20.866997	135.29366	-24.380493	-2.3942735	2.236113	30.102516	-12.592886	-122.18634	2.5079134	11125.76920747757
107	761.3513	4.718638	766.7805	756.2628	1001.2362	1.3645899	1002.8022	998.7216	973.7308	58.451748	1004.41895	824.38025	989.2614	10.334278	998.5367	960.8093	1000.0	1000.0	1000.0	1000.0	427999	121.72593	20.637697	135.291	-33.237278	121.72607	20.63676	135.34917	-30.611086	-2.4069324	2.2324104	31.878782	-15.904685	-122.41157	2.3866193	11236.862936258316
108	758.0485	8.760081	766.35175	743.67065	941.2775	47.094707	999.1012	890.71564	942.68243	40.396084	1001.1512	905.4819	923.09814	34.26252	971.81854	870.50964	1000.0	1000.0	1000.0	1000.0	431999	121.81564	20.595625	135.07784	-24.047089	121.81538	20.597298	135.73503	-27.179546	-2.4190435	2.2235727	39.113796	-13.365928	-122.49423	2.4774725	11347.593741178513
109	761.2147	5.3478436	770.4173	757.4905	992.2166	27.427406	1004.78125	910.17334	942.4626	46.607327	1003.09937	894.84015	976.61395	41.208252	1002.1141	858.80304	1000.0	1000.0	1000.0	1000.0	435999	121.88796	20.67455	135.35028	-31.040073	121.888	20.67335	135.66667	-37.415764	-2.4370387	2.206913	47.546883	-15.088005	-122.57053	2.5073261	11459.773296117783
110	752.8884	6.014238	759.21765	744.5676	883.0858	53.470562	1003.46765	806.2841	880.3791	60.648502	999.6322	798.97906	879.97394	37.499817	947.3353	800.0641	1000.0	1000.0	1000.0	1000.0	439999	122.02124	20.353884	135.5357	-41.207165	122.02124	20.353144	135.57483	-45.52645	-2.396094	2.2228036	28.590536	-14.066734	-122.70075	2.4755483	11572.684115409851
111	632.5466	247.56174	761.1186	137.51433	943.40546	46.571865	1004.7171	889.81116	982.4574	38.986244	1005.6399	904.0486	987.38055	19.955595	1002.10925	930.9359	834.8	1000.0	1000.0	1000.0	443999	122.11885	20.355906	135.46512	-45.216534	122.11889	20.355114	135.63243	-23.600325	-2.4178832	2.2165298	34.629147	-12.508236	-122.78967	2.3357275	11683.015511274338
112	743.86884	7.3813934	749.9977	731.2556	905.80206	2.8101106	909.6309	899.6989	876.3036	43.520218	907.62744	808.1041	900.20966	2.2488148	903.61194	897.3044	1000.0	1000.0	1000.0	1000.0	447999	122.09911	20.410234	135.63574	-25.783714	122.09923	20.409779	135.86812	-34.46689	-2.4163005	2.2107396	27.023645	-14.770656	-122.76127	2.7080317	11794.325178861618
113	763.52515	6.8510323	772.31104	753.40796	977.58594	42.179367	1002.3962	891.2222	980.05176	58.20206	1002.1392	805.48926	988.8834	11.29718	997.69684	956.5846	1000.0	1000.0	1000.0	1000.0	451999	122.06525	20.527225	135.79543	-40.194	122.0652	20.527111	135.64737	-50.75167	-2.4054437	2.2478602	28.34618	-13.605227	-122.741554	2.4985435	11904.882424592972
114	757.7453	4.9491544	764.1655	751.4571	925.5666	38.107426	1001.1361	898.76764	925.91077	38.040905	1006.4664	903.09863	924.55237	29.2585	984.5051	884.6667	1000.0	1000.0	1000.0	1000.0	455999	122.3069	20.089592	135.72295	-31.794119	122.30717	20.089016	138.05536	-29.454824	-2.405466	2.2075582	27.594925	-13.748617	-122.9817	2.5253217	12014.0744202137
115	620.13635	271.14044	773.11096	78.3035	902.78107	6.1542883	915.27155	893.77814	902.8922	2.5675764	907.8649	897.66705	892.45135	29.489069	911.19666	804.6721	817.2	1000.0	1000.0	1000.0	459999	122.43915	20.175177	136.06693	-31.39132	122.43916	20.175272	135.80832	-28.126032	-2.4631548	2.1637874	27.213772	-15.516105	-123.1101	2.4600003	12126.575017213821
116	754.0164	6.9930215	760.87994	743.0169	960.36926	43.273785	999.86755	903.8518	893.26855	28.899544	906.9237	807.0451	922.18066	51.690006	988.1368	804.0312	1000.0	1000.0	1000.0	1000.0	463999	122.5235	20.197178	135.62242	-39.016766	122.52363	20.198336	137.04935	-51.982708	-2.4721496	2.1864116	28.029438	-13.022509	-123.19636	2.5631573	12234.951870918274
117	753.83655	6.3056674	761.06964	743.76416	576.02405	332.2585	999.4577	136.0496	822.6585	210.08234	918.63525	199.08167	704.68146	312.7121	945.71906	180.94772	1000.0	642.4	922.2	779.1	467999	122.50094	20.292328	137.90721	-46.705772	122.50078	20.293047	139.12422	-47.802345	-2.4508362	2.1744509	26.760384	-14.102512	-123.18073	2.5988824	12338.957883119583
118	623.6542	247.94029	753.23895	127.81555	931.7254	58.64507	1002.4732	843.9461	920.14844	41.046024	1002.35815	867.29	931.916	39.681385	993.8289	899.9301	837.4	1000.0	1000.0	1000.0	471999	122.76259	19.780743	141.83858	-20.667822	122.7624	19.77986	143.62006	-22.947353	-2.4604971	2.200594	28.453268	-13.240424	-123.43932	2.278956	12449.04432964325
119	756.4356	11.57291	773.6799	743.092	927.3538	33.41126	992.7371	901.13275	923.7996	37.074116	997.8535	887.6233	912.22186	37.19412	999.30707	885.955	1000.0	1000.0	1000.0	1000.0	475999	122.92667	19.555368	140.28278	-33.027443	122.92677	19.556078	140.29752	-41.842773	-2.49015	2.1824238	32.50098	-12.177427	-123.59973	2.2420194	12560.26285290718
120	762.8612	3.978755	766.83984	757.02075	925.53015	38.374477	1002.1679	900.4895	930.77844	44.69095	1001.08	896.2908	933.9715	45.981945	999.0885	891.60767	1000.0	1000.0	1000.0	1000.0	479999	122.85428	19.958143	139.61098	-38.08314	122.85405	19.958803	138.35822	-39.312073	-2.5113115	2.1180995	27.469297	-14.441313	-123.5279	2.3668044	12670.737121343613
121	765.2376	6.1219234	772.3855	756.61847	924.1647	38.722683	1002.6004	897.78455	946.06995	45.127415	1000.72015	900.2028	920.90753	32.62635	999.6207	895.8496	1000.0	1000.0	1000.0	1000.0	483999	123.07041	19.742771	136.42363	-38.21013	123.07012	19.743055	136.26558	-44.63034	-2.4881027	2.1487458	35.388348	-12.469948	-123.74433	2.3847024	12779.775314092636
122	759.9141	7.7331586	769.4272	747.9475	886.0161	37.321888	911.64856	802.95874	901.7171	5.4458485	916.9521	896.67566	896.03436	6.79798	910.68604	886.55634	1000.0	1000.0	1000.0	1000.0	487999	123.22799	19.740847	140.33125	-21.611893	123.22812	19.739958	136.72853	-19.3948	-2.474588	2.1766026	29.879688	-13.031611	-123.909	2.2944973	12891.245391130447
123	759.7749	5.9948716	765.1265	750.4201	921.33185	40.272892	1002.2443	896.56287	915.04065	31.997744	999.00604	891.288	898.01935	40.914703	994.5839	816.613	1000.0	1000.0	1000.0	1000.0	491999	123.36445	19.657188	138.17464	-27.70431	123.36452	19.657043	139.21559	-28.850735	-2.5085332	2.159555	29.21193	-13.177336	-124.04041	2.2993343	13000.222196102142
124	759.5846	8.2964	770.7151	747.8129	969.745	46.6637	1003.3934	895.6815	959.88525	45.630554	1001.4073	899.1046	948.79443	38.97979	999.3813	894.43823	1000.0	1000.0	1000.0	1000.0	495999	123.49867	19.659111	136.3396	-37.15103	123.49919	19.65827	136.53232	-41.115307	-2.5337918	2.1552396	31.506369	-13.138609	-124.17297	2.356865	13111.281779050827
125	761.4915	12.362435	781.49365	750.71124	953.22034	49.259422	1004.35345	900.1211	981.1793	37.30593	1004.2011	904.258	955.03406	47.39992	1001.9954	892.5532	1000.0	1000.0	1000.0	1000.0	499999	123.57177	19.632643	136.85423	-22.15541	123.57164	19.633858	136.8458	-21.158113	-2.5349681	2.1199942	29.682295	-13.583643	-124.24889	2.3070927	13220.971927404404
126	656.23846	213.28462	770.0523	229.79243	931.12366	59.71361	1002.46906	810.3731	950.408	50.39792	1004.7535	897.539	944.87305	39.746185	998.3162	896.8175	857.2	1000.0	1000.0	1000.0	503999	123.64089	19.592989	136.28026	-23.243982	123.64088	19.592518	139.05006	-55.36403	-2.538634	2.1342113	26.749413	-12.791826	-124.314445	2.3033154	13330.285957098007
127	761.89636	3.9094505	765.76	755.5205	938.5907	42.436157	1003.60223	899.2381	945.28436	45.75142	1003.6486	903.1754	950.91797	47.46925	1000.9562	896.1858	1000.0	1000.0	1000.0	1000.0	507999	123.67643	19.544622	138.24118	-32.801147	123.67626	19.5461	138.90729	-23.753984	-2.5481832	2.1232243	34.001266	-15.508487	-124.35113	2.2494538	13439.378475427628
128	771.71893	8.127006	781.34424	758.98956	936.7699	43.51611	1002.03406	896.3401	911.9246	28.31357	995.5565	897.6442	917.47986	52.22197	999.3087	817.44635	1000.0	1000.0	1000.0	1000.0	511999	123.80346	19.381672	145.01765	-28.262894	123.80344	19.382042	142.1659	-33.284225	-2.51815	2.1256125	36.19399	-14.992123	-124.45693	2.4090123	13548.904420852661
129	757.5958	8.852566	768.6198	746.4658	934.6221	81.8483	1001.52594	730.2115	924.6326	40.382534	1000.662	877.4755	892.1704	81.33098	999.7312	700.9346	1000.0	1000.0	1000.0	1000.0	515999	123.93721	19.395863	141.52881	-30.611273	123.93746	19.39505	141.37256	-53.686916	-2.5638018	2.1203609	38.190353	-13.964611	-124.612	2.345884	13659.878121614456
130	769.11743	3.8106995	775.1692	764.65173	932.67413	44.693367	1002.65845	898.7073	953.6758	46.979084	1003.60345	898.2181	908.08167	37.0172	987.4105	872.3912	1000.0	1000.0	1000.0	1000.0	519999	124.05032	19.27235	137.5225	-37.13293	124.05057	19.27034	137.52438	-26.925089	-2.5295472	2.138973	32.21496	-12.782335	-124.71736	2.3792737	13769.855931520462
131	612.4809	282.95996	769.02026	46.77941	909.34296	32.356625	1001.22626	869.729	904.95135	37.3346	988.0352	823.05554	896.4867	29.632175	961.3104	844.16516	810.6	1000.0	1000.0	1000.0	523999	124.21332	19.228615	136.6858	-32.102386	124.21312	19.229767	136.73132	-28.244333	-2.5472052	2.0976784	28.734089	-11.556982	-124.87715	2.2604976	13879.387488126755
132	760.7118	2.4541779	763.62354	756.8243	942.1781	46.64449	1000.7289	897.98755	924.23505	38.937614	1003.5611	895.7837	917.69073	32.23029	985.42944	889.4097	1000.0	1000.0	1000.0	1000.0	527999	124.2483	19.225819	137.18777	-38.246483	124.24853	19.2239	137.62827	-22.875221	-2.560779	2.0609357	34.121162	-13.254749	-124.895935	2.2404199	13990.395190238953
133	765.6116	7.121632	774.2525	757.64343	939.41034	48.07687	999.921	895.08655	956.1094	45.5845	1003.41974	897.4407	962.04425	42.18366	995.4804	893.6453	1000.0	1000.0	1000.0	1000.0	531999	124.23618	19.254156	136.65414	-24.844187	124.23587	19.254421	140.17206	-19.206486	-2.5370224	2.1314287	30.576618	-12.509981	-124.913414	2.3743227	14101.93663740158
134	774.70026	7.433171	784.7591	763.83685	917.637	29.408447	998.3403	896.64087	929.3983	46.76208	1001.1175	897.01294	913.47986	29.97273	995.63824	891.8713	1000.0	1000.0	1000.0	1000.0	535999	124.43277	18.86961	137.19469	-31.890099	124.43242	18.871578	137.13222	-42.789734	-2.5639763	2.0864072	32.357723	-12.379196	-125.10464	2.3052604	14211.370601415634
135	743.4291	35.00288	769.7596	683.208	913.5412	30.197144	1002.4735	897.20856	931.8944	45.04468	1003.2551	897.6241	906.91394	10.3327875	922.0568	894.3277	976.5	1000.0	1000.0	1000.0	539999	124.46919	19.012646	147.11629	-23.08868	124.46942	19.010618	137.20367	-30.202337	-2.589834	2.0603569	30.50746	-14.503239	-125.130005	2.1962454	14320.578735589981
136	760.4408	7.299218	771.5957	753.2631	989.50116	28.631643	1002.53253	904.0022	980.71387	33.018196	1003.6249	908.9768	981.13556	33.313297	1000.76825	895.9708	1000.0	1000.0	1000.0	1000.0	543999	124.63012	18.899551	136.9492	-48.677746	124.63025	18.901344	137.65643	-32.978127	-2.586566	2.0849617	29.728983	-14.185081	-125.29122	2.2988114	14433.459578752518
137	756.0028	10.058698	771.1871	743.7367	915.40106	48.83183	1004.3345	828.9788	940.31604	50.2468	1003.6386	880.12036	940.5171	48.257072	1002.9291	894.5606	1000.0	1000.0	1000.0	1000.0	547999	124.71244	18.637257	136.88431	-24.696386	124.71226	18.637234	137.03857	-40.17442	-2.5825012	2.0285902	29.301657	-14.357517	-125.36856	2.2557697	14544.68781876564
138	758.5985	6.770004	765.4399	747.34094	999.65393	3.7895067	1003.7546	993.0631	968.4891	62.20607	1005.3205	805.7406	990.6244	9.847185	1003.45135	971.3872	1000.0	1000.0	1000.0	1000.0	551999	124.70454	18.650871	140.06558	-20.884996	124.70435	18.650135	137.39053	-33.448128	-2.585955	2.043891	35.400326	-11.869713	-125.36023	2.3371317	14654.005644083023
139	755.85114	10.378929	771.8665	743.63007	973.11755	41.044273	1004.2664	898.0171	982.8245	36.220127	1003.11456	903.2491	974.7425	34.71924	998.1965	904.5238	1000.0	1000.0	1000.0	1000.0	555999	124.8269	18.41781	136.98924	-35.94695	124.82691	18.4195	137.3248	-20.992603	-2.5794182	2.0664704	25.575254	-13.332292	-125.48935	2.112633	14762.156418561935
140	655.0593	186.4028	769.61615	332.3167	973.0421	44.741028	1004.59454	898.0624	960.9085	47.35613	1004.4751	900.1754	962.04016	44.70362	1001.4852	889.7327	863.0	1000.0	1000.0	1000.0	559999	124.82505	18.546412	142.96759	-30.90794	124.8249	18.548206	137.09077	-49.744583	-2.5726461	2.0550365	25.696812	-12.512679	-125.47349	2.1400697	14873.384696006775
141	755.3878	7.9203453	763.26575	742.32446	922.23895	41.215145	1004.9931	899.2557	912.8118	51.790157	1005.3955	821.36945	908.7069	31.060556	1000.73596	891.8399	1000.0	1000.0	1000.0	1000.0	563999	124.93966	18.480095	139.67471	-24.26146	124.93963	18.480917	140.41057	-38.8266	-2.574865	2.0777848	27.333656	-13.820679	-125.60097	2.4027486	14982.969713926315
142	761.87103	16.163635	778.8212	740.7759	911.09863	30.279654	1001.40485	897.11237	902.15106	2.6902723	905.42426	897.39795	900.43567	20.669134	956.32574	877.4666	1000.0	1000.0	1000.0	1000.0	567999	124.97102	18.795958	145.97563	-32.45823	124.97086	18.797832	147.86653	-30.205996	-2.570556	2.0920289	28.945274	-14.300711	-125.629265	2.239205	15092.900372743607
143	626.167	252.5868	764.6379	121.15117	896.3488	7.0666695	900.6176	876.1255	831.25146	241.97551	1001.6371	111.20723	898.6336	36.888817	996.6932	837.3711	846.4	1000.0	916.4	1000.0	571999	125.20498	18.527924	148.4719	-30.30868	125.20479	18.529142	148.68855	-35.02142	-2.6272094	2.0700197	30.436876	-12.365692	-125.872	2.1381063	15204.66425204277
144	759.41907	6.508626	765.3267	748.7651	938.98987	50.514046	1003.1235	881.26306	946.4176	45.508385	1003.7829	903.67554	939.7822	50.568665	1002.6923	888.5777	1000.0	1000.0	1000.0	1000.0	575999	125.34812	18.399958	147.76738	-50.69975	125.34796	18.401693	148.21556	-28.431875	-2.6095421	2.0445747	31.733679	-12.463876	-126.00306	2.4486046	15315.021667003632
145	765.8414	9.755465	779.7606	753.85693	940.31036	50.453857	1004.28516	896.4097	960.6247	47.75108	1003.1569	901.0657	960.1588	41.52412	1000.59576	893.8068	1000.0	1000.0	1000.0	1000.0	579999	125.37986	18.176912	143.33878	-20.956501	125.37996	18.176825	144.64041	-31.526424	-2.6257715	2.0130973	27.188091	-13.694502	-126.03517	2.1593559	15425.840581417084
146	768.65576	13.055619	783.1489	747.49054	933.1245	42.10766	998.68933	898.90607	902.1708	4.0640125	909.08777	896.654	904.9124	12.597609	934.5642	891.2533	1000.0	1000.0	1000.0	1000.0	583999	125.41095	18.150654	138.52759	-24.311386	125.41087	18.150656	138.72388	-34.154358	-2.5970852	1.9887402	30.332897	-13.896134	-126.059555	2.3401613	15535.049916028976
147	745.25085	7.3862586	755.86206	735.58624	932.1483	43.664455	1002.72754	898.4748	944.04895	46.13677	1001.23157	902.5992	974.3485	36.37227	998.1516	902.9087	1000.0	1000.0	1000.0	1000.0	587999	125.23703	18.373285	137.2788	-33.563168	125.23697	18.372921	140.55435	-46.953056	-2.6117978	1.9776719	26.43557	-13.579156	-125.87836	2.3875704	15646.149488687515
148	762.89233	6.415566	772.22577	755.1228	879.6242	38.56246	902.4214	802.507	871.4909	42.985428	902.22327	800.4214	878.37305	40.00729	901.3504	797.5877	1000.0	1000.0	1000.0	1000.0	591999	125.17437	18.355793	137.37778	-37.338634	125.17448	18.355562	138.4567	-44.62741	-2.580349	2.038122	28.245518	-13.116228	-125.82746	2.3750327	15760.890617609024
149	720.489	54.375603	763.4312	627.1472	934.8535	42.368767	1001.0447	899.1224	940.58466	40.122753	1004.315	902.22644	922.69324	32.642967	994.94257	896.1511	955.75	1000.0	1000.0	1000.0	595999	125.21442	18.200226	137.11526	-39.484364	125.2147	18.19709	138.09685	-25.479544	-2.599412	2.0136042	26.887943	-12.037718	-125.86884	2.4186702	15870.767869472504
150	763.49133	13.9355545	782.06793	743.2349	1002.2544	2.7066262	1005.6003	995.6912	1002.1205	2.4429557	1004.779	996.103	991.8031	7.893056	1001.229	978.3869	1000.0	1000.0	1000.0	1000.0	599999	125.28468	18.086117	137.96849	-40.59954	125.28429	18.086927	137.59987	-34.62742	-2.6191542	2.0142398	31.878763	-12.322528	-125.931206	2.5947614	15982.749161958694
151	752.2776	9.330097	768.0562	744.24457	903.7238	7.9284096	926.0205	895.26404	889.86505	29.847807	904.3671	800.7182	907.9015	36.623245	971.6952	826.6344	1000.0	1000.0	1000.0	1000.0	603999	125.21574	18.021683	139.27542	-35.73725	125.21577	18.022604	138.07913	-30.855806	-2.631708	2.0209374	29.82993	-13.653933	-125.86349	2.5288901	16093.023811101913
152	746.66156	6.7166247	754.0708	735.75366	931.39746	87.635735	1001.82245	698.3444	921.73944	56.777626	1002.9373	813.4579	922.0082	31.295387	992.14264	879.43677	1000.0	1000.0	1000.0	1000.0	607999	125.23962	17.906134	141.22833	-19.130033	125.23961	17.907377	140.7727	-20.291319	-2.6094637	1.9931606	29.759651	-13.354573	-125.88347	2.4194849	16205.053237915039
153	750.5001	14.131334	763.58624	728.2371	914.3724	27.551083	996.75726	899.88074	902.71747	43.057106	991.6725	799.80945	910.11426	26.779016	987.76306	889.2436	1000.0	1000.0	1000.0	1000.0	611999	125.14848	17.892464	140.191	-37.657234	125.14842	17.893305	140.29587	-45.149387	-2.6171296	2.0137205	37.509735	-13.314935	-125.78902	2.5044985	16316.51577925682
154	754.57104	9.336992	767.4054	743.67456	920.69836	41.066284	1006.65125	896.25726	928.8577	47.7327	1003.12573	871.79834	948.83124	47.398537	1002.43976	888.0966	1000.0	1000.0	1000.0	1000.0	615999	125.07689	17.763647	137.09781	-32.040024	125.07668	17.765356	137.11542	-43.14117	-2.6349912	1.9810536	26.30097	-13.034741	-125.7229	2.0107105	16426.30519580841
155	763.9066	7.7337203	773.15826	752.7313	941.52374	46.523567	1001.8392	896.149	895.04004	31.748768	915.91266	800.8097	902.5724	16.249266	949.18585	889.7748	1000.0	1000.0	1000.0	1000.0	619999	125.06489	17.994461	138.4094	-34.365128	125.06469	17.994507	137.777	-62.19029	-2.6468375	1.9867182	36.140522	-13.042238	-125.706406	2.2780383	16537.62141442299
156	771.6417	4.490387	778.4833	767.11334	988.52374	30.503096	1004.6074	900.1073	960.2629	41.168274	1003.74805	894.8219	964.15857	43.246765	1002.4705	896.9336	1000.0	1000.0	1000.0	1000.0	623999	125.22051	17.863295	138.2503	-34.465145	125.22067	17.863375	138.24599	-32.15186	-2.626978	2.0016553	39.87624	-14.677277	-125.86353	2.2247808	16650.09464454651
157	757.11554	2.947952	760.0987	752.8244	944.4479	48.323395	1004.3351	897.48224	992.98376	31.356403	1004.93933	898.9628	924.8633	41.92121	1002.6133	893.1316	1000.0	1000.0	1000.0	1000.0	627999	125.34642	17.71236	145.61374	-37.798775	125.34632	17.71461	141.82152	-45.07703	-2.6476839	2.0206628	28.44218	-12.595185	-125.991516	2.0754848	16760.289583683014
158	686.9706	155.66736	783.4939	376.8928	939.467	41.835754	1004.0374	906.6111	919.2507	56.448673	1002.31384	795.1732	936.754	35.110256	999.13	893.10205	901.8	1000.0	1000.0	1000.0	631999	125.46911	17.687288	140.69704	-21.806913	125.46901	17.687094	140.41867	-19.619923	-2.6300952	1.9867164	23.82167	-12.437065	-126.11125	2.0309463	16873.063017606735
159	761.2566	6.027059	765.239	750.8331	978.34607	35.867004	999.7789	906.3772	953.68475	45.658455	1001.8611	904.49963	930.1738	35.12543	985.9418	902.65173	1000.0	1000.0	1000.0	1000.0	635999	125.53019	17.756994	139.92151	-41.807438	125.53013	17.756771	139.80452	-20.286427	-2.6626837	1.9619703	27.552217	-14.555559	-126.18245	1.9624394	16984.456578969955
160	637.3224	183.83444	748.8227	318.99942	904.7427	42.41668	991.2511	806.3508	943.59503	42.40828	999.847	899.6962	913.5755	14.847957	936.4805	890.8349	855.0	1000.0	1000.0	1000.0	639999	125.61126	17.524729	138.0185	-35.276173	125.61127	17.524939	137.47594	-53.930943	-2.66562	1.9653944	26.496128	-12.794157	-126.25012	2.130623	17095.316344976425
161	759.0012	9.4239	770.7059	744.43835	904.15784	1.8768026	906.96936	900.9096	923.1994	59.65056	1003.6902	799.472	933.16766	43.12187	995.75104	893.5195	1000.0	1000.0	1000.0	1000.0	643999	125.54511	17.647392	140.32382	-27.23877	125.54502	17.648054	143.01224	-30.084457	-2.633987	1.9885361	28.840158	-13.260669	-126.18374	2.3898325	17206.938918352127
162	759.8887	4.148821	763.3033	752.89014	990.4876	31.15497	1003.96954	897.1579	992.09436	20.460653	1003.96246	935.19507	987.7704	32.24465	1003.41565	891.61127	1000.0	1000.0	1000.0	1000.0	647999	125.57277	17.630127	143.52602	-30.143114	125.57255	17.631472	145.42642	-29.936909	-2.6509168	1.9525745	28.842167	-13.527557	-126.21111	2.3089013	17319.927917718887
163	757.80865	6.1763773	764.4937	748.459	923.7471	40.610493	1004.6396	898.76276	921.86456	38.915676	1000.2275	895.02734	909.37616	20.237595	965.04016	890.69415	1000.0	1000.0	1000.0	1000.0	651999	125.68103	17.504246	146.09175	-33.647377	125.68099	17.504131	148.57907	-19.587961	-2.6397293	1.9631909	30.330368	-15.07625	-126.32152	2.2531312	17433.126412153244
164	754.0622	4.4704947	761.492	750.0326	944.6791	43.84318	999.6196	897.852	976.26526	35.26165	1000.9594	907.17365	926.68396	37.64729	981.77686	891.8243	1000.0	1000.0	1000.0	1000.0	655999	125.79397	17.257809	143.6417	-21.655107	125.79369	17.25959	144.84471	-52.731728	-2.6376011	1.9885914	31.97538	-13.577273	-126.43674	2.34064	17545.698360681534
165	760.75806	17.126925	786.6315	739.35394	906.11804	5.0534387	913.6553	899.56665	932.3494	45.52481	1004.4506	900.7339	920.43085	22.542185	982.14374	902.0693	1000.0	1000.0	1000.0	1000.0	659999	125.80865	17.32703	142.166	-65.05847	125.80868	17.328226	143.9655	-51.64087	-2.6466987	1.9520357	32.528614	-12.409552	-126.44805	2.196154	17659.085705280304
166	749.87115	5.614283	759.3987	744.992	897.63153	5.594501	903.9831	886.08344	901.81885	3.943866	905.01215	890.78766	895.6315	6.4973025	901.7793	876.96454	1000.0	1000.0	1000.0	1000.0	663999	125.86053	17.48264	142.58362	-19.274008	125.86047	17.4815	143.72078	-28.22436	-2.654264	1.9746412	28.023018	-15.210653	-126.50167	2.488415	17770.515865325928
167	742.718	17.647774	761.60156	713.96893	923.09454	39.7761	1001.2788	897.86316	912.6493	30.002121	1000.59845	893.94434	944.77234	40.567528	995.16406	881.584	1000.0	1000.0	1000.0	1000.0	667999	125.88794	17.377865	137.79181	-67.0836	125.88808	17.375912	137.48451	-42.36308	-2.6634185	1.9435428	27.877144	-13.806606	-126.53183	2.3095374	17882.36564230919
168	750.2633	11.193294	764.40045	733.0428	988.8758	28.373463	1002.9536	905.0132	985.0283	30.713366	1003.4568	902.2465	993.52814	7.9347973	1004.5849	981.42194	1000.0	1000.0	1000.0	1000.0	671999	125.89776	17.40259	138.4828	-34.571083	125.89785	17.403538	137.857	-64.52041	-2.6873615	1.9558578	32.75266	-12.051807	-126.53086	2.1242476	17992.500316381454
169	742.0834	15.251948	759.57263	717.96686	918.0487	70.565254	1003.53326	805.84125	958.5267	45.364918	1002.7945	901.25275	901.4414	58.165337	998.76074	803.17737	1000.0	1000.0	1000.0	1000.0	675999	125.84393	17.451498	138.25583	-33.33908	125.84432	17.449974	139.17429	-25.900902	-2.6578853	1.9718412	41.40874	-13.847389	-126.47911	2.563188	18106.34546136856
170	758.0282	6.7139716	768.3648	749.9935	914.8501	26.702726	968.62256	896.2877	901.67365	42.703644	987.33276	798.6977	907.7125	13.433255	938.65485	889.9363	1000.0	1000.0	1000.0	1000.0	679999	125.83534	17.45091	151.11533	-70.82766	125.83517	17.45323	152.62068	-37.656803	-2.6625576	1.9766074	40.89371	-13.035778	-126.47336	2.1902807	18218.41481113434
171	751.12463	2.253242	754.8609	749.0719	952.53986	46.08579	998.92114	897.2089	947.45215	47.855618	997.15094	896.7868	933.0516	39.4227	992.83215	892.8173	1000.0	1000.0	1000.0	1000.0	683999	125.89765	17.411394	154.65459	-28.321556	125.89753	17.411968	153.52753	-66.21974	-2.666056	1.9843986	28.91187	-12.610625	-126.5358	2.2985737	18329.372564077377
172	751.5654	2.9540098	756.55005	748.8164	950.3807	49.297356	1002.43134	894.7729	904.02893	59.01521	999.2762	803.3925	945.8744	52.461952	999.6005	887.5051	1000.0	1000.0	1000.0	1000.0	687999	125.88732	17.218464	159.14502	-23.882324	125.88727	17.219406	157.39081	-20.786215	-2.6478612	1.9714074	39.688046	-12.320287	-126.52184	2.0790396	18440.789559841156
173	746.4286	20.603548	770.6001	719.4828	991.0122	29.870308	1003.5686	901.5719	991.2572	25.014635	1002.6455	916.58813	986.0911	23.739952	1001.32	917.67645	1000.0	1000.0	1000.0	1000.0	691999	125.91509	17.290073	154.68307	-24.540085	125.91525	17.2896	154.45065	-26.70861	-2.6805444	1.9349545	31.72826	-13.726376	-126.5407	2.0279226	18553.34764289856
174	751.8271	9.073545	762.90894	738.18964	884.80927	95.43163	995.3372	610.1319	896.7708	33.486637	930.96936	799.2638	892.245	79.31835	980.5018	675.15955	1000.0	1000.0	1000.0	1000.0	695999	125.99277	17.30506	152.6565	-80.50238	125.99257	17.30355	152.93768	-61.809303	-2.6511772	1.9452834	31.72205	-13.094865	-126.62084	2.1221638	18668.76974606514
175	750.83496	8.632046	760.7678	738.55304	962.6951	46.01345	1002.5103	899.8399	930.40393	61.42915	1003.293	805.2851	914.8672	47.144577	1001.5523	849.35345	1000.0	1000.0	1000.0	1000.0	699999	125.98509	17.424988	143.6254	-32.753555	125.98515	17.423779	144.14914	-34.325436	-2.6779528	1.9679927	29.73555	-15.194523	-126.62329	2.0131388	18781.740057229996
176	746.93176	21.92155	764.07697	709.5263	905.75476	2.3599546	909.7961	902.91003	919.5026	30.34562	999.86096	902.24133	942.36993	33.341507	996.847	893.9505	1000.0	1000.0	1000.0	1000.0	703999	126.22386	16.98022	141.61594	-76.04249	126.22387	16.979887	140.80975	-52.707146	-2.6787887	1.9706303	35.026417	-12.859414	-126.86372	2.2349248	18893.77071762085
177	747.64	9.618734	758.5466	732.5278	980.8867	40.896923	1004.6687	897.1447	979.5314	40.795143	1004.81433	896.47437	995.4255	6.5404963	1002.6495	984.6866	1000.0	1000.0	1000.0	1000.0	707999	126.22208	16.979908	139.95503	-29.58468	126.22193	16.981792	141.42337	-31.642391	-2.6683662	1.9582655	33.100277	-12.471247	-126.8531	2.0786567	19004.32684636116
178	760.4076	4.3436	767.56696	755.88995	972.3667	44.99184	1005.40845	895.20306	964.3377	48.212265	1005.3236	898.591	953.73944	35.13734	995.4164	889.48505	1000.0	1000.0	1000.0	1000.0	711999	126.22856	16.769209	139.78825	-41.10699	126.22879	16.767847	141.90332	-38.206806	-2.6947272	1.8991613	27.692474	-16.563309	-126.8596	2.137301	19117.246040821075
179	755.3413	9.583115	767.9436	742.01996	923.2995	36.909245	997.69824	897.0426	889.8673	51.354767	1000.7125	807.5208	933.38416	55.334946	997.5519	835.2128	1000.0	1000.0	1000.0	1000.0	715999	126.31454	16.773632	139.93462	-45.9456	126.31414	16.776047	142.68066	-24.02224	-2.705733	1.936554	37.008476	-13.545843	-126.95118	2.118528	19231.41726231575
180	733.0565	5.9699244	738.64905	722.9992	930.2245	44.52953	1005.12714	898.1032	975.16895	42.27631	1005.4481	883.36633	985.994	10.844815	1001.4058	969.8021	1000.0	1000.0	1000.0	1000.0	719999	126.41481	16.854439	138.20967	-39.075233	126.41469	16.855135	138.7363	-67.65795	-2.7100656	1.9062763	37.05458	-13.745806	-127.04664	2.2767837	19347.460001945496
181	682.65314	140.1798	766.7406	402.7888	970.33594	45.89588	1005.09326	898.45746	981.4045	41.508583	1005.01276	895.96216	986.4752	18.544296	1002.2113	934.6618	905.4	1000.0	1000.0	1000.0	723999	126.52744	16.813452	138.55374	-34.04541	126.52792	16.812918	142.85147	-68.772194	-2.7392128	1.9113877	31.194937	-13.339051	-127.16543	2.1273296	19459.00384259224
182	759.5947	4.189332	764.3615	752.8844	900.4458	2.7781873	904.34485	893.6156	892.4725	28.646828	904.5579	806.6685	881.34766	37.420853	902.4814	805.46606	1000.0	1000.0	1000.0	1000.0	727999	126.56567	16.807074	137.83165	-22.353148	126.56555	16.807636	138.04634	-36.219852	-2.7109623	1.9057727	46.704117	-15.266378	-127.19917	2.0795944	19571.37109017372
183	745.0389	12.305943	755.6717	724.1808	905.76306	2.3243723	908.97784	902.0098	901.51013	5.245619	908.9455	894.73975	903.29834	3.5847526	906.0901	893.50336	1000.0	1000.0	1000.0	1000.0	731999	126.6474	16.722004	137.97495	-28.840847	126.6475	16.721867	138.20728	-55.985035	-2.7016203	1.8909864	27.653393	-12.465553	-127.280716	2.153051	19683.61534667015
184	756.915	2.256615	759.6109	753.4513	963.7997	47.522938	1004.9611	895.2043	920.195	34.516216	999.66876	894.738	946.6987	50.415382	1001.6751	883.8026	1000.0	1000.0	1000.0	1000.0	735999	126.68196	16.666428	137.86507	-21.54439	126.68182	16.66695	137.85873	-29.360703	-2.6951237	1.8876865	26.339108	-12.507854	-127.31347	1.9733413	19799.26181793213
185	746.89795	11.575349	760.29333	730.1514	1000.85803	3.8757896	1005.40436	995.2152	990.2716	30.260504	1004.08405	899.896	996.1764	7.954171	1002.91125	982.0013	1000.0	1000.0	1000.0	1000.0	739999	126.73805	16.722946	144.4039	-74.63364	126.73803	16.723364	144.26048	-28.2208	-2.7170463	1.9162052	30.257673	-14.174616	-127.37824	2.1825664	19915.426757335663
186	772.05316	7.10927	783.4328	763.87823	894.4791	26.473883	906.9259	815.4835	902.9826	4.6466694	907.76373	894.332	903.7459	4.1589518	913.483	898.1151	995.5	1000.0	1000.0	1000.0	743999	126.92072	16.58094	141.6789	-36.764168	126.92104	16.581123	150.72047	-50.449516	-2.748835	1.9193698	30.932066	-12.944968	-127.56261	1.9787036	20027.171559095383
187	761.8154	7.070213	772.77325	755.0772	968.7582	48.318153	1003.0601	894.1994	979.633	42.051353	1003.1548	894.3963	984.1544	26.724522	999.62006	908.3383	1000.0	1000.0	1000.0	1000.0	747999	126.8898	16.747498	138.16731	-66.13902	126.89005	16.744669	137.91426	-41.31161	-2.73904	1.8992131	33.68208	-11.809206	-127.53019	2.1227446	20140.836299180984
188	752.65375	7.9154277	762.50916	740.9489	982.1128	39.6924	1005.20984	900.3119	980.72864	38.264038	1003.07904	899.05963	980.0796	23.684765	1000.7041	941.34735	1000.0	1000.0	1000.0	1000.0	751999	126.88869	16.567707	142.96732	-53.6893	126.88854	16.569387	137.9996	-19.203876	-2.725632	1.908237	30.794415	-12.885277	-127.51973	1.9283096	20252.553705215454
189	756.1355	8.698743	767.42926	743.1685	968.4315	34.265717	1002.8022	906.89264	949.1852	42.648155	1002.33276	894.42175	951.82825	27.537064	999.25995	903.78436	1000.0	1000.0	1000.0	1000.0	755999	126.88713	16.690306	137.97821	-23.667112	126.887	16.691929	137.72852	-46.408096	-2.7334237	1.8992553	33.060352	-15.420867	-127.522575	1.9089738	20364.4727704525
190	749.3775	13.837632	760.3964	726.3912	869.6178	44.6114	905.7742	798.3481	892.8499	27.498411	904.30676	810.59595	879.04785	35.182495	905.7171	820.4442	1000.0	1000.0	1000.0	1000.0	759999	126.93537	16.468876	138.2423	-34.633614	126.93557	16.467768	137.85219	-23.180353	-2.7272115	1.8709507	29.377949	-12.93099	-127.56646	2.0909364	20478.111746311188
191	751.3704	18.161226	772.05914	724.7993	924.1919	56.112648	999.59534	810.1892	911.4335	51.89464	998.01086	806.448	892.95593	21.041803	912.9425	857.949	1000.0	1000.0	1000.0	1000.0	763999	126.94123	16.422665	137.96576	-75.063065	126.94163	16.419857	138.40883	-59.258987	-2.7189293	1.8841059	38.723846	-13.753769	-127.5704	2.007902	20593.629330158234
192	748.7238	18.040745	762.56116	717.79486	886.5754	80.18563	1002.12317	664.4289	918.61786	37.304234	1000.8493	894.0144	894.2178	38.5022	995.27673	839.8519	998.0	1000.0	1000.0	1000.0	767999	127.00327	16.433592	138.3437	-18.724678	127.00315	16.432867	138.21841	-18.79937	-2.7483778	1.8846526	28.957703	-12.391896	-127.64381	1.8346748	20705.69524049759
193	746.19885	4.5123143	752.95496	742.03894	970.132	46.290783	1005.92755	897.2012	981.44824	41.474186	1006.5386	898.484	969.6027	44.60949	1004.75397	893.51733	1000.0	1000.0	1000.0	1000.0	771999	127.04507	16.445848	138.89124	-35.47526	127.04507	16.448435	138.1068	-28.587511	-2.737842	1.904083	36.870705	-14.338427	-127.67023	1.9435023	20817.684229373932
194	748.6509	3.0042162	752.2046	744.548	902.81866	6.81469	916.91705	897.0963	877.7173	76.61734	998.14026	721.2587	899.0665	8.83673	912.18896	876.0191	1000.0	1000.0	1000.0	1000.0	775999	127.19645	16.250006	150.6403	-30.96829	127.19605	16.251759	138.27026	-17.386257	-2.7461228	1.9251422	37.0265	-12.590391	-127.84085	2.027262	20928.46732544899
195	764.37836	8.012035	775.33954	755.2957	921.1125	61.61951	1004.4498	799.28876	914.81903	49.454113	1003.0752	825.43256	927.3125	59.98046	998.7671	823.6071	1000.0	1000.0	1000.0	1000.0	779999	127.27642	16.113983	138.77315	-34.011467	127.27654	16.11456	138.38942	-32.740196	-2.7594657	1.8809578	32.39548	-15.385791	-127.90594	2.0555058	21042.077912569046
196	747.4033	17.006016	760.1938	718.1273	970.67596	45.675095	1001.8848	899.1586	943.4337	74.557976	1001.5638	797.1518	970.08905	43.720142	1000.9073	896.30176	1000.0	1000.0	1000.0	1000.0	783999	127.34762	16.098677	137.75574	-34.315697	127.34767	16.09949	138.29675	-26.986877	-2.8005197	1.8242477	36.16968	-14.029013	-127.97707	1.8109213	21157.183856487274
197	750.6288	10.20609	766.28613	740.86755	908.1141	69.56826	1003.7755	803.4624	948.444	64.76183	1003.5117	806.85266	932.2977	58.176575	998.22363	859.18414	1000.0	1000.0	1000.0	1000.0	787999	127.32131	16.239994	138.37961	-94.70536	127.32099	16.239756	138.25606	-46.5489	-2.7518685	1.8963066	31.553291	-13.039862	-127.96201	2.1533647	21268.62363600731
198	753.83765	8.892992	761.3453	738.66046	983.5407	39.998447	1005.4552	902.4997	972.09064	44.911148	1004.55054	897.71545	996.6356	5.514854	1005.65704	986.77386	1000.0	1000.0	1000.0	1000.0	791999	127.44014	16.12612	145.62263	-38.308586	127.44007	16.12851	141.41628	-50.3951	-2.738783	1.897301	33.509434	-12.415436	-128.07782	2.1071382	21378.559637069702
199	752.3854	13.4102	775.2823	741.62524	931.4459	46.69491	1003.6257	897.0282	919.00183	41.796707	1003.1131	892.44324	938.4256	56.87136	998.8669	875.46765	1000.0	1000.0	1000.0	1000.0	795999	127.39598	16.12451	141.79735	-33.172874	127.39582	16.124468	144.09694	-48.560318	-2.737518	1.8817801	32.858974	-14.391743	-128.02408	2.1143491	21490.138362169266
200	765.8236	7.300205	777.52966	758.78125	921.1486	39.26995	1000.2285	893.9203	938.9989	50.11786	1003.04706	892.82196	911.19775	42.387405	993.68256	844.73926	1000.0	1000.0	1000.0	1000.0	799999	127.34666	16.130724	137.83153	-36.27638	127.34667	16.130682	142.66907	-26.23159	-2.7444584	1.8696133	33.43457	-12.812888	-127.96827	1.8798531	21602.560851573944
201	761.5499	5.5524344	767.72	754.18176	960.69904	66.47091	1002.0799	796.6893	980.5374	41.52955	1003.8919	896.093	973.09753	40.859573	1000.74347	896.14355	1000.0	1000.0	1000.0	1000.0	803999	127.32128	16.249914	156.67624	-31.71187	127.32103	16.252434	142.77266	-41.251686	-2.7466774	1.8818848	33.682415	-12.723966	-127.94769	1.8421558	21716.41861319542
202	766.3291	1.6931311	768.86035	764.1461	930.84094	62.89211	1001.65906	799.2262	951.0535	48.83337	1003.326	893.6499	957.27344	45.451626	999.8181	895.26654	1000.0	1000.0	1000.0	1000.0	807999	127.43509	16.147358	138.94316	-46.98704	127.43543	16.14701	138.53893	-30.815767	-2.777216	1.8961263	29.31709	-15.362307	-128.05922	1.8003312	21828.095651626587
203	757.3011	7.508194	767.9331	749.2252	991.87177	30.118305	1004.3587	901.7137	951.09326	64.817085	1001.94556	807.93994	951.984	48.62657	1003.37616	864.0809	1000.0	1000.0	1000.0	1000.0	811999	127.42331	16.200193	138.18062	-63.56719	127.42334	16.19973	138.09587	-35.220535	-2.7483287	1.8580309	25.739845	-12.45228	-128.05273	2.0219424	21939.350142240524
204	757.68835	5.591677	763.9385	750.96906	925.7013	69.922844	1002.4598	813.7382	902.11035	43.349014	999.06104	806.21277	907.5084	67.385605	999.6056	814.94324	1000.0	1000.0	1000.0	1000.0	815999	127.55789	15.978611	139.50293	-28.177517	127.55771	15.979556	138.58008	-40.969738	-2.7738357	1.8844118	29.142899	-12.232024	-128.19011	1.9124675	22050.35514307022
205	756.3814	7.6404195	763.0144	743.76904	892.03796	30.9445	905.83075	799.44037	902.8024	3.1248953	907.1468	897.3314	882.9738	37.068054	906.39685	807.349	1000.0	1000.0	1000.0	1000.0	819999	127.59163	15.902402	138.34665	-31.357811	127.59133	15.904193	138.39697	-72.302025	-2.7881792	1.8433255	30.684378	-15.107173	-128.22406	1.6905872	22161.45685839653
206	749.41376	11.283388	767.6683	738.43695	907.2899	4.1115985	912.1107	896.8466	914.8581	29.667233	1000.99066	892.2984	890.3458	29.640331	921.8483	847.9472	1000.0	1000.0	1000.0	1000.0	823999	127.60376	16.132662	138.43756	-100.116646	127.60375	16.134377	139.16447	-82.57009	-2.79077	1.8676322	34.116367	-13.248514	-128.23212	2.1942933	22275.719690322876
207	757.56805	7.1109157	765.42596	747.6834	959.2831	53.89099	1006.1225	873.30634	969.2835	46.65954	1005.03796	895.2547	969.5231	31.296913	1002.06244	911.1368	1000.0	1000.0	1000.0	1000.0	827999	127.68755	16.107662	138.59114	-26.9881	127.68766	16.108582	138.69426	-40.270073	-2.801232	1.8701167	29.536016	-11.6092205	-128.32117	2.1032064	22397.723139047623
208	713.04895	84.75248	773.56036	567.09894	922.5549	37.49975	998.82654	895.8564	889.50977	47.54607	910.30255	747.3253	903.7562	12.558426	923.8742	880.24115	937.25	1000.0	1000.0	1000.0	831999	127.62402	16.265347	138.94852	-46.30931	127.62401	16.265194	138.48561	-33.930916	-2.7762587	1.8687191	36.14268	-12.560667	-128.24995	1.9436572	22509.597910642624
209	753.2742	6.0328336	763.2071	747.229	901.4232	3.7250552	907.2917	895.8464	904.87256	3.3368526	908.8979	897.0854	891.7296	25.923958	906.60284	816.4822	1000.0	1000.0	1000.0	1000.0	835999	127.63044	16.32166	138.55824	-64.29188	127.63027	16.325842	138.48706	-79.94727	-2.7615407	1.897208	29.57539	-13.00922	-128.25298	2.0695488	22621.661821842194
210	741.8116	13.161466	750.5212	719.05054	971.0653	46.76123	1003.62195	897.37775	958.612	47.174866	1002.9742	898.449	935.95935	49.20642	1000.9575	890.1435	1000.0	1000.0	1000.0	1000.0	839999	127.80797	15.935701	139.43877	-28.335215	127.80828	15.934645	138.69534	-35.23032	-2.7995806	1.8679768	38.245247	-12.612951	-128.43932	1.7444024	22731.663851737976
211	760.0191	3.4155846	764.815	756.4119	999.5662	3.6603758	1004.66425	992.2187	963.83203	109.37806	1005.01385	635.88934	963.98486	43.48756	1003.1725	900.4916	1000.0	1000.0	1000.0	1000.0	843999	127.86864	15.743078	138.7779	-35.75949	127.86869	15.7420845	138.66534	-82.52816	-2.7888312	1.8355215	26.107477	-14.328949	-128.50201	2.0875053	22854.95354604721
212	761.27246	10.650544	774.7776	745.5696	952.0451	50.789715	1004.86017	895.6405	943.3921	48.84683	1005.3963	901.2519	938.03357	51.18868	1003.0317	889.3202	1000.0	1000.0	1000.0	1000.0	847999	127.94718	15.720335	138.3129	-41.597294	127.94698	15.720273	138.54288	-41.155685	-2.790515	1.8545817	36.128647	-12.196485	-128.57956	1.9692847	22969.641634464264
213	757.9408	8.077643	768.34283	745.67377	867.6628	86.2154	910.3284	622.9643	892.9827	27.05381	906.41974	812.1544	883.74695	37.82513	911.5853	808.09204	1000.0	1000.0	1000.0	1000.0	851999	127.98334	15.687092	138.50357	-19.365713	127.98356	15.685669	138.92726	-24.206333	-2.814194	1.873577	37.76103	-12.81757	-128.61845	1.9817392	23081.167697429657
214	21.689838	95.65089	790.4474	-1.2787099	74.520164	19.378967	112.1841	35.598595	77.79634	18.377064	103.731415	49.52516	69.447395	27.971266	134.1913	28.586576	33.738808	82.1	94.9	87.2	855999	168.96478	66.04744	408.108	-125.3201	168.96518	66.05143	422.19965	-123.44327	1.6318269	6.122554	115.24925	-12.200787	-179.46327	28.660479	23152.194726467133
215	82.475815	27.594288	161.96426	15.903339	97.15157	10.390717	110.63967	78.319984	101.261856	9.97434	120.59134	88.02556	98.66981	10.593372	122.56711	85.89785	84.319145	78.0	81.5	78.8	859999	281.67392	28.449816	316.05035	-83.17614	281.67166	28.462553	316.96027	-82.35072	-1.3125678	2.3913345	68.19985	-14.869471	-282.73553	15.25583	23223.491619825363
216	118.81316	45.071255	262.90588	71.09696	507.67294	384.794	1001.8526	141.87537	493.20526	360.1193	1001.363	151.57341	333.06015	322.0061	995.2672	129.35854	120.93939	516.2	517.7	334.2	863999	253.3782	31.544657	278.44263	-52.554512	253.37822	31.552382	278.37793	-44.927433	-2.4918773	2.0190647	29.841473	-12.944021	-254.12338	10.962102	23310.178698301315
217	360.30627	241.1655	797.872	128.62857	922.14417	59.570557	1003.3328	806.9818	940.90936	47.125008	1000.8446	900.59454	936.2375	45.483673	996.2184	888.78894	435.0	1000.0	1000.0	1000.0	867999	228.8887	31.462255	253.24713	-38.90054	228.88869	31.467735	253.78577	-40.909508	-2.627121	2.0936668	41.743347	-13.421328	-229.57375	8.485349	23423.34429359436
218	653.8262	194.88994	778.1766	316.6266	819.93036	253.53171	910.79236	59.593185	868.20276	117.882935	987.9207	536.49786	904.54236	9.429736	919.6614	886.0294	843.0	911.9	965.5	1000.0	871999	208.92085	30.074871	232.50989	-41.4564	208.92162	30.08208	229.68849	-60.585365	-2.595124	2.2510087	38.512753	-13.002949	-209.59378	8.354285	23531.915598154068
219	749.87476	27.882702	777.2012	710.08606	967.9689	46.117294	1003.59247	894.84863	985.1785	34.63211	1004.4478	884.1865	987.29266	28.553164	1000.069	902.1966	1000.0	1000.0	1000.0	1000.0	875999	192.75829	27.936003	212.77222	-47.129436	192.7581	27.94446	214.20494	-52.256325	-2.6193078	2.1741843	30.977156	-11.761017	-193.41881	6.133447	23642.54253387451
220	362.7635	257.70746	700.6239	59.08174	951.3511	39.31401	996.4707	901.14136	957.9492	42.258446	1001.946	899.6154	945.1113	20.67781	974.50006	906.2149	531.625	1000.0	1000.0	1000.0	879999	179.98807	25.507065	197.14941	-60.09304	179.98766	25.512358	197.95123	-39.97195	-2.6045015	2.111109	28.023048	-14.383284	-180.63344	5.405679	23752.773582458496
221	663.755	153.65292	763.90735	397.93683	985.4362	29.274183	1002.90094	917.81635	970.31433	42.59951	1003.1475	899.48956	975.0578	43.363503	1001.5283	879.1333	896.5	1000.0	1000.0	1000.0	883999	169.285	24.300272	185.68709	-42.914463	169.2844	24.302141	187.34189	-114.44948	-2.575084	2.0499427	29.070278	-12.831184	-169.91487	4.7223735	23864.30336165428
222	716.1671	26.32583	753.5677	679.1665	972.85547	39.66308	1006.4689	899.33496	991.3153	30.700125	1005.3453	899.7835	993.87775	5.0660934	1002.168	985.1674	1000.0	1000.0	1000.0	1000.0	887999	160.67412	23.182419	175.83606	-40.73612	160.6733	23.187637	176.23068	-41.8457	-2.5530736	2.083072	33.28909	-13.404929	-161.30771	4.6735697	23974.87897157669
223	739.38354	25.47114	775.04706	710.3562	922.82196	39.375916	1002.45996	895.6839	913.01447	50.359455	999.74854	815.5177	903.63654	31.903507	997.3144	884.345	1000.0	1000.0	1000.0	1000.0	891999	153.74046	22.049212	168.19754	-26.243374	153.74081	22.047947	169.41095	-27.883419	-2.608737	2.0502183	30.572966	-12.285685	-154.377	4.439667	24088.21238398552
224	740.39014	42.825054	770.63074	655.431	1001.5397	1.7711983	1004.3073	999.1838	989.73505	29.503307	1003.2551	901.49054	987.6252	14.48381	999.6285	959.39276	976.8	1000.0	1000.0	1000.0	895999	148.1153	21.234955	162.60405	-25.28116	148.11531	21.233795	162.93352	-61.67474	-2.630225	2.0209668	31.76705	-13.914808	-148.73657	3.6502826	24201.058224916458
225	738.29425	32.89697	765.52606	683.43726	990.4788	29.207792	1003.67645	903.21136	957.66064	61.400215	1001.84686	800.731	976.6034	24.978348	1000.18134	921.1053	1000.0	1000.0	1000.0	1000.0	899999	143.78976	20.67339	156.4862	-72.03196	143.78972	20.671148	157.44374	-40.009823	-2.681563	2.0039823	33.92489	-13.187608	-144.42177	3.7445989	24315.3277425766
226	761.249	9.549385	773.8038	748.52234	931.4425	63.235756	1003.95917	805.5107	919.8963	57.761715	1003.8825	810.87683	950.194	42.602665	1001.4096	879.1738	1000.0	1000.0	1000.0	1000.0	903999	140.33046	19.961235	154.08951	-18.95604	140.33098	19.960367	158.84575	-46.406063	-2.7010198	1.9726834	31.031271	-17.238548	-140.96822	3.5335696	24430.456435918808
227	693.2999	129.8428	769.99445	468.41336	883.53125	36.758022	908.57263	810.23584	923.64374	39.49967	1003.40936	899.8601	892.41895	28.176579	936.9087	817.5178	905.75	1000.0	1000.0	1000.0	907999	137.56882	19.268663	157.53079	-23.54675	137.569	19.268517	158.15852	-100.03553	-2.6868074	1.9617456	32.431267	-14.041736	-138.20009	3.329309	24541.25656580925
228	764.8646	17.058428	784.71136	740.4633	950.557	49.40571	1003.15967	897.24786	973.7814	36.664234	998.531	900.49677	958.2502	43.010563	999.2176	889.0827	1000.0	1000.0	1000.0	1000.0	911999	135.32617	18.925467	147.65372	-31.12981	135.3265	18.924953	147.27902	-34.296616	-2.6761355	1.9453101	32.411316	-13.531635	-135.9604	3.5123746	24650.966538906097
229	770.4345	16.745018	789.08563	752.34845	881.0885	39.69404	903.14197	801.6952	899.81464	4.713035	904.9447	891.5497	867.8662	44.107983	902.05	798.2124	1000.0	1000.0	1000.0	1000.0	915999	133.65627	18.328463	145.63884	-66.85347	133.656	18.329123	151.21718	-71.101036	-2.6860514	1.9205698	34.39243	-12.826867	-134.28531	3.2652578	24760.833967208862
230	767.2638	9.251237	781.6515	758.3322	891.6291	30.731031	917.80054	802.4529	910.5793	30.196337	1000.13525	894.0578	881.4098	40.39081	928.53894	798.9428	1000.0	1000.0	1000.0	1000.0	919999	132.23778	18.251688	145.08878	-60.031868	132.23747	18.255802	145.19821	-41.37479	-2.667176	1.9316814	29.043383	-12.510784	-132.87372	2.7334018	24873.030337810516
231	761.589	7.93887	772.89514	751.9856	962.1416	44.898888	1002.42926	902.00726	941.2259	50.13524	1004.00305	880.53546	944.09875	46.274097	999.695	893.2269	1000.0	1000.0	1000.0	1000.0	923999	131.33682	17.94409	143.74773	-23.80527	131.33752	17.942364	143.06845	-30.48669	-2.701003	1.9192498	26.084227	-12.764352	-131.97296	2.7930713	24985.53983783722
232	770.01776	10.761357	783.968	754.3083	980.2775	40.812313	1003.3219	898.40356	953.53284	60.466164	1003.24866	838.2158	978.1174	38.991962	1000.13434	897.3117	1000.0	1000.0	1000.0	1000.0	927999	130.52087	17.745943	145.63124	-31.213783	130.52174	17.743635	141.7625	-28.830067	-2.6977048	1.8861569	31.85399	-15.413788	-131.15385	3.1847692	25095.202899456024
233	766.60516	9.594906	782.4494	756.8719	980.08997	37.840042	1002.20703	903.4874	943.29236	73.7849	1002.3379	812.31934	963.28015	42.189285	994.8271	896.12836	1000.0	1000.0	1000.0	1000.0	931999	129.78806	17.506765	141.40802	-26.476051	129.7882	17.506392	141.62077	-66.926926	-2.7018657	1.888728	36.89726	-12.142016	-130.42592	2.8883946	25205.913357257843
234	770.18195	8.21243	781.1066	760.6892	990.83484	29.135935	1003.16565	903.5758	980.0008	39.773045	1001.60236	898.9582	978.7664	29.24365	1000.4915	897.2141	1000.0	1000.0	1000.0	1000.0	935999	129.3052	17.356062	141.07445	-24.844645	129.30507	17.356047	140.45845	-34.87234	-2.7242954	1.8841143	28.490868	-13.418421	-129.94374	2.4503627	25318.232570171356
235	766.19885	5.3513274	771.17346	757.516	942.0076	44.002842	999.00385	903.8385	929.28357	40.017082	997.8119	895.6466	951.0885	32.450726	993.6459	901.1643	1000.0	1000.0	1000.0	1000.0	939999	128.89429	17.28331	140.78221	-23.536257	128.89438	17.282879	140.78857	-34.25711	-2.746434	1.8543471	29.905449	-12.93475	-129.52338	2.754915	25439.37143445015
236	766.27356	8.466513	775.0744	755.7741	951.8727	49.172752	1005.2913	898.23425	962.70996	46.951527	1003.087	898.66644	960.90735	29.695932	1000.1913	927.134	1000.0	1000.0	1000.0	1000.0	943999	128.44974	17.055428	140.7566	-22.93854	128.44987	17.055578	145.9166	-22.722721	-2.72745	1.852428	24.429106	-12.345197	-129.08322	2.4883213	25553.435394763947
237	667.174	201.85501	772.18506	263.54996	889.42706	30.262754	903.571	798.9295	888.8965	29.66389	903.76807	801.09015	876.11945	38.111744	900.1142	798.648	869.6	1000.0	1000.0	1000.0	947999	128.18846	17.005669	140.32147	-22.920895	128.18819	17.008162	140.07779	-29.277058	-2.7244012	1.8603547	30.839108	-14.007654	-128.8209	3.0389907	25662.715124845505
238	761.4572	4.4429655	766.2802	755.2664	990.59314	26.18913	1001.6653	912.4489	990.9243	20.718122	1003.9846	929.7998	978.80334	32.08906	1000.8178	914.1065	1000.0	1000.0	1000.0	1000.0	951999	127.97891	16.783686	140.6901	-61.176334	127.97892	16.7848	141.00537	-29.800907	-2.7050855	1.8805649	33.36501	-13.975384	-128.61284	2.4919345	25773.29893875122
239	762.7206	14.548749	780.57025	741.93713	973.32825	44.078182	1003.3088	899.9327	960.50745	46.265415	1002.299	899.2182	983.34924	16.635202	1001.2371	949.49963	1000.0	1000.0	1000.0	1000.0	955999	127.86159	16.674963	139.26457	-31.1192	127.86182	16.671547	139.3094	-45.26484	-2.700617	1.8818196	25.936632	-12.057715	-128.4968	2.7683756	25886.443915843964
240	761.8235	3.6297815	765.7057	757.7388	895.08264	30.621672	916.4134	805.5882	819.43066	227.24948	919.6516	142.32368	893.90314	18.646908	933.8101	867.08746	1000.0	1000.0	920.5	1000.0	959999	127.58851	16.672731	138.97017	-41.392677	127.58865	16.673985	138.81395	-22.560997	-2.7523625	1.8429513	25.765846	-13.744758	-128.2141	2.4032645	25997.867264270782
241	766.8823	4.105953	771.4875	760.4457	978.5084	32.99086	1002.48895	905.3153	971.6522	48.69506	1003.177	860.5117	985.44104	13.378791	1000.40186	962.4167	1000.0	1000.0	1000.0	1000.0	963999	127.38573	16.593758	138.82463	-80.18869	127.38594	16.594465	139.55257	-42.98676	-2.7352507	1.8346134	29.962494	-13.810977	-128.0024	2.8256216	26109.605006217957
242	764.8655	14.155949	782.3669	744.52045	924.1426	57.240166	1004.8267	796.5165	909.0807	38.975792	983.47894	871.21204	919.19696	37.49492	995.49396	879.5335	1000.0	1000.0	1000.0	1000.0	967999	127.18542	16.639349	138.73839	-26.578604	127.18515	16.643066	138.27324	-44.2219	-2.6702318	1.8786172	26.925562	-13.289924	-127.81772	2.4906054	26224.83114361763
243	750.0851	32.93987	772.1394	693.15717	902.27527	63.695126	1002.98285	801.1287	887.6207	29.576242	902.8229	799.3393	873.6325	54.92019	991.9061	803.5021	1000.0	1000.0	1000.0	1000.0	971999	127.24041	16.249666	138.33746	-60.512955	127.24003	16.252594	138.704	-48.140717	-2.7456262	1.8366252	25.285357	-12.835253	-127.87675	2.379786	26334.87326979637
244	763.5797	5.0335693	772.24243	759.88995	966.07306	40.97469	1003.0023	888.9345	945.50476	42.751	1000.3324	898.7999	952.8939	39.110638	1000.4943	892.8515	1000.0	1000.0	1000.0	1000.0	975999	127.16084	16.221249	138.60725	-37.982765	127.16044	16.223665	138.61401	-39.368587	-2.703125	1.8443159	25.492857	-14.723178	-127.79102	2.2067332	26446.984958171844
245	617.28564	205.01064	760.28424	264.5104	949.3085	49.164673	1003.52966	896.5071	949.338	50.250084	1003.65375	858.6634	992.1167	6.538681	999.3626	979.0291	816.25	1000.0	1000.0	1000.0	979999	127.14907	16.165678	138.76057	-57.07315	127.14874	16.166784	139.8556	-52.261623	-2.7447271	1.8308364	27.748402	-14.746596	-127.7803	2.3567832	26565.999119758606
246	755.6435	8.827026	769.61084	745.759	998.7513	3.2130084	1002.36755	990.2992	970.77814	44.580223	1002.68646	900.22046	991.60583	2.6465714	995.26984	986.29877	1000.0	1000.0	1000.0	1000.0	983999	127.25529	15.758429	138.40143	-62.096546	127.25544	15.76089	138.29025	-67.03751	-2.7034314	1.8235892	28.89386	-12.911072	-127.88703	2.3064299	26677.404213666916
247	759.1767	7.443689	769.2292	750.7513	866.5492	44.074165	928.99927	817.9169	911.9083	6.7441	919.9528	899.3265	907.56903	13.452267	920.3076	877.307	1000.0	1000.0	1000.0	1000.0	987999	127.10122	15.919335	138.3568	-46.95584	127.10095	15.921118	138.48975	-34.373814	-2.712923	1.8186085	34.5617	-14.37973	-127.720436	2.4758449	26789.795216798782
248	757.8538	6.386154	761.8788	746.80023	979.514	42.201416	1002.68024	893.75574	971.50116	44.795643	1003.486	897.3268	972.5555	34.69137	995.26105	894.0113	1000.0	1000.0	1000.0	1000.0	991999	126.99349	16.07689	137.9056	-35.95826	126.99401	16.077194	138.11746	-59.112663	-2.7113287	1.8319225	25.413282	-15.144229	-127.61717	2.1784806	26901.335347890854
249	761.66516	6.740799	767.3476	750.214	928.2282	35.2686	984.7578	901.7996	922.02325	35.76982	993.4457	901.5669	923.7635	35.895016	986.3423	892.5927	1000.0	1000.0	1000.0	1000.0	995999	127.09629	15.953219	138.60222	-23.756596	127.0964	15.954305	139.48792	-23.492088	-2.7219677	1.8399769	30.702837	-13.643993	-127.732376	2.0768864	27012.666640281677
250	753.1775	10.585095	767.3232	738.46	869.14197	45.31536	905.6414	798.77454	887.84503	30.701393	905.4829	798.1062	873.48016	36.868202	899.2433	799.20544	1000.0	1000.0	1000.0	1000.0	999999	127.07109	15.934515	138.56996	-36.838223	127.07108	15.935951	138.3473	-31.514837	-2.7303238	1.8008497	25.633217	-11.984898	-127.6849	2.144207	27125.607714891434
