Epoch	AverageEpRet	StdEpRet	MaxEpRet	MinEpRet	AverageTestEpRet	StdTestEpRet	MaxTestEpRet	MinTestEpRet	AverageTransferEpRet	StdTransferEpRet	MaxTransferEpRet	MinTransferEpRet	AverageRandomEpRet	StdRandomEpRet	MaxRandomEpRet	MinRandomEpRet	EpLen	TestEpLen	TransferEpLen	RandomEpLen	TotalEnvInteracts	AverageQ1Vals	StdQ1Vals	MaxQ1Vals	MinQ1Vals	AverageQ2Vals	StdQ2Vals	MaxQ2Vals	MinQ2Vals	AverageLogPi	StdLogPi	MaxLogPi	MinLogPi	LossPi	LossQ	Time
1	2.9823458	3.3325665	12.894935	-10.782449	10.859057	0.6743853	11.872039	9.555124	10.935616	2.397405	14.921712	6.6093907	10.912136	1.2245559	12.762812	9.153435	17.120173	20.9	20.4	21.1	3999	5.9158216	5.0034795	23.504625	-4.979799	5.9156046	5.0040436	23.945986	-5.2805967	-2.452653	1.729081	6.361334	-12.761578	-7.0941067	0.43134952	52.48503851890564
2	2.6414707	3.2591202	12.786388	-5.532251	53.77782	18.199308	87.80888	37.4826	99.47699	89.158615	284.8108	30.03623	66.127846	35.4053	138.25703	33.728695	17.320347	88.8	195.0	122.3	7999	14.6547365	13.389598	57.59097	-5.8797483	14.655099	13.3895855	57.342476	-6.5225854	-0.13778098	2.7908785	11.517337	-13.361592	-17.330269	1.1417834	125.72698402404785
3	11.776496	33.17715	304.74338	-6.8373246	11.283622	3.3962786	20.81756	8.567918	10.128651	1.3378266	12.565113	7.4646425	10.637728	1.5151864	13.574376	8.554854	30.0	42.5	41.6	41.5	11999	29.193228	32.215584	138.15898	-8.563203	29.193457	32.21496	135.07033	-10.231114	1.57639	4.08024	20.865105	-11.720127	-35.084766	7.613255	195.61999607086182
4	159.69629	148.92883	465.28503	0.86224705	225.8807	72.25899	426.8764	156.57185	325.93207	152.29771	613.7479	165.93677	248.68771	82.75433	475.07535	162.9934	303.69232	340.8	501.1	378.0	15999	46.46786	40.503944	132.86444	-7.35816	46.46978	40.49973	138.29863	-8.062601	1.9358934	4.1846466	24.190641	-13.93217	-51.430313	15.582044	304.07653069496155
5	277.61	204.29956	626.65454	77.26474	216.16138	64.33709	315.42422	153.0817	304.13577	170.54497	681.0455	151.13255	214.37943	53.851727	300.49176	152.88585	470.75	346.1	488.1	345.9	19999	55.32278	40.907898	127.64957	-9.169094	55.324444	40.905937	124.72397	-8.828599	1.7369817	3.787171	22.452473	-13.141336	-59.015587	12.759303	391.98587131500244
6	328.19962	180.8576	588.3409	108.45544	244.00334	58.50243	362.33856	174.87694	352.8839	164.17293	591.2255	190.80286	237.02507	40.554718	315.4111	193.82852	586.7143	406.5	616.4	396.7	23999	59.86082	39.190266	121.337166	-22.767982	59.86103	39.189472	121.38621	-19.27162	1.407406	3.5069125	21.570148	-15.9606	-62.791664	10.787691	479.5726854801178
7	498.84528	162.40892	599.1661	217.6652	186.04283	33.75289	249.22023	147.59906	210.51013	129.72662	585.3988	116.48651	189.49026	33.57279	239.59055	142.90637	843.0	309.0	352.7	315.8	27999	62.059414	36.993496	114.40442	-16.134384	62.059544	36.99381	114.59109	-16.482615	0.9271863	3.2886815	21.296747	-14.649757	-64.481064	8.557176	562.468754529953
8	356.98788	137.91518	590.0375	178.78287	300.74286	121.49642	493.3326	189.5418	284.16025	144.73407	586.7569	176.22229	364.04312	157.33394	554.9276	193.49414	612.7143	512.4	484.2	623.8	31999	62.613255	34.848957	109.61745	-21.303026	62.613216	34.849968	109.55801	-24.583328	0.3907658	3.1622276	20.576513	-17.592098	-64.624374	6.759129	652.9925591945648
9	489.96768	128.93053	601.6447	281.58224	167.18518	61.209976	299.07568	112.04185	140.63535	28.855965	211.47597	107.487495	165.01926	34.359997	221.5399	118.148964	852.2	307.6	263.2	318.4	35999	63.31807	32.77371	103.27698	-24.059797	63.318386	32.7744	102.27843	-29.938719	-0.113815345	3.0311053	20.63917	-12.504467	-65.04752	5.604909	734.9319467544556
10	486.36407	119.08138	628.622	310.66675	246.9985	43.005253	338.5981	200.80087	360.98102	155.55916	590.28033	153.31215	268.39554	57.053844	389.76996	160.18184	822.8	453.8	691.0	509.3	39999	63.71955	30.909472	99.16485	-28.459269	63.71961	30.910814	98.63054	-35.105713	-0.49316245	2.9121153	19.671736	-12.510978	-65.25625	4.410166	844.7645540237427
11	579.0954	7.0287876	583.6856	566.93616	265.94037	41.887657	353.13998	178.88376	327.59906	120.8539	527.47906	208.13641	288.25687	30.838196	340.76303	225.8146	1000.0	506.1	633.2	554.3	43999	65.27015	29.541512	98.21845	-39.062885	65.2703	29.541906	100.66246	-25.888937	-0.75635576	2.8750846	20.141455	-13.7676735	-66.721756	4.4980574	955.044536113739
12	579.259	21.097914	609.27155	549.6001	321.86237	52.03753	387.3848	200.91312	345.81586	89.04323	587.40106	238.00906	357.3344	59.7443	451.226	203.01405	1000.0	618.8	654.2	670.0	47999	67.68771	28.4614	99.495384	-31.724838	67.68778	28.46239	96.02349	-35.578087	-0.99281716	2.8075252	18.70513	-13.067462	-69.05703	3.9989586	1049.9755809307098
13	585.2963	14.76016	598.5063	560.9511	314.92795	125.53929	513.32104	130.49287	260.47598	110.2252	461.74863	103.1694	304.62283	52.091095	374.95938	193.40302	1000.0	621.5	512.0	584.1	51999	70.173676	27.38927	97.55846	-32.094833	70.17362	27.389767	96.99086	-25.41039	-1.1198976	2.7910633	28.938787	-13.964575	-71.50013	4.7121577	1141.0880813598633
14	554.7675	76.50469	607.96277	422.62607	196.3475	62.737114	346.98196	105.14967	319.5723	141.94888	593.0452	127.92779	213.22144	71.29808	354.4769	112.56543	931.5	350.9	573.3	398.7	55999	72.52048	26.679138	98.286835	-32.559753	72.52046	26.681288	98.81802	-35.145187	-1.1772492	2.7590172	20.365328	-14.188853	-73.79406	4.7427306	1227.891674041748
15	582.74524	6.777685	591.292	575.8696	187.06653	81.00333	354.22165	108.288246	421.5399	179.55287	596.7001	166.92747	219.8428	47.30688	286.90674	112.83462	1000.0	356.0	748.9	382.8	59999	74.67299	26.218748	98.45678	-57.149864	74.6728	26.220125	98.071594	-33.392696	-1.2885296	2.7100115	18.47324	-13.2234745	-75.90824	4.769937	1316.6543405056
16	528.33215	60.85306	571.2427	423.26874	203.9182	43.881207	265.18076	146.35565	285.5575	129.321	500.85898	151.5616	224.37395	33.23666	253.64641	138.1093	932.25	374.3	559.3	414.0	63999	76.96872	25.779232	101.28434	-39.12408	76.96916	25.78073	100.94864	-66.82723	-1.3329314	2.6919544	20.749878	-15.627213	-78.16788	5.2991395	1403.635020017624
17	422.1464	212.78255	614.0022	83.34152	214.44856	63.640987	302.84137	148.86148	264.19852	133.26614	608.7947	133.85995	243.55424	86.527374	381.19495	149.10728	712.5	392.2	475.3	421.4	67999	78.80749	25.566168	101.261406	-92.51402	78.80762	25.566854	101.01434	-62.26271	-1.4219338	2.6618166	19.24982	-13.5606365	-79.960045	5.58355	1491.9272923469543
18	523.23145	79.36662	579.4994	386.59134	214.20938	65.997894	317.4618	142.47334	210.62419	82.05842	336.91632	100.3072	207.28304	74.90783	310.00995	90.922005	932.25	414.6	402.6	397.7	71999	80.64713	25.157623	102.62276	-44.707897	80.64726	25.15885	102.60653	-62.58082	-1.4081292	2.6891298	19.499598	-14.060494	-81.76943	5.468871	1580.131245136261
19	591.0941	21.322906	612.7952	560.0553	231.8582	46.56173	315.0675	152.4673	273.2093	93.22099	507.49295	150.70937	243.1553	81.942215	363.3195	163.51924	1000.0	379.6	452.0	344.5	75999	82.094574	24.881056	105.07388	-81.94436	82.09471	24.883024	104.92366	-81.0306	-1.4023293	2.7218566	26.539963	-15.409777	-83.22117	5.594284	1666.3004434108734
20	571.0865	28.789213	620.1931	548.32336	288.7657	34.470516	347.88028	242.61938	352.9051	128.14244	709.09406	237.76642	282.67462	60.958984	344.46793	170.06639	1000.0	491.8	565.7	425.6	79999	83.60747	24.52037	105.8934	-38.57623	83.60762	24.521473	105.40273	-39.53265	-1.4467214	2.6741786	20.90911	-12.903229	-84.69529	5.832371	1756.6159234046936
21	561.3053	13.048644	574.6042	544.3566	245.48605	96.8841	360.22696	131.22731	214.2087	75.25703	419.027	158.88148	188.66768	59.682957	326.71844	137.47983	987.0	371.9	320.4	271.7	83999	84.8618	24.208218	106.76159	-43.64719	84.86172	24.210638	106.5674	-56.304188	-1.5202277	2.6394813	22.431908	-12.294852	-85.92442	5.697647	1838.593890428543
22	578.3877	18.179766	608.81354	563.749	305.3941	34.424213	360.10898	234.20908	394.93246	105.63969	538.9089	250.79015	296.25824	40.746162	358.9028	238.12	1000.0	525.3	679.1	454.2	87999	85.79559	24.041368	107.79649	-61.957825	85.79545	24.043947	107.400635	-50.661377	-1.5933557	2.5850194	19.316265	-12.559376	-86.82399	5.159409	1930.864206790924
23	576.8967	15.071375	602.2943	565.54974	258.28464	72.538315	350.0952	126.66452	303.8668	120.29425	608.1455	127.45576	258.43317	76.872955	359.84814	120.12692	1000.0	417.3	484.5	410.8	91999	86.9893	23.361712	107.91199	-46.18172	86.98936	23.363083	107.468864	-63.23235	-1.6324761	2.6483738	20.254759	-14.814415	-88.001915	4.9107537	2017.655347585678
24	539.3305	49.965515	570.2228	452.8653	300.15936	47.282825	371.6573	228.00264	290.7376	54.263954	343.4587	178.5613	313.40106	27.981895	355.10892	251.00179	947.5	531.9	472.2	517.5	95999	88.14789	22.898071	108.125694	-67.16475	88.14807	22.900024	108.11341	-34.75252	-1.7044872	2.6129935	22.114893	-13.420395	-89.14847	5.0165806	2113.643659353256
25	567.90375	4.8651037	572.1124	559.67584	320.35846	68.433815	401.77612	181.58586	390.06577	82.284645	507.4935	269.78546	295.12106	62.961544	389.5559	197.47107	1000.0	552.4	734.8	529.3	99999	89.44911	22.199684	108.488945	-46.295612	89.44958	22.201054	108.81861	-37.246384	-1.7514899	2.6257644	26.009888	-12.510974	-90.4351	4.654432	2208.9507355690002
26	571.97577	11.193067	588.8247	558.1302	206.75955	71.724976	374.55038	147.24506	174.21693	45.15715	290.38147	122.96839	191.94212	69.06412	343.0771	136.80612	1000.0	294.4	248.7	268.3	103999	90.37903	22.168013	109.02051	-48.564617	90.37911	22.170347	108.65292	-25.662977	-1.861237	2.6143363	27.608067	-12.40429	-91.375305	4.9044433	2287.710080385208
27	561.0697	45.163197	589.78534	471.37656	238.06027	61.778477	336.66635	155.03343	327.74832	166.30359	616.7341	163.5415	219.4207	49.27492	324.86343	165.27953	964.2	359.0	543.0	330.2	107999	91.47986	21.95353	110.15161	-47.785103	91.47958	21.956512	110.24763	-50.739635	-1.8515893	2.605252	28.238525	-13.285489	-92.463165	4.7324877	2373.998942375183
28	570.8101	12.340249	589.77594	556.73413	186.04431	62.550705	305.72623	88.99835	192.1554	58.993557	282.8978	99.068535	197.76843	63.98201	292.67838	59.11584	1000.0	294.6	314.8	329.5	111999	92.51026	21.766508	111.3115	-54.416515	92.51039	21.771185	112.00386	-29.131298	-1.8811706	2.6430032	28.874615	-14.580473	-93.49582	5.4349117	2456.6512043476105
29	583.6309	18.128893	611.76636	561.27625	151.27432	23.264563	209.38177	132.06265	246.19136	185.12997	608.9662	123.9017	174.97289	43.3971	252.14565	135.17009	1000.0	227.4	387.2	263.4	115999	93.57817	21.232126	111.5705	-58.277035	93.57811	21.237526	111.737785	-52.6839	-1.9351603	2.6206574	42.183804	-13.190487	-94.53329	5.5540175	2538.224900007248
30	163.21597	234.0008	588.0397	2.3412614	7.9457	1.8351616	13.01752	6.1319013	10.346768	6.707403	28.04256	3.515653	8.617896	2.2821388	13.829823	5.8662686	281.5	21.6	24.5	21.7	119999	94.18908	21.39413	112.8894	-42.93634	94.18847	21.400198	112.749565	-66.22346	-1.9696847	2.5773988	31.526367	-14.12246	-95.124146	4.9510427	2609.585978746414
31	570.9514	7.771523	583.43567	562.0638	271.82938	48.30811	333.90002	196.77913	302.86798	121.22726	612.72864	194.70801	270.02142	58.662678	352.6725	183.1995	1000.0	471.0	485.3	478.5	123999	94.47626	22.08796	112.91633	-53.84687	94.47582	22.09311	112.861275	-63.109165	-1.9561944	2.5609014	27.519484	-13.273805	-95.37719	5.2403126	2696.8574261665344
32	568.42664	5.3727674	575.5796	561.3657	456.42178	184.46468	600.5579	168.79929	404.0004	167.65575	606.82446	169.17947	368.53232	154.96631	594.82715	174.2601	1000.0	770.3	661.0	633.8	127999	94.72766	22.654907	112.69401	-46.560085	94.72762	22.657696	112.77656	-35.741703	-2.072374	2.3972065	22.317474	-14.970193	-95.62762	5.2040577	2797.921337366104
33	520.0171	82.7563	572.89453	376.7917	309.94522	123.87553	575.7301	139.31227	417.4161	167.12996	609.05145	150.07666	280.58392	94.402275	517.73987	193.97902	911.25	505.9	675.6	424.0	131999	95.38655	22.576048	113.499245	-75.874016	95.38648	22.57857	113.94711	-45.35133	-2.10425	2.4158678	22.646967	-15.013765	-96.29549	4.2197485	2889.2301342487335
34	583.2551	16.165909	606.11633	562.08276	215.80368	55.82593	313.6145	165.3358	309.19403	130.32074	558.1097	147.98216	243.3881	71.47705	376.34088	152.57787	1000.0	320.8	495.7	356.8	135999	96.14474	22.096617	114.175224	-50.106014	96.14472	22.09924	114.11908	-51.191647	-2.1570232	2.3673956	20.82542	-14.062393	-97.042	4.4800906	2974.7704524993896
35	584.22437	14.764483	603.3738	564.6065	219.96597	86.61212	353.5934	126.55417	214.1333	117.41103	554.52356	131.19658	198.74802	60.022842	293.9866	131.15515	1000.0	345.1	342.9	319.0	139999	96.72269	22.087786	114.27621	-46.160988	96.72263	22.09023	114.58865	-45.524902	-2.1722662	2.3783262	25.996485	-12.858249	-97.624344	4.200889	3056.9539244174957
36	586.2912	18.809284	617.42084	568.54663	285.1793	89.81873	439.72186	140.47668	301.37592	131.09361	588.7075	154.48346	242.08078	74.07296	383.10535	139.3687	1000.0	452.2	506.6	383.7	143999	97.37141	22.114244	115.329445	-56.683773	97.37123	22.119915	115.16147	-48.214287	-2.2636917	2.350284	21.998547	-14.407712	-98.25358	4.0085363	3143.9144649505615
37	548.16064	29.823761	572.1069	497.79935	281.7864	29.838724	335.0026	228.1643	363.62057	193.92508	599.0516	135.47949	282.4691	53.84435	366.09283	190.2547	960.75	471.5	601.4	464.5	147999	97.85846	21.916428	116.07981	-66.37681	97.85846	21.91816	115.84026	-36.003273	-2.2412257	2.3430989	23.100815	-12.48884	-98.7474	4.0110183	3234.553750514984
38	582.4691	22.741293	613.73694	554.03925	321.2018	55.199287	420.52475	251.81427	333.3695	126.629486	618.5601	171.76872	339.20932	83.228905	505.2365	217.30441	1000.0	568.3	576.1	583.3	151999	98.44362	21.462914	115.58221	-71.46752	98.44363	21.466782	115.404106	-64.96713	-2.2556984	2.3622212	33.98298	-13.628809	-99.32361	4.0926113	3343.5819008350372
39	582.751	15.424833	598.09375	560.9637	223.8092	79.43367	410.01562	153.55638	365.73923	182.09221	639.0675	133.02654	313.08282	78.3848	416.4187	188.287	1000.0	333.1	595.3	509.8	155999	98.99948	21.117985	115.74192	-49.13005	98.9994	21.119724	115.93427	-38.954136	-2.281035	2.3728316	31.731686	-13.414688	-99.87212	3.7349198	3453.3138971328735
40	573.67554	7.99329	587.448	567.7526	247.13017	46.213154	335.51788	198.53937	313.0219	168.44206	621.3657	182.28235	252.3171	58.868492	415.8349	192.41347	1000.0	384.7	510.6	379.1	159999	99.65036	20.836226	115.81013	-38.809734	99.65017	20.837715	115.85077	-50.05835	-2.3170376	2.346641	29.048439	-14.217996	-100.52554	3.947217	3542.7291898727417
41	572.10535	15.914002	594.2472	552.3621	274.08267	40.68977	345.5669	218.30077	381.68576	192.37692	703.0549	165.55972	445.5916	211.77214	692.37585	202.88118	1000.0	404.3	560.2	662.4	163999	100.09498	20.553234	117.57276	-58.018635	100.0949	20.555302	117.15787	-50.778137	-2.288115	2.343734	30.137577	-13.363998	-100.970146	4.066362	3633.115559577942
42	582.6384	10.93854	592.968	565.19824	210.69633	62.53344	347.1905	159.31549	257.4342	154.32568	565.58655	156.12993	218.30827	68.81489	372.74936	151.66295	1000.0	321.4	398.9	328.6	167999	100.42763	20.445913	117.27672	-40.511887	100.42773	20.44941	117.692764	-55.460594	-2.304181	2.3215954	30.42789	-14.233896	-101.281044	3.8687205	3714.349141597748
43	575.3563	10.301136	590.2089	561.36835	244.46042	67.9515	370.68887	151.043	299.76373	113.68647	553.85657	178.87491	263.51852	45.98724	334.46887	164.95718	1000.0	372.2	495.3	402.7	171999	100.62218	20.55942	118.26374	-62.300777	100.62259	20.558268	116.812614	-44.69748	-2.367493	2.2758353	23.990538	-12.769896	-101.46422	3.8900976	3799.0759234428406
44	530.9982	104.27695	608.73206	326.66504	334.71988	32.972366	392.94778	287.0786	350.16077	145.88696	621.1961	165.74345	300.7748	61.42378	446.67712	229.81686	904.0	531.2	554.9	465.9	175999	101.04739	20.164257	120.726616	-35.146004	101.04764	20.164051	116.93575	-45.01068	-2.373583	2.2918117	23.280449	-13.899976	-101.89125	3.7282977	3895.235550880432
45	557.46075	48.310314	607.044	478.1465	413.67392	173.5139	674.0246	247.56244	483.66397	204.19539	689.89813	196.98305	389.45654	197.11713	639.37335	177.3688	955.25	677.2	745.3	626.4	179999	101.36286	19.841558	118.093796	-28.27951	101.3629	19.843378	117.7552	-23.25089	-2.3699818	2.2976782	30.977016	-14.678391	-102.211914	4.1769867	4003.515808582306
46	562.43274	29.084972	592.5563	514.55554	318.74115	127.74333	567.41797	170.48245	295.80444	116.39237	476.63022	155.43452	394.8299	97.37223	586.6874	243.74347	975.0	529.0	472.7	623.1	183999	101.79547	19.71661	118.51045	-56.595978	101.79579	19.717363	117.71269	-57.68485	-2.3712518	2.2867086	30.54038	-13.328457	-102.63578	4.0232425	4095.5374653339386
47	580.11694	12.34531	599.99396	569.27496	230.56416	58.243935	327.0777	171.14186	308.22794	152.81462	644.17255	172.1809	231.81145	19.88068	263.61847	199.54889	1000.0	361.1	487.2	337.3	187999	102.03675	19.604399	118.443	-88.30612	102.03705	19.605543	118.3235	-61.23149	-2.4070644	2.191613	27.83957	-13.90026	-102.845436	3.5643682	4183.3298416137695
48	577.89325	20.876907	609.55615	551.31714	251.89922	38.636116	295.11105	163.39136	338.71228	115.43447	572.67706	186.60606	330.02905	40.18545	384.79266	260.83368	1000.0	403.9	570.9	551.3	191999	102.21182	19.586838	118.73107	-46.00761	102.21187	19.58971	117.95273	-59.971745	-2.3844092	2.2139294	21.748615	-13.173752	-103.035706	4.094095	4272.934139251709
49	571.9779	15.155532	585.12665	546.6803	555.37427	75.09986	640.96924	432.34457	471.93243	146.25739	636.9105	263.36926	494.38998	107.65702	633.6205	261.40408	1000.0	909.3	759.1	804.9	195999	102.35979	19.55466	117.99597	-56.344925	102.35984	19.556974	118.140175	-66.286736	-2.3907773	2.1826026	26.606543	-12.154915	-103.180466	3.504924	4377.503331422806
50	572.8751	6.0453157	581.31964	564.6015	286.26117	50.782932	390.69986	228.31665	247.8627	31.23472	286.16998	194.3708	304.2609	52.88787	408.43478	242.26741	1000.0	486.2	406.6	503.8	199999	102.61484	19.387907	119.66971	-38.07776	102.61469	19.391144	118.97531	-66.29188	-2.3812535	2.2250829	28.928404	-15.7554035	-103.41998	3.6888466	4471.895102977753
51	583.4358	18.29008	612.6469	565.7368	380.84302	145.23935	591.3887	170.02364	441.1394	180.96106	659.4666	141.76393	445.9266	179.99484	653.1366	151.95088	1000.0	624.2	754.8	757.5	203999	102.97459	18.902441	120.66364	-47.700737	102.97441	18.907776	122.17198	-75.93545	-2.4209762	2.2172444	32.012314	-13.863148	-103.78044	3.1477718	4589.356151580811
52	420.59122	172.60997	572.63617	196.53772	565.28186	115.858505	772.85156	275.72714	603.6594	44.70617	680.3493	541.0251	565.74054	122.499245	809.4844	298.4302	726.0	935.0	999.0	921.7	207999	103.29706	18.878983	131.7111	-36.38639	103.2971	18.879915	129.06392	-45.745453	-2.3766186	2.1945605	26.057917	-13.347417	-104.098724	3.36748	4713.060664176941
53	487.00244	123.68989	583.13403	278.6859	267.1579	167.29193	596.5868	100.57319	403.7199	189.23065	608.6228	119.57414	392.98224	179.51836	607.5532	147.32266	842.8	487.6	700.6	699.4	211999	103.59589	18.963053	135.69351	-46.169277	103.5961	18.963612	135.82799	-42.538532	-2.4094179	2.1481218	23.733902	-14.124105	-104.39632	3.8699446	4808.646222114563
54	440.79297	171.35172	597.40643	216.89117	347.35004	140.86948	570.0574	165.09871	389.36203	154.93867	629.8852	125.16915	342.9972	141.15192	594.2012	193.67749	749.2	585.1	668.0	587.9	215999	103.71092	18.887825	137.38593	-35.666546	103.71073	18.890738	136.88805	-62.0879	-2.3871188	2.1159453	26.381489	-12.937289	-104.49817	4.61351	4902.97048664093
55	363.67407	147.27315	599.3858	179.91739	381.2663	61.552986	533.25665	281.0842	369.54553	110.22928	554.376	163.30696	382.61908	47.502083	467.9193	271.28616	611.5714	633.0	626.3	643.5	219999	103.73193	18.803955	136.36327	-38.767914	103.73197	18.80564	134.55559	-48.339542	-2.433148	2.1313462	32.725025	-14.696778	-104.522804	4.477954	5001.302776813507
56	417.07065	116.65349	605.4566	296.53586	213.91672	88.09492	360.61087	136.42737	384.8081	206.52977	667.4366	138.2939	274.58746	101.13406	478.65387	162.75378	706.1667	289.4	560.5	370.8	223999	103.75861	18.590971	132.9393	-58.59143	103.7591	18.590076	132.06247	-36.385395	-2.4252033	2.1435897	24.323168	-13.905406	-104.54021	3.824269	5088.0101590156555
57	449.02377	163.30922	590.1391	227.46213	312.83417	52.469868	389.34402	226.36139	369.72064	132.41226	560.0103	210.66893	463.40024	115.77574	599.61426	271.7202	765.4	510.5	606.3	803.9	227999	103.4708	18.434175	139.52887	-81.95406	103.47189	18.43476	133.46004	-61.723988	-2.4468985	2.0892644	27.990883	-11.826647	-104.23727	4.916249	5185.442176103592
58	586.6904	6.325627	591.9408	576.3175	550.20197	138.15253	643.53424	160.29811	526.2273	108.297195	636.9041	301.9215	555.77014	83.76651	658.2353	403.02008	1000.0	886.3	848.5	879.8	231999	103.17179	18.178734	131.31682	-59.265152	103.17277	18.17633	131.27997	-44.1831	-2.461305	2.108684	28.565392	-13.670889	-103.93328	5.0638947	5288.610671043396
59	582.1135	10.802712	597.9808	567.9218	547.30524	36.882286	630.1914	473.15005	537.7052	60.98029	597.6121	369.18524	538.9696	59.491493	651.90015	420.49847	1000.0	984.1	959.6	930.3	235999	102.97449	18.13554	138.54292	-97.0526	102.97536	18.13665	138.09526	-79.07589	-2.4731388	2.122297	28.652952	-14.082264	-103.72995	3.9834406	5399.4930691719055
60	506.27228	161.44235	619.29565	185.29137	261.53424	33.831444	321.5125	205.41191	274.45575	114.54506	584.22687	179.60214	263.73904	51.30157	360.1353	156.54846	857.4	423.8	449.5	428.8	239999	102.83179	17.94193	134.91368	-47.10436	102.83309	17.940416	136.24641	-42.35728	-2.474252	2.091738	25.590889	-12.601723	-103.5774	4.5023613	5485.458202838898
61	600.1062	9.066478	610.36194	588.0896	551.76953	44.5996	604.3286	445.87482	468.98175	128.51366	605.2153	204.60997	546.7447	61.402405	663.0854	428.74954	1000.0	864.3	724.0	834.9	243999	102.67803	17.809284	125.858055	-86.84832	102.67972	17.80514	125.47018	-58.722843	-2.4853714	2.0812318	23.901785	-12.320021	-103.43359	4.5174317	5588.89040017128
62	602.94653	22.601112	635.8809	572.64417	309.84613	117.614494	496.0708	161.90166	390.13858	114.408455	513.13257	177.0287	248.89648	124.48996	519.77484	138.18417	1000.0	530.6	673.0	407.1	247999	102.82678	17.808994	144.4574	-46.64935	102.82843	17.803856	144.0795	-25.534435	-2.43909	2.1035137	25.415373	-12.528238	-103.584045	4.1989098	5681.693418502808
63	587.2437	10.603792	602.11505	573.02814	470.35757	120.074455	595.9044	219.83334	440.0822	160.9225	633.9392	183.6531	537.40936	69.64417	611.141	410.9302	1000.0	767.2	698.6	881.8	251999	102.89072	17.856577	146.1733	-72.2756	102.8923	17.85471	145.1694	-40.15519	-2.4494238	2.107142	24.760838	-13.015145	-103.63918	4.4564457	5784.25910115242
64	584.60333	3.654664	590.474	581.45074	260.8706	136.20581	507.7843	146.20573	350.7354	191.37708	602.1317	121.317505	396.79877	183.26094	588.2517	143.2455	1000.0	465.9	630.2	703.4	255999	103.06148	17.694708	169.93227	-57.14858	103.06335	17.690475	168.73174	-37.3741	-2.5102801	2.0455434	22.297539	-13.072395	-103.79477	4.154874	5878.890572786331
65	591.4722	16.530844	617.1516	572.05817	211.78535	86.62447	383.54218	151.80513	253.95798	145.44365	640.3206	156.01137	288.28864	86.58301	401.62585	176.40193	1000.0	298.7	357.9	420.3	259999	103.04988	17.771742	178.57025	-131.79062	103.05131	17.767727	177.59639	-88.32594	-2.4711394	2.0616279	26.11739	-14.119457	-103.781975	4.127611	5965.22136425972
66	577.44666	10.11854	594.27814	567.84937	231.81462	88.091156	448.38287	154.74045	278.29626	149.45044	557.3061	148.15033	196.11858	20.04369	229.63379	170.81598	1000.0	383.3	478.1	322.8	263999	103.3927	17.570705	178.71017	-55.77046	103.39369	17.571634	179.03146	-69.0963	-2.5001407	2.0587249	30.48796	-12.760805	-104.13011	3.7694256	6058.1527462005615
67	574.33887	2.0111456	577.2799	571.8559	233.54822	122.33888	589.1766	170.44217	193.355	22.168818	237.34273	167.2732	313.77655	189.74565	617.3445	164.03479	1000.0	371.9	283.3	496.0	267999	103.64449	17.514769	193.55621	-14.734294	103.64629	17.51343	190.8759	-50.534473	-2.515744	2.0752368	28.324074	-12.303226	-104.35936	5.1281757	6144.565312623978
68	596.8644	15.9453535	624.4069	585.78564	354.1466	151.80547	608.5162	220.07666	309.50653	130.58649	580.4003	215.89806	334.05475	144.38548	632.46704	215.41628	1000.0	580.5	514.5	541.3	271999	103.77622	17.231398	197.62299	-72.095566	103.77801	17.228521	195.30188	-39.797195	-2.5126224	2.0503373	23.420406	-14.083508	-104.48197	4.8826613	6238.9783725738525
69	600.56335	12.086564	620.55585	589.6671	487.55194	124.728165	658.9939	160.57391	489.20972	118.031845	610.5018	228.03242	518.26306	126.32435	630.12897	165.7973	1000.0	878.4	893.3	895.2	275999	103.87722	17.138645	211.87567	-42.110535	103.87842	17.134521	212.6545	-49.01509	-2.4937162	2.0417526	24.539204	-13.889013	-104.57839	4.2220283	6359.800249576569
70	589.1659	21.902863	619.318	564.15247	503.12256	104.69029	554.393	192.40274	464.68658	153.58112	623.58234	155.45099	479.72266	167.07138	587.0289	140.60477	1000.0	932.3	845.3	833.8	279999	104.01833	17.088037	216.97583	-42.882656	104.01882	17.087997	213.86334	-30.441467	-2.4823198	2.0435438	25.354641	-12.900687	-104.710846	4.9284296	6465.381451368332
71	599.83984	12.685761	617.8628	582.89404	292.7961	108.48426	446.68463	139.11949	228.4797	64.551544	383.56296	148.66507	305.73718	91.65802	474.11395	157.84436	1000.0	527.5	403.0	552.1	283999	104.05166	17.071594	238.3264	-49.06527	104.05316	17.069065	240.1627	-86.55072	-2.505669	2.0377707	24.39619	-13.446466	-104.74001	4.615948	6556.066019296646
72	578.54645	5.921911	583.51154	568.8505	260.86807	95.951965	537.18866	186.76093	324.19794	184.26741	743.45294	167.80702	271.1975	57.556545	414.2442	203.84375	1000.0	404.9	500.6	418.7	287999	104.02422	16.739351	245.27644	-46.74436	104.02522	16.739273	245.61116	-61.673027	-2.5519304	2.012111	23.046753	-12.495593	-104.71054	3.9209085	6643.641060829163
73	589.62177	16.45362	608.4208	569.83844	293.7839	77.128876	389.2791	160.95422	297.3355	124.67113	580.2424	161.7525	297.02112	86.28176	475.50806	149.99194	1000.0	564.6	566.2	582.7	291999	104.24384	16.623167	247.48291	-46.245167	104.24478	16.62433	253.06927	-42.99167	-2.5808048	1.9961152	24.179678	-12.923762	-104.924484	4.1986384	6737.246825933456
74	590.4463	10.975356	601.7112	578.1242	230.23193	43.666756	311.9908	175.09297	199.8153	23.574812	244.80107	165.83052	201.21477	31.857624	281.36487	164.00334	1000.0	391.0	364.6	354.1	295999	104.27385	16.691345	263.53946	-48.918053	104.27432	16.690973	270.66934	-28.635977	-2.5854976	1.991747	27.755203	-13.339392	-104.95648	3.7026374	6822.6357753276825
75	584.5508	10.379065	601.71625	574.2864	209.0922	29.931005	258.4246	170.6307	203.21506	22.600729	264.99323	185.7865	218.23691	36.66695	299.53708	176.59015	1000.0	365.4	357.6	384.5	299999	104.59385	16.647224	279.608	-115.098785	104.59379	16.651564	276.07837	-83.31223	-2.5884435	1.97665	27.430809	-14.338675	-105.281265	3.9399147	6908.550064325333
76	592.3821	21.655565	624.98486	564.06903	224.22287	49.32258	334.77594	181.12537	210.82268	35.202	280.19998	180.6404	221.75241	39.361546	333.8942	190.77849	1000.0	395.1	356.0	375.8	303999	104.83746	16.590698	284.21964	-49.994778	104.83793	16.597002	285.72656	-85.92226	-2.618961	1.9589391	25.7233	-13.67611	-105.519745	4.26368	6996.274720430374
77	587.99133	15.6084175	612.7944	572.0107	194.295	26.944366	259.399	162.02544	275.07773	133.37657	547.09625	156.23897	213.45735	43.88968	318.4867	157.02402	1000.0	284.6	427.1	307.6	307999	105.03007	16.503546	296.89038	-44.172043	105.03034	16.505522	292.75082	-66.028824	-2.6575456	1.952576	23.383083	-12.282973	-105.71453	3.821747	7091.522793054581
78	590.8807	11.924614	605.6495	575.28314	309.0318	71.48496	435.18552	241.2211	365.65994	151.32622	590.41925	183.65266	370.35046	34.123634	437.44632	316.99722	1000.0	542.8	613.8	633.5	311999	105.21963	16.310127	310.36362	-19.1653	105.21979	16.311375	318.02588	-33.52469	-2.6152356	1.972432	25.647982	-13.121025	-105.90577	3.6563272	7186.9154484272
79	570.56915	5.8858294	574.47864	560.40985	229.62973	85.89013	410.41342	157.31422	208.81535	41.55641	326.71237	175.65091	314.732	176.36253	588.50073	159.66602	1000.0	366.0	311.3	515.3	315999	105.44287	16.283003	323.55515	-54.735306	105.44315	16.281097	330.32034	-43.39156	-2.6144626	2.007276	24.140867	-13.393333	-106.14047	3.4957988	7275.06071972847
80	598.7471	19.84905	625.68427	575.873	208.1829	19.310535	240.28635	180.85536	249.3787	133.92084	611.0334	155.79489	213.99515	25.88496	278.53098	182.52003	1000.0	329.6	392.8	336.9	319999	105.83344	16.095238	324.97342	-36.995823	105.83434	16.096285	323.82855	-38.946053	-2.5881677	2.018089	23.139109	-12.657723	-106.516716	4.5420594	7360.506932735443
81	587.7483	14.046989	611.8817	577.14453	188.20627	34.43168	248.50407	151.70938	205.31873	105.193596	517.8853	147.65651	194.37306	43.58681	273.129	152.35338	1000.0	312.8	334.0	311.1	323999	105.91461	16.125269	315.63342	-42.48745	105.9146	16.128193	318.71732	-28.611086	-2.5875266	1.9997274	21.368835	-13.53074	-106.589066	5.217407	7443.179746627808
82	581.4027	6.129892	589.43396	572.19574	250.98495	87.91443	423.51718	169.43626	210.46323	74.82918	432.3134	172.05945	265.21185	79.07111	400.21194	176.22063	1000.0	380.6	314.6	408.6	327999	106.02566	16.064556	313.7193	-41.442524	106.02678	16.064934	315.77402	-39.903183	-2.6337988	2.0283058	21.784904	-12.405628	-106.70159	4.4075847	7528.895522356033
83	587.8629	7.224688	598.8579	578.57764	277.8143	141.06723	584.84265	172.41866	197.42638	57.30134	314.81458	155.19325	295.31207	163.13634	610.4937	169.43962	1000.0	448.3	299.8	467.0	331999	106.07336	15.7524395	306.56693	-33.56706	106.07335	15.754366	303.88535	-26.970398	-2.6740627	2.0082736	25.932877	-14.084589	-106.75503	3.2284	7615.230069875717
84	480.86816	211.82114	603.3717	57.577003	176.3016	48.933865	254.1698	121.134476	213.1532	78.853455	322.46017	122.574486	181.58905	73.26646	359.12622	128.24696	827.6	318.1	398.2	325.4	335999	106.35963	16.061373	298.8841	-69.50344	106.35915	16.061695	307.75464	-59.171333	-2.6823497	2.0246608	29.26455	-11.955123	-107.037476	4.991213	7701.296644449234
85	313.58163	242.22336	599.56836	68.10677	82.68443	64.44257	194.78609	4.095322	157.47588	130.42715	410.92136	32.72511	124.54152	137.75198	377.7839	1.0356252	560.2857	260.9	434.9	362.4	339999	106.60556	16.347153	320.80408	-46.69531	106.60527	16.34685	330.50894	-41.799114	-2.5611432	2.111646	25.000355	-14.139746	-107.29088	4.8359756	7786.27275800705
86	115.09094	159.32422	574.8805	3.423627	26.284184	60.94763	209.04391	2.3278606	23.39754	54.059605	185.37991	-0.055398963	6.4983816	2.4409533	9.686058	2.8994427	261.25	77.5	68.4	26.2	343999	107.78204	18.375244	339.91772	-39.64564	107.78268	18.371187	340.30188	-15.268306	-2.3078213	2.4409616	29.659657	-12.442429	-108.523315	6.830982	7858.50617146492
87	252.4528	98.268005	346.2499	86.226166	347.04645	74.707634	476.70612	258.9652	329.10513	61.990692	432.50012	206.32176	362.9866	63.37285	459.94498	286.47556	573.0	785.9	771.0	830.7	347999	110.38055	20.501272	315.22552	-59.36743	110.38131	20.491062	313.36246	-55.062992	-1.7032986	2.9553287	28.952662	-12.325601	-111.29062	10.501679	7961.083706378937
88	424.29074	21.279274	455.91336	397.53537	286.557	78.34337	414.86243	192.16513	284.09558	98.50939	432.5134	176.70695	253.52368	70.83197	416.8791	193.77481	905.75	683.6	663.0	594.1	351999	115.01644	20.931002	232.93385	-46.37279	115.01594	20.923191	229.84563	-35.258392	-1.1298271	3.1589136	28.274036	-16.586983	-116.096344	9.003566	8057.944544553757
89	282.19513	124.14175	458.95712	76.129364	312.7657	125.957306	436.73892	60.554993	382.28574	204.65715	655.13135	75.04089	338.452	151.32706	509.1186	74.76391	608.0	574.5	692.4	632.6	355999	119.36576	20.43519	220.85805	-70.98394	119.36531	20.432003	216.38771	-45.0793	-1.2331941	2.7385683	25.972038	-13.510038	-120.476906	7.0409493	8154.642245531082
90	228.48866	132.65312	479.16418	32.747036	209.31723	74.17871	297.24857	87.462715	175.15549	100.565	376.70868	62.96565	189.87741	94.15762	360.85013	73.41318	445.77777	382.3	322.0	355.1	359999	121.6899	21.062994	197.60188	-42.324963	121.68929	21.06095	198.50385	-37.283165	-1.5710527	2.4987152	36.492027	-13.903008	-122.6345	6.768303	8240.04099225998
91	483.09634	142.51752	636.6647	334.24005	278.57382	157.47705	726.93567	154.97543	409.37616	166.62349	719.427	204.75215	436.93732	154.24901	659.07275	213.64302	788.5	375.7	581.4	639.9	363999	120.13602	22.157085	175.56146	-79.61609	120.13626	22.148542	176.15184	-89.989426	-1.9881272	2.3585331	24.090084	-12.575331	-120.87375	5.8957567	8332.011617660522
92	542.048	120.79211	617.63965	302.63748	329.9166	186.75517	778.60754	155.47647	281.29858	126.78108	531.66296	149.81778	301.7738	87.14538	464.34668	218.98932	904.0	431.7	374.9	402.0	367999	116.47016	22.41086	173.26134	-30.235714	116.47172	22.400394	173.40144	-48.15244	-2.2478404	2.265649	29.11219	-12.330708	-117.13289	4.9162755	8418.82951951027
93	602.67816	17.707418	621.5304	579.2978	469.9472	202.13339	761.47504	224.62627	451.5663	189.10632	770.6322	183.79208	430.87604	171.156	700.33374	197.96657	1000.0	651.8	646.1	616.8	371999	113.3082	22.228466	159.83313	-45.969193	113.30878	22.227262	159.93358	-102.227715	-2.3220801	2.2124991	30.004894	-13.183012	-113.95764	4.659581	8514.373574733734
94	603.4544	11.519505	621.067	590.74506	394.605	159.0972	669.6136	207.95053	351.03766	211.53226	686.9441	162.72324	382.32446	148.42082	583.04016	216.59059	1000.0	627.7	525.8	611.5	375999	110.87317	21.982868	141.76233	-38.109043	110.87259	21.982977	140.2595	-48.086193	-2.4378052	2.1261485	26.736141	-15.085289	-111.50963	4.4443154	8609.525177717209
95	600.19086	21.141697	620.9045	564.8282	690.8953	22.976984	730.67285	664.73145	656.35986	46.780514	708.93616	528.0495	596.7174	170.27199	711.0557	163.893	1000.0	999.7	974.8	898.7	379999	108.92576	21.767593	131.5013	-45.437305	108.92593	21.767984	131.99416	-40.990395	-2.4715211	2.1318047	24.403961	-12.3253	-109.55747	4.3039355	8720.312571048737
96	598.5658	21.274529	632.9127	575.01514	459.60294	218.74112	687.3678	162.35483	550.2082	187.503	699.05145	176.12012	442.1668	180.95525	645.2313	186.76447	1000.0	739.2	853.0	730.3	383999	107.39522	21.555525	129.39752	-42.920452	107.3957	21.553698	128.2504	-52.04995	-2.5346959	2.0343077	21.469358	-13.658993	-108.018425	3.8692873	8822.003490924835
97	605.10205	12.437413	626.6269	597.24585	276.5556	131.03773	554.4197	177.31622	394.36755	214.4727	692.5174	179.21552	240.72159	123.029854	603.9916	178.96837	1000.0	441.3	615.5	371.1	387999	106.12146	21.536495	121.42925	-24.188799	106.12089	21.537758	124.91086	-61.072998	-2.5519593	2.0275407	21.415462	-12.023084	-106.74093	4.826169	8910.547043085098
98	572.8779	18.149666	590.35	546.8184	525.5619	208.47252	698.6508	205.395	527.6379	171.54005	706.6721	238.97078	374.8131	203.48611	676.02484	189.40915	979.25	793.7	773.7	561.8	391999	105.23014	21.4468	120.10412	-56.02649	105.2301	21.44825	123.082954	-61.11619	-2.5650144	2.0152905	23.524715	-14.61283	-105.848946	4.0315795	9010.728396654129
99	580.2542	14.561408	593.858	557.6502	422.98648	114.42219	631.6693	267.0509	492.62726	119.85201	649.745	318.14536	376.84177	44.130795	465.92697	330.88522	1000.0	693.2	820.8	615.9	395999	104.53871	21.423422	120.02774	-26.467085	104.53784	21.42251	119.00849	-28.991966	-2.5621853	2.017214	20.123634	-14.364207	-105.17383	3.1100674	9110.729876041412
100	593.792	19.915329	619.9113	569.2655	495.973	177.12283	674.7572	171.71642	485.61237	206.572	679.00055	152.04642	557.55585	152.07489	661.6473	205.42458	1000.0	826.4	781.2	885.6	399999	104.18417	21.236603	124.40049	-72.73691	104.1834	21.234442	125.27842	-52.467274	-2.596469	1.9917412	22.147062	-11.561596	-104.81436	3.821777	9218.000159740448
101	601.61255	13.840624	618.2181	581.6925	270.16965	129.64012	623.2003	175.46268	434.02213	176.48637	651.8287	181.20193	441.41766	213.01999	619.5055	161.44252	1000.0	442.0	710.8	716.3	403999	103.8692	20.935848	118.17944	-34.08594	103.86805	20.934841	118.52193	-31.561026	-2.5716302	2.0098002	19.962423	-15.696995	-104.498886	3.6011968	9315.302592754364
102	589.89795	15.677987	616.89404	579.3037	276.00385	46.11304	349.651	184.50772	254.87021	60.27806	369.90027	166.68854	297.91278	112.805725	578.5348	206.66039	1000.0	425.2	403.4	461.4	407999	103.65478	21.077808	119.41252	-52.821217	103.65452	21.077868	120.75623	-58.468826	-2.6144145	1.9726692	28.202095	-14.696984	-104.29112	3.5568972	9403.097761392593
103	578.1924	21.255816	593.57733	541.5373	208.33115	33.222706	289.4859	160.33969	295.79773	143.16774	654.6048	170.00586	247.31123	58.354557	381.3347	199.5777	959.0	330.8	468.1	386.7	411999	103.60883	21.127827	118.577156	-46.217422	103.60824	21.130322	119.317894	-66.895996	-2.6425567	1.938337	25.900238	-14.161478	-104.23797	3.7504056	9489.840824127197
104	589.4595	14.355667	611.56165	572.9296	335.50287	167.67758	707.1959	220.94617	526.04694	157.49135	701.96277	247.36267	505.5984	185.6304	683.21796	239.16	1000.0	511.4	827.1	778.0	415999	103.65164	21.001247	120.4283	-48.34853	103.65019	21.002726	119.58475	-35.13696	-2.63408	1.9559314	23.99199	-13.075057	-104.29559	3.1468477	9588.314568519592
105	588.896	16.75282	617.4999	574.8428	431.37653	162.04515	642.7334	229.00633	431.88095	182.45926	691.90906	186.4721	508.96445	146.17139	652.0365	255.05704	1000.0	685.0	687.2	794.8	419999	103.81592	20.734482	117.89445	-44.49676	103.81547	20.735493	117.24632	-52.216373	-2.6333756	1.9741691	22.278746	-13.034689	-104.46153	3.1855083	9688.860920667648
106	589.6283	13.991238	605.57434	569.3838	549.2643	54.618355	620.0566	454.64572	559.4685	81.505	656.6002	331.25568	559.3189	72.92508	653.14923	443.13437	1000.0	925.4	928.3	904.9	423999	104.07737	20.251616	118.16525	-41.213627	104.07689	20.250498	119.60941	-47.03838	-2.6589954	1.9429554	25.872423	-12.796503	-104.72076	2.898329	9796.661731243134
107	578.89984	11.761663	596.23065	563.7893	292.76917	125.5267	582.1756	164.64145	253.78731	146.4682	639.4236	156.04718	384.4869	210.78366	656.2549	165.09338	1000.0	454.7	384.6	595.1	427999	104.24672	20.172665	118.15396	-77.26095	104.24643	20.174679	117.57262	-38.131344	-2.6491678	1.941528	21.71173	-12.921066	-104.89027	3.5605772	9885.12007522583
108	589.2997	8.699757	601.24146	579.04736	281.2478	187.09439	655.61694	158.57861	361.26566	218.12173	695.1355	168.24043	337.68912	210.76863	666.86115	169.58629	1000.0	414.2	536.8	506.1	431999	104.3109	20.205599	118.174416	-37.066963	104.31034	20.205727	117.79648	-37.532196	-2.6269815	1.9398822	22.548986	-11.806391	-104.94378	3.295297	9976.322375535965
109	582.7182	9.264162	590.8244	567.2972	564.18713	170.63939	698.56244	221.67883	614.3683	131.17226	703.4934	244.68507	443.01846	195.87416	687.7729	257.41772	1000.0	837.5	909.8	635.4	435999	104.4307	20.093645	119.1852	-54.763462	104.42994	20.090864	119.35509	-62.78819	-2.6013658	1.9536695	28.745096	-13.914736	-105.06224	3.3064106	10077.142070055008
110	588.8306	19.245678	618.88416	565.3222	568.9078	115.935005	644.5428	252.91887	575.9752	144.51076	703.4188	237.27306	494.00943	112.62614	627.77997	330.07352	1000.0	890.6	885.2	760.9	439999	104.568	19.981512	118.161446	-33.892357	104.56744	19.979507	118.84909	-42.436546	-2.6286912	1.9586129	21.30906	-13.152474	-105.21401	3.0056572	10180.181406021118
111	535.1012	109.88431	623.08734	318.40857	453.11612	167.08	632.7808	258.9583	468.24457	203.59302	698.52167	208.3664	384.49353	147.25247	620.63873	185.11879	902.2	702.0	690.3	585.6	443999	104.87216	19.381058	119.462814	-76.29868	104.87128	19.378248	118.5232	-54.67999	-2.619879	1.9813038	30.861774	-14.673267	-105.51559	3.2067745	10275.66285943985
112	588.58875	6.6537123	596.40314	580.36743	341.0746	192.06154	665.9268	137.80472	343.37323	218.2358	670.02295	143.52309	223.45639	118.02095	532.34924	140.79163	1000.0	539.8	520.6	337.0	447999	104.83408	19.538618	119.92925	-49.534966	104.83314	19.536919	118.81513	-49.156193	-2.5820436	1.9697633	24.88096	-15.265429	-105.46297	3.4297569	10364.028365373611
113	568.6637	4.2992134	575.1825	564.2201	340.89694	148.72797	631.78705	211.23773	370.57553	198.59723	619.1335	182.33704	276.5135	124.57638	609.5918	190.56985	1000.0	518.5	578.8	422.9	451999	104.85081	19.883814	119.41506	-43.80498	104.85024	19.881956	119.76242	-19.070047	-2.602441	2.0032227	21.573292	-14.97701	-105.48892	2.7234023	10455.405398368835
114	584.7892	7.483901	590.6883	572.22504	523.4845	102.021034	612.5583	320.1759	564.1229	39.936726	643.6176	509.15997	531.5301	83.87518	603.81287	346.08966	1000.0	886.9	1000.0	923.1	455999	105.02927	19.652468	119.18569	-32.5526	105.02899	19.651731	118.786964	-52.70284	-2.625864	2.0004232	27.665482	-13.817888	-105.67346	2.7578185	10561.662742614746
115	588.27185	15.990799	615.60333	575.83765	391.55887	166.48506	637.48865	171.65071	389.00616	114.748184	607.92395	195.36496	450.10822	161.77072	671.6775	199.84402	1000.0	645.2	652.9	686.0	459999	105.27875	19.440697	119.48035	-43.98874	105.27851	19.435993	118.52977	-34.67023	-2.6789982	1.9255	27.80002	-14.726866	-105.92702	2.5756688	10659.401714801788
116	583.4397	6.639382	590.2474	574.4201	532.5181	196.6921	690.2788	182.2616	444.6683	132.39893	635.8506	223.13478	488.10565	129.27658	642.41754	205.62361	1000.0	805.8	752.6	776.1	463999	105.53483	19.40058	120.03889	-62.38136	105.53506	19.396744	119.20797	-62.843628	-2.6818597	1.9139978	23.517174	-13.87335	-106.177734	2.7282922	10759.78385591507
117	588.8896	12.271645	604.5436	576.8717	532.3758	30.480808	564.0311	474.2355	540.77423	27.016857	563.7914	465.53378	546.9587	27.769876	585.70703	508.57065	1000.0	1000.0	1000.0	1000.0	467999	105.78605	19.144072	119.59311	-48.440777	105.78555	19.140898	119.60152	-58.3373	-2.6686344	1.9503697	27.12895	-13.057385	-106.42512	3.492771	10870.307067394257
118	582.579	10.426291	597.5874	572.29193	693.2904	28.730265	728.55273	646.8709	686.4505	21.834845	711.766	657.8812	662.50183	44.17089	717.2569	574.3472	1000.0	1000.0	1000.0	965.2	471999	105.7299	19.443884	119.42873	-62.33553	105.72903	19.44296	122.88024	-55.265003	-2.6173396	1.9414337	34.111298	-12.010279	-106.36908	3.3848991	10979.543075799942
119	596.6848	13.834243	620.31586	586.52124	575.3976	29.18407	607.4237	515.12714	604.02014	30.60721	649.54065	551.17725	454.43604	166.615	662.8008	211.0576	1000.0	989.5	1000.0	744.9	475999	105.93377	19.621197	119.65313	-41.622646	105.93363	19.618116	119.20978	-68.15825	-2.6296737	1.9399201	25.664688	-13.309998	-106.58085	2.9234242	11087.742694854736
120	576.8351	2.0765674	579.6559	573.79425	613.72424	91.90201	705.5986	469.75314	620.8499	114.47674	725.7492	407.19098	619.83466	70.590965	693.6979	506.38828	1000.0	866.2	908.6	922.4	479999	106.18885	19.343658	119.808525	-33.29976	106.18852	19.33629	120.04111	-31.34813	-2.6548119	1.9569151	28.467438	-12.48774	-106.83553	2.7353654	11195.031591415405
121	586.02594	5.9551783	591.77216	576.1755	609.46924	30.769205	684.6753	580.4362	616.42444	21.323536	659.7378	584.6686	651.1129	21.615221	687.92474	621.863	1000.0	1000.0	1000.0	1000.0	483999	106.20625	19.473585	120.63878	-63.678974	106.20668	19.468857	119.27437	-79.82443	-2.659919	1.9309548	27.46074	-14.962921	-106.84843	3.4492784	11307.094574928284
122	581.5592	9.215648	592.8563	571.9597	628.10547	47.69633	690.68695	562.3955	635.4904	47.62743	690.6521	575.1845	655.10657	43.59718	695.80164	591.55536	1000.0	1000.0	1000.0	1000.0	487999	106.36979	19.409853	120.350365	-36.63011	106.36986	19.407986	119.42914	-30.212889	-2.6487038	1.9210134	25.255676	-12.638927	-107.01348	2.5670729	11416.661837100983
123	580.349	4.760508	584.4918	572.46704	705.8695	31.91189	735.6902	624.82654	702.42084	43.586117	766.9863	623.268	690.7019	28.307892	740.6696	654.68024	1000.0	1000.0	1000.0	1000.0	491999	106.37461	19.61848	126.46543	-36.01297	106.37419	19.618162	126.28159	-42.46653	-2.6736655	1.9058939	25.099106	-13.919932	-107.01452	2.7230337	11525.963208675385
124	580.38885	4.674747	588.06824	575.40955	563.56744	18.122957	597.87775	533.52203	547.6216	26.590342	601.4739	507.73862	562.3998	91.30144	637.73083	391.34668	1000.0	1000.0	1000.0	911.0	495999	106.5437	19.367191	129.6007	-50.892685	106.543	19.366522	129.38873	-47.01757	-2.6653652	1.930414	24.816196	-12.95326	-107.18453	3.0910134	11634.034270524979
125	589.6886	18.844637	621.731	573.1736	599.24097	89.961174	682.99615	385.5464	532.14465	179.15761	694.18146	254.3933	455.3252	124.842415	613.0447	254.63774	1000.0	939.2	836.6	774.2	499999	106.55284	19.285028	140.45593	-55.276794	106.55305	19.279106	135.77164	-40.4772	-2.6639068	1.9055736	25.623417	-16.16346	-107.18613	3.3280187	11741.046688556671
126	580.33795	6.9049854	585.0839	568.4643	315.7433	25.438566	358.4673	262.93564	421.02588	107.8742	557.2611	309.0437	359.89783	77.942444	491.3197	248.72517	1000.0	503.4	713.6	559.9	503999	106.57774	19.270369	135.44835	-96.831085	106.57769	19.268578	133.9527	-111.22918	-2.6563187	1.8968923	22.429043	-13.705047	-107.21439	2.3439648	11835.522223472595
127	580.70026	7.9748387	592.6458	570.2193	526.61096	159.25691	689.9198	258.13452	598.1858	115.804985	684.17584	270.09067	448.61554	141.02068	615.2925	208.25012	1000.0	815.3	941.6	707.9	507999	106.5895	19.2369	133.86137	-46.784203	106.58894	19.239408	130.1066	-78.556	-2.686466	1.8682964	23.431896	-15.6862955	-107.21968	2.683067	11941.445747375488
128	585.40344	3.043113	588.21124	580.4374	628.55676	28.517748	707.21466	605.7033	557.2804	112.636795	716.1011	372.0172	440.94867	93.78915	611.44635	297.3738	1000.0	1000.0	874.0	650.7	511999	106.69953	19.033312	133.62064	-45.049965	106.69927	19.031155	132.5543	-58.02994	-2.6863635	1.8643128	23.482414	-15.059206	-107.346436	2.6408696	12046.040184259415
129	583.00446	9.25207	592.94415	569.6036	432.83643	58.729313	567.2265	354.3956	500.10703	138.30547	675.54425	324.24466	587.35645	61.98006	647.9048	486.4539	1000.0	647.8	755.8	923.8	515999	106.81631	19.024553	133.34508	-50.6155	106.81573	19.022667	129.82802	-62.22804	-2.6683335	1.8633921	23.323244	-13.890699	-107.45879	2.8169243	12145.926147937775
130	585.14435	7.770472	598.00006	577.21246	453.22476	139.5188	620.2575	245.65245	580.94727	77.54011	629.871	362.74826	561.7921	69.96784	617.7276	455.78854	1000.0	713.6	931.2	903.1	519999	106.84523	19.191046	128.75897	-60.46162	106.84534	19.18887	129.45354	-29.359737	-2.6775053	1.8502015	27.09484	-13.422649	-107.48364	2.7452788	12252.743376731873
131	585.4643	11.032186	597.45135	568.2536	352.5296	103.9766	593.4621	267.86926	544.276	140.35588	707.82306	250.10818	461.2628	105.69028	595.4773	303.36368	1000.0	541.6	883.1	751.7	523999	107.01178	18.850416	122.53129	-43.369923	107.01171	18.84764	120.90729	-52.782253	-2.6985388	1.8594743	22.64282	-12.985036	-107.65868	2.5276883	12351.398403644562
132	583.00757	4.63209	590.41925	577.8512	485.8604	81.54982	611.01953	344.59525	494.7818	131.23936	696.8897	308.24686	403.67474	93.48737	617.40155	279.1142	1000.0	698.2	716.7	595.5	527999	107.15188	18.490044	120.91168	-60.318638	107.15131	18.486658	120.80982	-90.974884	-2.7382977	1.8354895	30.588688	-11.929314	-107.78046	2.9543393	12450.054128170013
133	586.76996	8.08457	595.6738	575.2217	676.37274	19.596485	697.1884	645.89166	661.2035	80.89027	698.99493	421.06656	572.098	111.09123	685.1758	394.16617	1000.0	998.7	960.8	831.7	531999	107.22742	18.499716	128.2795	-47.496857	107.2275	18.496971	127.234955	-48.446674	-2.7366393	1.846622	26.13796	-12.25422	-107.85542	2.737365	12563.06212735176
134	585.3384	4.4644313	589.6663	579.0303	387.47284	73.49396	486.49704	283.92337	407.4085	70.95144	486.97455	299.3594	432.8981	47.668564	502.55856	369.0051	1000.0	720.2	812.3	801.7	535999	107.32691	18.356773	140.69145	-38.206944	107.32683	18.354115	136.95312	-44.164856	-2.7118185	1.8532674	24.838684	-14.766394	-107.961685	3.002495	12664.77726984024
135	159.90419	267.27808	588.0265	-10.728925	-9.408684	1.1280116	-8.555909	-12.627979	-9.458998	1.3869324	-7.2623158	-12.003429	-9.724523	1.4495176	-8.200395	-12.612721	295.57144	13.1	17.5	13.8	539999	107.42004	18.370275	211.12234	-31.557222	107.41977	18.370615	216.82205	-80.08175	-2.7085207	1.988185	26.160246	-13.44843	-108.098236	3.0958295	12736.551499843597
136	2.7960775	59.964985	638.9654	-12.5457325	348.9486	105.90167	562.8148	266.84857	418.60547	133.25177	579.66724	244.01491	393.89996	117.79493	598.8864	287.71692	27.09649	580.6	706.7	646.4	543999	107.08433	19.604628	210.59883	-178.20758	107.08324	19.606228	215.09239	-144.72768	-2.6074483	2.084291	25.708485	-13.199818	-107.76485	5.6360025	12834.021267652512
137	588.01227	17.37537	617.8805	575.8452	428.2873	106.84365	561.4998	290.39722	406.6775	109.65671	538.64624	245.15741	368.45944	70.82824	544.33325	300.78467	1000.0	752.6	731.5	640.0	547999	106.47354	20.410616	161.35289	-29.472204	106.47314	20.411657	160.9285	-26.81173	-2.5186155	1.9796499	20.691532	-13.144449	-107.130264	2.8600366	12936.144684314728
138	580.5819	7.8174267	591.5242	570.7376	457.13702	68.141594	536.651	328.04526	549.8567	77.75894	637.5254	395.96652	584.7007	50.73174	643.35406	516.60297	1000.0	939.6	986.1	1000.0	551999	106.6564	20.055964	150.76234	-32.761524	106.65618	20.053408	151.39711	-20.00131	-2.64697	1.8879765	27.724728	-12.021007	-107.30483	2.9535806	13045.047149658203
139	591.3125	12.904675	609.44806	573.1635	343.7942	65.82816	439.25684	211.0677	443.6872	118.253105	585.08655	306.45193	442.02963	96.646034	615.0762	305.47876	1000.0	511.0	699.0	690.8	555999	106.53646	20.086596	143.90828	-54.307335	106.53664	20.081387	144.77216	-56.490463	-2.6995265	1.8572353	18.15258	-13.07526	-107.19353	3.0265787	13140.735406637192
140	584.9964	7.002041	592.8833	575.457	260.1205	109.35073	458.3524	158.11603	275.45676	102.159546	428.9597	157.48451	439.07193	163.95804	645.8358	165.3355	1000.0	421.9	448.9	696.9	559999	106.56618	19.751726	132.32172	-71.06202	106.56684	19.747162	134.33624	-27.10023	-2.7137094	1.8771446	21.410908	-13.044943	-107.2195	2.4498882	13231.876822471619
141	580.02875	4.784358	585.89105	572.9733	561.47345	97.85067	713.3672	480.6012	606.05273	124.2251	730.673	438.74973	612.8248	96.70838	683.88135	413.3423	1000.0	830.0	873.2	908.3	563999	106.61948	19.558498	123.279045	-49.55413	106.61982	19.5505	123.58503	-25.014654	-2.6653757	1.8997997	22.762589	-12.91018	-107.270935	2.961521	13337.254403829575
142	582.3318	12.374835	601.8875	571.26715	541.80566	115.24854	642.5093	358.10684	544.5075	115.5258	654.88257	352.92166	491.6092	95.71538	632.537	288.53723	1000.0	830.5	844.9	748.4	567999	106.68033	19.583847	121.03457	-25.336733	106.68034	19.578178	121.17286	-17.877327	-2.6874158	1.9020796	20.532433	-12.346558	-107.339455	2.5938928	13439.982000350952
143	594.1514	4.428796	600.1746	587.69275	399.2486	27.62475	457.57397	350.96796	419.95084	93.64888	642.6554	342.56415	376.58795	31.597227	445.7933	343.43533	1000.0	583.8	622.5	564.5	571999	106.674	19.80987	120.74631	-18.98913	106.6742	19.806679	121.070206	-9.696968	-2.721691	1.8820179	22.23868	-15.206676	-107.331505	2.4135196	13533.977142333984
144	580.09247	6.7009306	589.36365	571.1535	572.6708	121.53927	700.2367	411.60178	595.24945	113.43182	702.3322	419.77917	634.88983	129.45679	713.01935	254.34554	1000.0	831.2	873.5	931.5	575999	106.8337	19.593933	121.659874	-49.4768	106.8344	19.59189	121.19338	-52.23416	-2.7360106	1.8554722	41.550793	-12.732595	-107.48575	2.353381	13639.328199863434
145	593.738	6.2055974	600.2217	583.50256	559.9592	101.9002	618.81476	348.0136	529.69006	129.47945	621.6687	285.4476	495.5228	144.2941	643.96045	306.89032	1000.0	907.3	864.0	766.5	579999	106.90553	19.610752	120.56758	-30.795279	106.9057	19.609465	120.66962	-39.22119	-2.7173018	1.8630346	23.67776	-13.441643	-107.55489	2.3325882	13746.928427696228
146	583.71466	2.4907658	587.5333	580.54956	291.21173	62.475315	416.42804	223.7276	410.01562	149.69348	559.32245	194.23892	400.05234	129.98389	657.9253	255.90894	1000.0	438.2	684.1	596.6	583999	107.06306	19.556334	120.73875	-56.544342	107.06298	19.552265	120.085526	-37.976223	-2.6733668	1.8865236	21.641125	-12.406908	-107.70767	2.7103577	13840.336828708649
147	575.6395	8.113333	587.36414	564.4708	619.1118	70.77538	705.33673	540.6263	652.1622	69.584816	706.8615	531.13916	656.922	33.453445	696.49005	610.6986	1000.0	1000.0	1000.0	1000.0	587999	107.11988	19.637722	120.57431	-41.55353	107.12041	19.632607	120.35554	-15.77763	-2.6691458	1.8916286	24.395914	-13.038813	-107.771935	1.9962375	13950.196303606033
148	585.3753	9.932237	602.2336	577.2452	558.53894	145.90123	698.38776	325.56348	628.52893	132.40494	702.07086	248.42993	498.886	161.99419	633.9295	206.0749	1000.0	840.6	936.3	773.7	591999	107.19251	19.586226	121.785736	-62.619743	107.19342	19.578629	120.708015	-37.848118	-2.7073221	1.8794177	23.84652	-13.474781	-107.85535	2.5349164	14053.656032085419
149	576.6655	19.344326	599.1069	547.00543	613.4408	111.992615	706.7984	298.2951	608.57104	81.59502	707.2764	382.03763	487.03052	168.6239	635.49304	245.94904	983.0	943.7	956.3	769.5	595999	107.27868	19.351227	120.31771	-17.201775	107.27926	19.34445	120.317245	-14.677252	-2.697406	1.9062027	23.065624	-13.432327	-107.935234	2.5789664	14162.959527254105
150	581.1384	8.475478	595.3075	572.93884	369.50467	115.294876	589.62805	146.23816	476.88873	170.17113	682.67816	193.0516	539.44885	72.82746	685.6774	448.9693	1000.0	533.3	732.5	814.5	599999	107.42728	19.195398	120.34966	-34.84818	107.42786	19.190866	120.68346	-24.061735	-2.6937547	1.885015	20.563654	-13.340855	-108.07105	2.615463	14263.696265935898
151	576.88153	4.3830237	583.32635	570.95807	533.5062	139.9657	624.6119	183.91368	515.8402	183.38112	693.65497	169.91562	615.932	59.26667	644.9226	438.7398	1000.0	851.0	809.1	964.5	603999	107.60394	19.077126	122.808365	-44.771393	107.60382	19.074587	120.78586	-23.616407	-2.732055	1.8538383	22.848667	-13.291267	-108.264366	2.0439906	14370.116578817368
152	584.7798	2.5399997	586.7806	580.51025	280.83276	103.10749	571.97034	158.03514	370.573	186.33395	690.666	167.07762	508.6705	111.13458	622.58966	297.045	1000.0	414.0	557.7	800.5	607999	107.76284	18.899103	120.83016	-79.03455	107.7636	18.892962	121.02335	-31.373438	-2.7645772	1.8510716	26.750677	-14.485171	-108.410614	2.5912843	14464.346310377121
153	599.2472	15.968894	620.7152	578.6314	396.0874	146.49767	675.5284	213.54659	531.90186	191.6018	718.69086	217.94841	544.1202	56.30161	707.0073	500.57785	1000.0	588.3	782.2	829.6	611999	107.75806	18.904875	121.29041	-24.453886	107.75882	18.900328	120.87665	-11.2781105	-2.7747583	1.850453	26.446484	-12.867046	-108.41035	2.5369287	14565.630192995071
154	579.72864	5.336707	585.49994	571.24603	244.39932	47.611813	336.36118	177.76547	412.0506	240.35472	723.3132	190.50757	362.0881	187.56747	675.51	208.42723	1000.0	337.0	574.3	525.5	615999	107.86471	18.810131	121.073364	-17.929636	107.86543	18.802889	121.303215	-34.995953	-2.7666137	1.883515	27.999214	-13.127918	-108.5232	2.5626967	14653.34626340866
155	591.3861	4.4594016	597.7597	585.4592	375.5801	152.93674	666.9782	236.21825	415.41016	147.74081	676.0555	233.44421	565.938	167.16055	699.7361	229.06502	1000.0	533.8	595.9	827.0	619999	107.82986	18.922054	122.67775	-44.820515	107.83028	18.915821	121.26627	-41.234917	-2.7965288	1.8227359	21.582401	-11.755829	-108.474594	2.2296436	14752.976786851883
156	578.7704	7.1272955	587.1615	568.02026	274.9007	84.4084	437.06583	172.73602	491.16058	214.71707	727.8264	229.57574	351.46048	51.960194	405.68265	244.57138	1000.0	383.4	693.6	501.5	623999	107.84766	18.87801	120.27677	-24.053448	107.84852	18.872496	120.088875	-11.922668	-2.8059785	1.7854853	21.74955	-12.451314	-108.49327	2.2479851	14844.733075141907
157	592.433	4.6244335	597.45764	584.9021	355.83392	113.25747	531.9893	226.31969	474.60147	175.81033	699.2226	209.72926	397.34583	156.15063	724.78015	197.99919	1000.0	496.5	665.3	548.9	627999	107.95499	18.744762	120.583984	-26.655882	107.95538	18.740074	125.01052	-48.32371	-2.7883968	1.811021	25.10975	-12.989188	-108.606514	2.4303575	14939.642547130585
158	587.72687	8.627495	595.24725	571.5298	571.5472	135.03772	621.0744	166.60446	569.14154	108.206375	625.22845	247.25134	547.08435	191.12204	721.534	196.89359	995.4	926.5	913.3	819.9	631999	108.02461	18.611132	122.58423	-32.19736	108.02578	18.607023	121.56533	-26.868546	-2.7614775	1.8313869	25.765411	-12.832498	-108.6776	2.8273013	15045.71953034401
159	589.029	3.3613293	594.58264	585.6688	447.6048	63.707344	562.72125	361.64276	427.87247	77.78749	565.9229	338.73883	445.9345	131.488	567.23645	139.54782	1000.0	807.9	749.9	788.6	635999	108.01028	18.526793	122.457085	-44.33181	108.01101	18.517979	120.92913	-12.978891	-2.7879462	1.8115034	21.754509	-13.913457	-108.65098	2.8395152	15147.233173847198
160	578.16223	4.310893	585.21204	573.6808	382.94022	76.74387	490.59464	185.86185	409.84448	107.99802	595.1654	205.66585	418.86578	37.81567	479.64545	338.73822	1000.0	648.0	711.9	717.4	639999	107.95593	18.36617	121.21869	-37.929256	107.95698	18.362139	120.9928	-57.701576	-2.7823048	1.8495767	22.006487	-14.211311	-108.59454	2.3498988	15246.193675279617
161	582.5411	8.863193	596.6568	574.0806	344.83145	41.641785	401.48434	230.92676	392.62634	120.01556	545.9945	179.10855	398.30768	28.37835	458.0164	357.07758	1000.0	609.1	696.5	746.8	643999	107.9224	18.146685	120.70187	-39.223537	107.92346	18.140419	120.92597	-45.42707	-2.765141	1.8603654	23.0288	-12.555792	-108.57664	2.1327925	15342.50187087059
162	578.59875	5.5330043	586.2874	571.2777	499.47534	139.36572	690.6016	265.2726	438.1397	147.39539	695.8019	267.35312	460.72235	157.56496	686.70593	254.93652	1000.0	810.7	737.9	782.2	647999	107.87582	18.009048	120.56984	-50.294456	107.87655	18.005068	120.85956	-17.620966	-2.7802172	1.8179113	22.821661	-13.371844	-108.52208	2.850593	15445.922562599182
163	588.1535	6.4795775	598.8042	581.45734	613.3746	78.652016	735.9447	535.45123	560.4386	53.865753	697.241	480.40787	594.93896	47.900658	698.8776	528.36334	1000.0	925.4	914.9	966.0	651999	107.73848	18.244019	120.756645	-38.537827	107.7389	18.236723	121.163475	-23.445156	-2.7735243	1.8107799	19.611044	-12.327566	-108.38173	2.0956674	15553.128815174103
164	579.18634	5.0475993	584.12714	571.19836	599.20624	69.05178	636.7187	395.35205	573.29266	136.63521	695.76404	200.01492	637.57043	140.03705	721.1155	226.76277	1000.0	958.9	900.8	929.5	655999	107.61378	18.290976	121.01993	-15.613921	107.61452	18.285595	121.05768	-15.748017	-2.7896852	1.7759845	24.277967	-13.149326	-108.25466	2.0417242	15660.719059228897
165	578.40076	11.69307	596.50757	568.0155	618.3307	82.889946	741.10144	403.44373	649.6608	86.065544	754.4897	483.16214	627.40216	93.67096	739.8926	431.0562	1000.0	918.0	942.4	921.0	659999	107.77928	17.691992	124.6487	-35.952343	107.78003	17.684755	121.05688	-11.610891	-2.761255	1.8170528	27.247807	-12.958519	-108.43095	2.1914284	15768.050540208817
166	581.52673	10.418286	597.9078	569.1603	684.0181	27.515558	721.8272	635.968	665.2655	39.84024	740.6937	615.2552	611.7377	129.80779	713.20935	303.1293	1000.0	997.8	975.8	908.3	663999	107.73434	17.618216	120.66386	-42.225533	107.73462	17.610905	120.73925	-22.994434	-2.7844768	1.7977327	22.736668	-12.020803	-108.375626	1.8936718	15878.932916641235
167	577.4403	4.1247554	584.0568	572.88684	452.5056	92.25284	678.12604	346.251	477.57178	115.1389	689.4735	326.8441	485.33185	89.20126	706.80585	352.3052	1000.0	767.4	785.9	783.8	667999	107.67692	17.941328	122.16358	-33.14641	107.67774	17.935207	122.83024	-32.336178	-2.8098037	1.7791424	23.271338	-12.675411	-108.319435	2.1984625	15983.375000476837
168	588.76135	8.097408	602.2758	582.38306	553.65906	100.00991	659.995	388.7409	618.28723	66.81579	711.7937	490.84027	615.889	80.84937	663.891	384.43396	1000.0	848.5	946.6	935.0	671999	107.69602	17.987696	120.694595	-25.428501	107.69631	17.985775	120.973	-17.542837	-2.826887	1.7901707	26.201466	-13.76585	-108.34017	1.8692497	16094.10237956047
169	583.9646	5.139403	592.7399	579.72675	653.4122	20.306395	704.94556	634.8094	650.32385	19.747261	705.8281	633.65625	639.723	9.936265	653.93	625.78125	1000.0	980.7	1000.0	1000.0	675999	107.76151	17.814957	120.45412	-54.677776	107.7613	17.811417	121.36385	-28.160189	-2.8239229	1.7669785	20.89644	-12.99675	-108.40203	1.8210478	16207.812834262848
170	591.1195	10.12895	607.6971	580.61786	666.5189	72.870605	716.0901	451.03564	633.8354	87.131256	715.268	448.55475	677.44934	12.791844	699.1673	660.1405	1000.0	965.2	946.5	1000.0	679999	107.80615	17.794714	120.516716	-65.6707	107.80632	17.788177	121.267334	-20.896292	-2.8363898	1.8010429	24.758656	-14.912497	-108.45061	1.9548244	16318.436914920807
171	579.8453	5.343326	586.6948	573.09674	343.5827	114.1105	524.1002	236.07582	465.81342	122.79327	574.4273	251.62283	377.55103	169.68356	643.232	242.58049	1000.0	527.5	792.8	578.4	683999	107.82356	17.9613	120.991325	-77.4901	107.82378	17.956049	121.511925	-79.14096	-2.860959	1.7763265	23.062962	-16.046154	-108.47561	1.7203788	16413.842398405075
172	584.14355	9.48794	599.0676	573.9387	529.2412	156.1905	693.58136	337.58237	471.1004	194.66856	708.19556	175.16444	684.8081	7.278194	696.027	671.43427	1000.0	767.2	681.4	1000.0	687999	108.03866	17.523623	121.70046	-51.536808	108.03877	17.521177	121.65437	-7.4286675	-2.8622487	1.7863418	27.956902	-12.870047	-108.6833	1.9356455	16522.345863103867
173	588.3981	7.3145995	595.993	576.30664	772.6067	27.363628	788.8253	694.80396	770.41974	23.082071	789.7791	718.5984	664.0167	62.385124	738.24896	563.39087	1000.0	1000.0	1000.0	919.0	691999	108.11501	17.389824	121.42064	-66.14787	108.1155	17.379934	121.27771	-39.574306	-2.8286498	1.800125	23.524614	-13.328144	-108.7654	2.0684633	16635.120560884476
174	584.9857	7.3488297	597.1044	578.3421	374.7608	120.96923	540.4806	236.15518	417.71884	142.11922	582.6486	212.11256	550.56335	144.13617	679.57715	262.38986	1000.0	525.0	651.6	805.0	695999	108.16126	17.388384	121.29866	-49.63108	108.1618	17.37947	121.56902	-25.621014	-2.8530593	1.7862692	43.53443	-12.99217	-108.80103	2.2670398	16733.740624904633
175	583.80164	5.1192636	591.3634	577.22327	625.0199	98.3893	707.9026	383.22324	408.6012	93.425255	549.01447	255.71417	603.1687	111.68385	734.36316	428.81604	1000.0	891.6	572.6	853.3	699999	108.1794	17.49078	122.17285	-38.182632	108.18059	17.482594	121.90555	-28.45326	-2.8277743	1.798415	31.44408	-12.210877	-108.83064	2.2198575	16839.242114782333
176	584.0882	6.817959	592.43585	576.4065	317.04413	119.48237	574.5303	217.84943	467.68994	180.15889	733.586	249.0193	633.2123	84.69365	686.0731	415.67154	1000.0	428.0	658.1	928.5	703999	108.26229	17.53842	122.206535	-34.01845	108.26291	17.531366	121.93648	-25.967054	-2.8604307	1.7498802	23.15171	-14.321785	-108.91652	1.8701961	16939.529542207718
177	588.9931	10.621762	604.7808	575.9632	629.50433	58.694263	685.46313	529.7945	659.41187	20.15927	697.5185	631.5123	648.5321	29.232931	691.62836	580.69586	1000.0	919.0	996.9	984.6	707999	108.3067	17.454012	122.16668	-47.940456	108.30776	17.44834	125.04364	-46.79046	-2.8644114	1.7543399	25.835796	-14.580133	-108.946686	2.2190504	17051.669491291046
178	583.0519	3.356831	587.52527	578.2942	667.38184	121.759254	715.2813	302.93564	709.0659	26.170784	761.10504	668.4716	635.41364	102.75153	700.35254	335.56302	1000.0	944.6	1000.0	949.7	711999	108.23348	17.670738	121.198616	-44.007137	108.23371	17.666075	120.711174	-15.258877	-2.880788	1.7740309	22.288656	-13.930748	-108.877655	1.8251892	17164.747077941895
179	588.8421	5.626678	597.4678	583.0451	551.0424	136.00963	682.05457	212.11424	549.2521	150.84612	689.34393	184.07375	581.8285	86.81336	667.69977	359.26328	1000.0	891.6	861.5	930.1	715999	108.29214	17.6085	121.25246	-41.04111	108.29267	17.604532	121.10089	-11.13124	-2.856381	1.730106	22.352516	-12.775949	-108.93627	2.011564	17274.178973674774
180	588.26355	8.726164	596.5631	575.07806	705.4684	91.449265	787.15295	460.02112	634.73346	136.18977	786.15564	399.72708	691.9011	14.495325	721.7083	678.12616	1000.0	951.5	885.9	1000.0	719999	108.40657	17.388052	120.87107	-49.748882	108.4067	17.385946	120.60773	-12.867987	-2.8648384	1.7593589	23.3737	-13.237515	-109.0574	1.8834727	17384.871334552765
181	584.29584	3.527205	589.6839	579.81213	451.6376	144.67462	713.2512	288.86685	391.38797	150.9709	702.72406	261.978	637.5449	88.4369	736.50244	497.20663	1000.0	618.0	552.4	866.7	723999	108.46446	17.408764	120.89691	-37.412224	108.46473	17.408474	121.58616	-12.719933	-2.8668013	1.7429031	21.56605	-12.597897	-109.11772	1.6563264	17484.325714349747
182	591.9426	10.295398	605.46234	579.4963	502.9275	148.08717	744.3044	298.3528	613.45996	146.2182	763.65607	278.57965	535.0221	53.486877	642.2314	436.9968	1000.0	683.8	852.3	740.6	727999	108.57534	17.30333	121.30856	-31.011492	108.57546	17.298868	121.15171	-52.01507	-2.8697734	1.7495767	21.525103	-11.393917	-109.22398	1.8838143	17587.23888516426
183	589.43536	3.8989267	593.33325	585.0815	628.05743	78.41969	677.9533	398.33847	580.29346	172.65329	724.1859	164.6621	576.1787	122.13587	683.0621	320.14966	1000.0	960.8	872.8	898.4	731999	108.57549	17.425959	121.02018	-59.731396	108.5762	17.42288	121.937675	-52.545273	-2.8581884	1.7614143	20.833746	-12.417965	-109.22107	2.0757582	17695.048871040344
184	587.7008	6.9188356	596.58484	580.7314	628.1289	26.512705	673.14185	600.70966	632.83057	27.331154	679.48926	584.7432	606.19006	9.053053	624.7326	594.4869	1000.0	1000.0	1000.0	1000.0	735999	108.53495	17.482004	120.94874	-56.973896	108.53516	17.479876	120.65021	-22.743208	-2.8782415	1.7499032	21.966532	-13.223207	-109.18439	2.0822551	17806.831855773926
185	592.3783	8.673186	600.8637	577.9285	667.1205	26.782152	703.44135	632.2079	622.0938	129.82126	705.9675	250.65134	665.85236	28.210178	706.00244	634.647	1000.0	1000.0	919.9	1000.0	739999	108.53626	17.365078	120.67359	-33.907578	108.5367	17.36372	124.30337	-8.584221	-2.875824	1.7370876	23.633251	-13.923983	-109.18105	1.8340743	17920.401297092438
186	584.9394	4.0675974	589.67255	578.77325	684.0719	172.74942	787.6615	184.34175	618.7123	207.74677	785.7781	209.56711	609.09485	105.120514	685.68555	298.72595	1000.0	925.6	853.8	946.0	743999	108.55079	17.370451	121.94127	-70.85371	108.55058	17.366823	121.328476	-29.145443	-2.8422387	1.7726729	23.673319	-12.088463	-109.20431	2.0519714	18032.295299768448
187	592.9567	8.477852	606.4962	583.206	444.89093	118.79887	622.9013	144.7898	512.1475	171.65509	695.157	179.75313	505.47177	105.004105	636.29645	348.23627	1000.0	655.4	769.3	782.0	747999	108.68155	17.286097	122.4706	-41.73672	108.6818	17.28268	121.7457	-25.676254	-2.8877308	1.7751267	25.35156	-13.388882	-109.342766	2.1366816	18132.325653076172
188	583.0641	3.1067908	586.0224	578.24646	477.87247	173.87631	695.112	270.73737	568.9107	159.37045	687.1866	243.86638	624.8729	122.21835	705.9015	263.14172	1000.0	693.7	847.2	940.0	751999	109.02532	16.825348	121.385	-33.58347	109.02497	16.821472	123.276276	-20.758902	-2.9082115	1.7655786	29.406948	-13.141798	-109.675674	1.970821	18238.190897226334
189	586.52405	6.643279	592.9662	577.18445	383.19656	207.22646	645.47864	152.37503	352.4538	225.1109	650.28125	147.55489	334.89374	150.12376	612.07635	153.93063	1000.0	577.2	522.6	501.4	755999	109.15752	17.011213	127.16923	-79.11896	109.15844	17.003965	124.06579	-66.12726	-2.9030337	1.7454557	25.213043	-12.404669	-109.7986	2.218851	18332.512936353683
190	591.0809	12.688399	611.80743	577.4356	626.4521	90.63938	688.06854	395.1039	629.44696	46.261948	667.22205	506.56436	589.52136	159.43793	681.4454	260.4024	1000.0	936.5	964.1	882.1	759999	109.21457	17.070526	131.91809	-31.483904	109.21483	17.070807	132.46016	-52.454704	-2.8921704	1.712813	20.457556	-12.526473	-109.856415	1.7099829	18443.439081668854
191	591.62476	17.782442	610.0649	572.9925	654.99286	21.345043	683.6575	630.4311	630.28375	28.072374	667.6744	560.63947	646.0966	16.213512	669.7642	619.3869	1000.0	1000.0	988.7	1000.0	763999	109.1894	17.308372	122.06697	-51.527992	109.19087	17.296911	122.395615	-31.841658	-2.873618	1.7385795	20.917782	-15.262402	-109.83471	2.3282812	18558.36155939102
192	592.198	24.332348	632.614	567.8992	487.96167	160.49168	674.7432	242.04413	395.08676	174.16098	619.8503	174.31082	643.6874	21.400114	688.91296	606.20856	1000.0	772.7	638.0	1000.0	767999	109.22529	17.351377	122.73263	-45.05814	109.22582	17.34863	122.92115	-26.113451	-2.8595905	1.7387252	21.347818	-12.593669	-109.86805	2.2859967	18662.177876234055
193	592.4919	5.8586802	602.01855	587.24176	699.3375	29.35299	784.9497	679.8837	650.77216	158.84615	783.97974	243.31067	578.0062	180.2342	712.5387	269.0113	1000.0	1000.0	910.2	838.0	771999	109.27662	17.546852	122.42832	-47.774532	109.27677	17.545698	121.66244	-27.07355	-2.8948562	1.7357738	21.269932	-12.917515	-109.93611	2.106333	18771.052708625793
194	548.3099	53.64409	586.4176	455.81616	416.08844	71.33251	493.33002	282.60977	476.8597	178.56812	715.1396	243.45464	548.76953	114.8023	692.7967	385.96124	945.0	617.2	686.5	801.3	775999	109.4811	17.188768	123.58338	-60.887505	109.4815	17.185665	123.19519	-26.035362	-2.9071047	1.7196736	32.680668	-11.890958	-110.12881	1.9050648	18871.95283651352
195	594.6956	18.232729	624.79767	577.52765	428.192	158.6572	679.83966	248.24509	476.00586	187.27982	683.26324	245.78992	670.9671	16.95403	699.2081	647.88226	1000.0	623.4	720.3	1000.0	779999	109.5587	17.074326	122.24495	-83.01958	109.55891	17.071173	123.11517	-23.931293	-2.9120784	1.7105379	24.213453	-13.630544	-110.20594	1.8164756	18979.374272108078
196	588.7631	8.640009	599.0089	577.252	469.12036	105.80705	619.41626	279.63126	471.29266	110.27119	630.7148	272.0559	572.5081	85.46825	636.88763	436.59253	1000.0	769.9	739.2	904.4	783999	109.65293	17.155998	122.19974	-45.317802	109.65302	17.149101	123.32234	-21.614172	-2.9256392	1.6994871	23.50639	-13.601752	-110.29798	1.6800754	19082.962099790573
197	583.5358	4.2716017	590.091	578.7301	302.47043	194.46684	682.96924	165.29857	368.44348	207.0464	686.23096	184.32031	424.8982	202.5379	700.8556	220.55739	1000.0	429.1	532.4	616.6	787999	109.76204	17.206076	122.37399	-63.840405	109.76189	17.200018	122.183525	-17.013931	-2.922555	1.7213447	22.677565	-13.50606	-110.41108	1.7442901	19176.141085386276
198	562.6719	49.89505	594.24146	476.34366	457.154	163.29126	711.3617	271.8777	488.37662	197.63211	716.3168	214.89001	656.27136	16.955177	692.32477	642.16534	952.75	639.0	704.4	1000.0	791999	109.84056	17.05148	122.36954	-35.381058	109.84105	17.045465	122.4155	-54.214836	-2.9215403	1.7123984	29.071945	-13.4375	-110.485756	1.9767494	19279.18522143364
199	584.83264	7.327527	594.21216	577.5099	662.34534	88.89743	722.0353	399.04877	610.8746	158.52525	723.5753	273.5855	622.3187	141.19	707.95374	258.7297	1000.0	957.1	885.7	905.0	795999	109.9628	16.931952	122.741	-46.285267	109.96347	16.927734	124.7815	-16.902946	-2.9341369	1.7027208	26.067425	-13.522454	-110.61013	2.0762582	19387.206088781357
200	582.6389	7.9450192	592.4468	570.45557	531.3779	180.80418	735.37244	318.2352	591.3124	175.64919	719.62354	278.0281	620.23	156.55637	705.8182	259.66705	1000.0	739.0	834.6	885.9	799999	109.90245	17.14079	122.71833	-15.537751	109.90243	17.138966	122.90659	-11.793715	-2.9054778	1.6708437	23.717567	-13.306548	-110.5393	1.9352962	19491.614523887634
201	586.9618	10.7054615	600.8836	572.2835	695.73596	6.5727463	706.80707	687.56177	621.8441	132.62294	703.12946	308.50513	694.1776	6.047998	706.0813	685.581	1000.0	1000.0	908.2	1000.0	803999	109.94795	17.095125	122.76353	-20.373524	109.9485	17.091259	122.77124	-16.391787	-2.9147964	1.7007992	23.980322	-13.653065	-110.600204	1.6603901	19601.10134124756
202	578.5838	6.47902	589.3675	572.1634	652.5807	69.652885	701.7498	479.17838	618.70636	99.67982	702.0931	411.6961	694.8511	13.005024	704.8033	658.4129	1000.0	945.8	904.9	1000.0	807999	110.02484	16.890314	122.40149	-32.801704	110.02499	16.887226	123.24195	-27.975515	-2.920446	1.6847609	23.583933	-13.286768	-110.67217	1.4674009	19712.75314283371
203	588.2476	7.8253293	600.6306	579.11017	328.65976	151.07896	627.1951	195.0877	443.1662	224.05315	787.05457	166.31921	629.0563	27.585724	653.6018	551.4926	1000.0	474.0	656.2	985.8	811999	110.09059	16.94226	122.643814	-40.10156	110.09101	16.94078	122.26321	-20.191786	-2.9151125	1.7072327	23.719498	-13.16946	-110.747055	1.6835603	19812.556834459305
204	589.6832	5.5966287	596.16095	580.72766	511.65326	131.82892	700.2752	273.42242	393.09442	164.62088	692.09467	152.1724	435.06488	43.10369	515.78687	361.25092	1000.0	726.7	574.0	604.6	815999	110.10771	16.967546	122.57804	-63.271477	110.10737	16.962156	123.07829	-30.046257	-2.9470062	1.671345	21.92011	-11.684399	-110.75403	1.6277283	19910.277800798416
205	587.785	9.136125	600.94934	577.4165	386.69037	176.29684	717.9321	258.0331	439.98373	177.2607	711.7341	252.09256	556.8832	157.54282	713.9426	345.07935	1000.0	550.4	667.3	811.0	819999	110.08139	16.862415	122.38701	-14.376549	110.0806	16.861681	122.23618	-25.375942	-2.9056196	1.6797934	22.756174	-12.782355	-110.72758	1.5183073	20009.619238376617
206	550.2187	54.79269	586.1452	455.45337	656.44446	137.67845	765.6391	258.3008	642.8407	119.97241	708.2485	289.2794	655.5409	16.290705	671.296	621.72833	945.5	936.7	942.9	1000.0	823999	110.00646	17.001972	122.77689	-57.613796	110.00698	16.992155	126.0504	-12.325269	-2.9029229	1.7041489	22.327074	-11.650192	-110.656654	2.05962	20120.51161956787
207	578.3167	5.86964	582.8985	568.39246	699.15656	6.917756	714.4153	692.02313	667.5656	72.08298	706.74097	460.24634	683.4671	20.46156	714.35547	652.57385	1000.0	1000.0	962.8	1000.0	827999	110.16138	16.742298	122.68572	-20.967537	110.16212	16.737064	123.86037	-24.686342	-2.9283884	1.6914709	21.793322	-13.306593	-110.811844	1.6895945	20231.835093975067
208	580.10754	7.380393	589.7524	571.0699	608.4119	111.39132	683.1428	283.3196	650.5269	22.327763	674.851	618.8488	579.6078	153.13808	688.2283	196.84882	1000.0	941.7	1000.0	883.3	831999	110.24214	16.792831	123.113045	-40.511986	110.24298	16.788454	122.70174	-29.458456	-2.9313064	1.6669451	22.395224	-13.096247	-110.888824	1.9831846	20338.722205877304
209	594.1446	4.057204	600.8011	589.8155	424.73795	194.89542	682.0644	237.6509	546.1571	170.2806	678.4364	214.3234	637.08655	14.154514	673.7705	620.1772	1000.0	626.2	831.4	1000.0	835999	110.28319	16.735397	123.13418	-34.520523	110.28403	16.729147	123.674225	-18.758076	-2.9473722	1.6532094	22.403305	-12.421671	-110.932594	1.6170918	20442.58944940567
210	549.86884	49.459084	581.3284	464.26035	688.18054	21.253193	722.8885	647.5943	660.0085	75.12641	704.1719	441.4854	668.62964	20.53047	718.60614	643.7518	947.75	1000.0	963.3	1000.0	839999	110.25512	16.863756	122.24991	-57.73319	110.25501	16.858387	123.05928	-28.672947	-2.9404497	1.6517178	20.173813	-13.5642805	-110.89753	2.101069	20552.680687189102
211	594.70337	14.495522	615.2366	574.2938	706.5253	14.308374	731.3421	694.02844	719.3146	37.774254	782.539	654.3732	696.60876	14.2677355	712.9934	667.79175	1000.0	1000.0	1000.0	1000.0	843999	110.24729	16.93056	122.535545	-21.556595	110.24806	16.924812	123.26234	-39.262684	-2.93376	1.686345	24.691858	-14.485015	-110.8981	1.8378854	20662.785937070847
212	591.59015	3.4442742	595.7054	587.5141	581.11633	161.90048	677.48083	194.00432	656.63245	24.573856	690.524	623.7021	658.1266	13.014198	682.19025	637.84656	1000.0	886.7	1000.0	1000.0	847999	110.25532	16.833849	123.045204	-20.62433	110.25568	16.830578	123.711586	-10.980072	-2.944005	1.6754007	33.57122	-12.6870575	-110.901825	1.9166464	20771.756816387177
213	583.5692	10.144695	594.1341	569.47595	685.45703	31.144146	734.65216	651.157	554.5958	194.39209	790.90094	220.54651	686.22595	19.488869	717.59576	661.2419	1000.0	1000.0	803.0	1000.0	851999	110.18635	17.006474	122.728386	-48.77589	110.18624	17.003387	124.211655	-23.914793	-2.9518988	1.673549	23.119553	-11.402002	-110.828354	1.8016152	20881.696700572968
214	586.60547	8.248097	598.17163	576.23193	616.05383	104.649475	705.96625	319.461	620.5741	101.693214	711.6158	336.56293	588.73096	159.50642	699.52246	165.35062	1000.0	950.4	950.2	887.3	855999	110.14358	17.039118	122.38963	-47.101254	110.1446	17.029839	122.757744	-36.35926	-2.929481	1.6840744	22.739403	-13.137491	-110.78784	2.0692787	20990.64679145813
215	594.34424	8.763752	604.84796	585.3365	282.70978	128.19215	616.3649	175.08069	423.30548	188.87045	617.85736	152.41895	404.86072	172.08466	616.19354	196.42952	1000.0	473.7	697.5	659.7	859999	110.30447	16.599161	133.0036	-35.66219	110.30492	16.593988	139.9541	-16.64486	-2.9540374	1.6934378	22.607796	-13.204521	-110.95235	1.7879225	21085.710144996643
216	586.5905	16.439775	613.0842	570.698	634.98706	11.078883	655.90594	618.79956	629.0309	14.097598	654.6781	598.03	633.1169	14.559173	653.29596	614.9	1000.0	1000.0	1000.0	1000.0	863999	110.33033	16.48523	123.26402	-29.549362	110.33104	16.481203	123.31167	-10.738683	-2.936117	1.700492	24.267002	-15.45686	-110.97565	2.0720646	21198.87476849556
217	587.15	8.997536	596.92444	577.51154	572.7127	188.39827	698.17993	191.06264	564.76135	186.34364	701.6577	169.37225	525.17737	187.49985	685.19836	182.34033	1000.0	852.9	851.8	810.6	867999	110.18062	16.854012	122.81362	-33.99013	110.18011	16.850397	122.951904	-10.029613	-2.9069965	1.6869037	20.688473	-13.730434	-110.81222	2.0392146	21304.178374052048
218	583.3769	9.006631	597.55225	572.81244	648.11316	113.340324	697.81384	308.46417	676.27405	28.185732	709.16565	628.362	651.2196	22.502756	702.26416	629.8697	1000.0	945.7	1000.0	1000.0	871999	110.1929	17.043112	123.32179	-54.295715	110.19216	17.039976	123.24906	-14.481302	-2.9456418	1.6729864	22.849016	-15.070406	-110.83472	1.765307	21414.656929016113
219	485.35992	191.94907	599.6539	101.98926	601.9733	113.07766	722.76886	353.12482	629.88043	102.26051	704.7344	333.5629	655.12683	23.991861	700.0729	627.90643	829.8	913.5	948.3	1000.0	875999	110.27898	16.681843	122.59162	-17.287086	110.27957	16.67838	122.84786	-22.897284	-2.9746013	1.6501188	19.351152	-12.687855	-110.92275	1.8995017	21523.62446975708
220	593.7445	12.322243	613.0848	579.9479	530.3749	68.42375	652.25916	392.76938	504.81992	128.38564	722.4797	278.12445	325.8267	100.72456	549.7358	216.49123	1000.0	800.3	780.0	473.2	879999	110.30912	16.434008	128.8383	-23.660103	110.30978	16.431612	129.47734	-9.340328	-2.9859257	1.6607219	26.893822	-13.121408	-110.957565	1.7904148	21620.818848609924
221	591.8126	21.342985	628.28784	576.52686	528.7654	88.49837	646.4325	426.3063	520.0947	131.39621	653.0685	257.93906	519.13556	87.41329	660.071	380.4566	1000.0	803.4	781.3	754.6	883999	110.32538	16.256964	141.01614	-33.202644	110.32544	16.25267	140.36589	-16.053192	-2.9946225	1.653499	20.41064	-12.923716	-110.96538	1.8573531	21724.84836292267
222	592.0342	3.0828779	595.1168	588.6085	424.59854	187.30563	684.59625	214.73723	425.59943	165.97873	682.2134	230.87437	393.3321	155.97412	702.01044	253.62817	1000.0	608.6	618.7	578.2	887999	110.36604	16.177797	144.07945	-22.956108	110.36696	16.175316	142.18132	-13.655685	-2.9853718	1.6516718	25.648945	-13.183458	-111.00061	1.9293232	21820.00402021408
223	582.5045	5.2153473	588.86755	576.3381	612.8209	87.495674	776.5263	498.35556	503.3069	142.07646	649.07275	284.12027	645.626	15.087334	669.7993	615.6362	1000.0	955.0	787.1	1000.0	891999	110.32754	16.05901	136.07799	-35.71378	110.32797	16.059662	136.11223	-15.630645	-2.9447882	1.6627887	24.350616	-12.777334	-110.95608	2.1616025	21929.116944551468
224	588.43494	5.9295754	598.5819	583.6006	258.1136	143.33873	543.6618	168.43022	328.37558	181.27786	627.64557	144.45982	361.23413	157.16058	557.23883	155.71918	1000.0	410.8	525.6	544.8	895999	110.30549	16.099722	153.00047	-13.323561	110.30582	16.096325	155.61423	-14.209139	-2.9186473	1.6801119	29.77224	-13.541933	-110.939735	2.2020805	22024.51087641716
225	591.5162	8.963722	601.2296	581.75555	197.6888	78.56131	328.4344	121.29923	243.2037	61.345722	357.5838	167.62234	208.25723	71.86491	355.01227	115.18051	1000.0	324.4	418.6	345.3	899999	110.29904	16.133808	163.83183	-39.191338	110.30011	16.12969	163.60867	-10.270933	-2.9241571	1.6860114	22.84483	-11.798582	-110.92309	2.3218002	22108.873853206635
226	585.157	6.877926	593.92535	578.0246	443.25015	195.94687	693.2216	191.50815	419.33707	175.07079	660.0746	209.72276	375.51334	69.08951	472.64755	257.08975	1000.0	654.8	667.6	571.8	903999	110.26147	16.181486	157.98784	-52.46885	110.26228	16.175203	161.93085	-26.561766	-2.9254234	1.6335489	24.036348	-13.788703	-110.8918	2.2281065	22206.647711515427
227	590.3567	3.9692934	596.3771	586.25555	390.39264	114.48019	606.5163	259.8869	412.138	143.24387	631.87335	262.29605	375.59586	121.571396	661.12305	266.18204	1000.0	564.2	595.1	537.6	907999	110.12441	16.347765	154.80011	-56.610382	110.12418	16.347149	162.55713	-86.06329	-2.916797	1.6560011	22.61297	-13.084394	-110.74476	2.3365362	22303.523559093475
228	588.6006	11.501727	607.22174	575.7233	165.8475	22.505426	198.43962	124.09457	303.5689	161.58308	564.5866	116.621574	206.4415	61.15121	329.45236	142.81157	1000.0	261.0	524.6	310.1	911999	110.1378	16.123642	162.38988	-20.976345	110.13687	16.122025	159.67322	-12.985815	-2.9387097	1.652559	21.745106	-12.815603	-110.77003	1.665228	22391.603227853775
229	605.00195	14.130076	626.1269	591.31213	297.63443	88.17321	500.7628	235.82161	322.7924	88.20127	516.47406	227.306	377.49265	90.73634	499.5765	226.70099	1000.0	417.7	461.8	551.3	915999	110.02929	16.25127	164.6038	-50.52078	110.03008	16.248425	163.62787	-17.697395	-2.977048	1.6222745	24.92631	-13.363256	-110.63847	2.513725	22488.340785741806
230	589.0995	3.23111	591.2491	583.5127	258.69717	103.847824	530.6676	174.35783	223.26408	44.650196	299.5005	160.32321	248.29048	61.220085	340.07126	169.56805	1000.0	406.4	346.1	382.2	919999	109.94953	16.594755	150.84666	-19.258478	109.94978	16.600948	146.94838	-35.19048	-2.968333	1.6452125	20.449259	-13.7602215	-110.576035	2.0832846	22575.425527334213
231	587.522	4.3271356	593.16974	581.8811	288.77576	67.11628	390.25876	182.4269	374.18564	141.56534	598.31586	196.35052	219.14648	76.419174	357.3097	155.66856	1000.0	469.0	638.5	341.3	923999	109.94776	16.472845	152.57678	-67.96677	109.94751	16.47176	156.83533	-13.952305	-2.9628859	1.6534997	22.92845	-12.148474	-110.568756	2.2419336	22666.036575317383
232	601.7504	22.766066	637.8081	575.4128	329.70123	125.26558	464.35913	156.02248	311.36676	177.9843	644.48425	146.16203	248.12859	101.34352	415.2572	149.94173	1000.0	479.5	527.2	383.5	927999	109.87085	16.129646	159.33957	-53.04704	109.87048	16.12858	160.34433	-18.583921	-2.9393556	1.6907705	24.983822	-13.438506	-110.479774	2.439598	22759.503925800323
233	599.4667	13.3010645	620.7412	584.121	178.93887	11.627243	199.81995	163.2066	354.71802	176.22392	657.12946	166.4554	193.4989	55.31968	354.8229	160.03249	1000.0	293.1	568.2	302.0	931999	109.87933	16.216291	174.50127	-41.051956	109.87911	16.218939	173.75539	-28.498434	-2.9622943	1.6632891	25.26469	-14.888445	-110.48864	2.2871792	22848.4906373024
234	599.7371	4.503527	605.20416	592.7983	321.62054	113.381256	560.6535	203.28017	413.03802	155.82857	665.88055	230.8257	348.72083	140.26474	598.65894	204.18005	1000.0	464.6	633.9	505.7	935999	109.85705	16.304234	170.03111	-18.78683	109.85749	16.306725	165.61229	-20.202477	-2.9818969	1.6253918	20.896845	-12.236668	-110.46447	2.3736148	22943.862337589264
235	591.6424	7.757574	600.2814	579.6789	414.4161	209.56383	719.6399	225.77037	440.38705	180.08876	726.1253	195.29526	415.94562	188.84882	672.0304	228.36589	1000.0	575.3	709.4	633.0	939999	109.87431	16.308958	156.71605	-54.12083	109.87455	16.311016	157.18721	-54.82881	-2.9881434	1.6148704	21.982597	-13.720116	-110.47864	2.3835666	23042.431433916092
236	590.17773	8.776013	602.5735	579.7375	372.42853	91.255005	525.8645	267.20944	430.42914	129.10326	658.04694	253.72702	399.5167	56.409977	479.104	258.93658	1000.0	597.4	662.7	618.3	943999	109.82369	16.295229	161.30205	-29.576363	109.82386	16.297976	161.15813	-30.055832	-2.9702003	1.6387589	20.292288	-13.155804	-110.437096	2.0100203	23140.352952957153
237	571.0491	2.588007	574.4474	567.18634	330.3809	97.031105	540.17017	154.18039	433.63605	90.14373	607.816	280.98532	254.92627	73.95261	386.63373	176.13385	1000.0	534.7	676.3	411.0	947999	109.85528	16.127478	161.52728	-34.056507	109.85472	16.128675	157.40169	-22.196129	-3.0089056	1.6224666	24.254488	-16.459562	-110.4737	2.173099	23234.4382045269
238	584.54364	1.6985238	586.7003	582.5743	276.05472	84.338684	488.4646	187.50554	345.70953	158.11377	606.2842	201.4716	285.3084	105.23802	477.29535	193.58957	1000.0	415.6	534.8	433.0	951999	109.94494	15.738884	154.05263	-14.094629	109.94595	15.742239	154.76627	-15.632592	-2.9742029	1.6589127	23.244612	-14.598114	-110.55272	2.4901829	23324.2764108181
239	588.27997	20.362665	623.16675	573.8774	270.75604	56.79351	384.26266	169.96825	374.0038	104.79371	509.13126	188.27106	211.09016	83.15647	390.73996	152.24313	1000.0	448.5	652.1	346.1	955999	109.9007	15.931999	149.76454	-26.211308	109.90108	15.933618	148.9269	-23.937885	-2.9570477	1.6605393	28.063536	-12.671261	-110.51711	2.3465652	23414.762939453125
240	594.22095	13.639126	615.6344	579.97687	448.9266	87.028854	628.16223	353.6517	452.2797	191.71066	642.1884	180.87187	493.8204	111.98446	629.5896	347.92148	1000.0	691.2	703.8	769.9	959999	109.99514	15.692746	145.658	-10.494246	109.99585	15.6965065	142.91563	-8.969588	-2.994533	1.6616976	28.365963	-13.343306	-110.60979	2.2418911	23519.996639490128
241	589.0082	5.5809083	596.31696	580.6089	276.69183	65.05197	397.39145	208.42992	320.362	71.068665	420.321	214.94823	304.65274	62.19034	427.0622	241.66954	1000.0	406.2	505.5	527.2	963999	110.03343	15.848216	145.89409	-51.82769	110.03473	15.850041	148.00002	-19.582449	-2.9821832	1.6486181	22.98519	-12.022705	-110.63338	2.4515452	23611.48480939865
242	590.1358	6.3848305	599.7908	583.1665	355.38998	103.15647	539.50604	258.8264	340.98663	120.93167	697.798	262.6818	333.0572	99.51906	511.92322	246.54657	1000.0	515.2	499.6	481.3	967999	109.96565	16.15187	144.49103	-10.884033	109.96519	16.161959	146.83226	-15.798569	-2.982041	1.663785	20.274277	-12.716757	-110.57636	2.0197887	23704.643333673477
243	586.58673	7.043667	594.32355	575.7437	327.9074	156.66223	621.67285	212.71652	355.917	140.75201	551.8613	200.31276	407.23166	199.29257	677.01575	201.2348	1000.0	492.7	538.7	600.8	971999	110.00927	15.815264	147.86638	-13.461112	110.0092	15.821247	152.90167	-9.218862	-2.9550302	1.6828436	20.272806	-14.194466	-110.6123	2.140883	23799.44436788559
244	579.63745	4.1748886	583.80963	573.70844	288.03467	93.124306	448.6926	157.32095	362.71634	98.09531	523.9092	165.41507	263.31488	44.774315	383.14194	211.08067	1000.0	508.8	627.2	446.2	975999	109.96147	15.780637	161.22975	-13.090775	109.96241	15.785342	165.75128	-10.63379	-2.968598	1.691888	25.089586	-12.957989	-110.57491	1.8710737	23891.283277750015
245	583.2841	13.977264	605.3572	567.9091	263.17593	78.16561	408.9937	164.00652	393.70132	177.20264	648.77734	176.81111	464.9383	172.9157	658.40735	210.72801	1000.0	419.8	644.8	743.5	979999	109.97533	15.764587	164.26564	-19.55746	109.9751	15.768436	163.43044	-18.924078	-2.9725127	1.629445	21.825228	-13.864295	-110.5653	2.2597044	23987.89727950096
246	590.2532	11.237159	605.29535	574.1743	441.76904	160.80057	656.7619	267.98697	343.8051	185.25554	632.868	165.67876	381.70102	173.38966	652.67645	200.9417	1000.0	735.8	554.8	626.5	983999	109.86763	15.937094	156.44879	-51.924515	109.86796	15.942868	153.42592	-15.485018	-3.008621	1.6080537	20.45796	-13.579842	-110.464714	1.9950317	24086.732997894287
247	587.09705	6.338064	594.9743	577.3768	591.7445	73.838844	693.71436	406.5785	521.1795	132.13655	698.79706	229.48	545.50366	74.45801	588.59607	356.84885	1000.0	971.1	876.7	946.6	987999	109.99476	15.556966	165.59834	-79.98235	109.99482	15.562788	168.83739	-15.8895	-2.9887016	1.6331363	19.268085	-13.863028	-110.59555	2.221186	24195.328558444977
248	581.4253	8.084992	592.98694	573.4108	327.8166	45.743076	401.49918	253.90973	481.39404	145.54332	583.01056	171.90422	416.37653	147.70432	615.82587	208.72609	1000.0	560.9	849.6	697.3	991999	109.95503	15.668827	177.32063	-21.809038	109.95412	15.674736	177.31104	-12.13248	-2.9791822	1.6851614	23.210135	-11.679794	-110.5545	2.1707647	24296.8868060112
249	579.6805	8.917697	587.28436	565.4429	614.7291	5.205934	627.829	608.4666	603.27386	47.09544	624.9712	462.2246	612.74225	9.056015	635.96674	604.27893	1000.0	1000.0	973.7	1000.0	995999	109.99304	15.503579	180.59572	-22.493425	109.99267	15.504012	183.45686	-14.450592	-3.0164397	1.6648574	23.52981	-11.99264	-110.58103	2.4885032	24409.75933074951
250	578.81946	8.7913885	590.06445	565.5958	558.204	104.18759	652.2262	305.0965	522.0625	138.09882	644.0132	179.30415	464.5522	129.58594	613.9845	287.1713	1000.0	920.3	850.9	774.7	999999	109.94773	15.522314	166.28511	-22.85138	109.94809	15.523028	162.56447	-26.914236	-3.0074708	1.6436707	21.435644	-13.458025	-110.53917	2.55135	24519.808867692947
